# unix_time, cycles_done, cur_path, paths_total, pending_total, pending_favs, map_size, unique_crashes, unique_hangs, max_depth, execs_per_sec, n_nodes, n_edges, chat_times
1768673829, 0, 0, 3, 3, 2, 0.58%, 0, 0, 2, 11.42, 11, 16, 0
1768673834, 0, 0, 7, 7, 2, 0.60%, 0, 0, 2, 14.01, 13, 20, 0
1768673839, 0, 0, 13, 13, 2, 0.61%, 0, 0, 2, 13.51, 13, 22, 0
1768673844, 0, 0, 16, 16, 2, 0.61%, 0, 0, 2, 12.62, 13, 22, 0
1768673849, 0, 0, 17, 17, 2, 0.61%, 0, 0, 2, 12.60, 13, 22, 0
1768673854, 0, 0, 18, 18, 2, 0.62%, 0, 0, 2, 12.44, 13, 22, 0
1768673860, 0, 0, 19, 19, 2, 0.62%, 0, 0, 2, 12.35, 13, 23, 0
1768673870, 0, 0, 21, 21, 2, 0.62%, 0, 0, 2, 12.83, 13, 23, 0
1768673880, 0, 0, 22, 22, 2, 0.63%, 0, 0, 2, 12.50, 13, 23, 0
1768673900, 0, 0, 23, 23, 2, 0.63%, 0, 0, 2, 12.39, 13, 25, 0
1768673906, 0, 0, 24, 24, 2, 0.64%, 0, 0, 2, 12.58, 13, 25, 0
1768673911, 0, 0, 28, 28, 2, 0.64%, 0, 0, 2, 12.05, 13, 28, 0
1768673916, 0, 0, 31, 31, 2, 0.64%, 0, 0, 2, 13.96, 13, 30, 0
1768673921, 0, 0, 36, 36, 2, 0.65%, 0, 0, 2, 13.72, 13, 31, 0
1768673926, 0, 0, 39, 39, 2, 0.65%, 0, 0, 2, 12.74, 13, 32, 0
1768673931, 0, 0, 40, 40, 2, 0.66%, 0, 0, 2, 13.22, 13, 32, 0
1768673936, 0, 0, 42, 42, 2, 0.66%, 0, 0, 2, 12.93, 13, 32, 0
1768673947, 0, 0, 44, 44, 2, 0.66%, 0, 0, 2, 13.12, 13, 34, 0
1768673952, 0, 0, 45, 45, 2, 0.66%, 0, 0, 2, 11.76, 13, 34, 0
1768673957, 0, 0, 46, 46, 2, 0.66%, 0, 0, 2, 12.86, 13, 34, 0
1768673962, 0, 0, 48, 48, 2, 0.66%, 0, 0, 2, 12.88, 13, 34, 0
1768673967, 0, 0, 49, 49, 2, 0.66%, 0, 0, 2, 11.74, 13, 35, 0
1768673972, 0, 0, 50, 50, 2, 0.66%, 0, 0, 2, 10.72, 13, 35, 0
1768673977, 0, 0, 53, 53, 2, 0.67%, 0, 0, 2, 10.21, 13, 43, 0
1768673982, 0, 0, 55, 55, 2, 0.67%, 0, 0, 2, 10.18, 13, 44, 0
1768673988, 0, 0, 59, 59, 2, 0.68%, 0, 0, 2, 8.83, 13, 46, 0
1768673993, 0, 0, 61, 61, 2, 0.68%, 0, 0, 2, 9.56, 13, 47, 0
1768673998, 0, 0, 64, 64, 2, 0.68%, 0, 0, 2, 8.96, 13, 49, 0
1768674003, 0, 0, 67, 67, 2, 0.68%, 0, 0, 2, 10.79, 13, 51, 0
