1777062837, 7, 28, 986, 976, 19, 7.84%, 0, 0, 3, 5.11, 16, 150, 10, 377, 116431, 40570, 0, 0.000, 0, 0, 0.820623, 1.000000, 81254, 0, 0, 1, 1, 0, 327, 5
1777062842, 7, 28, 986, 976, 19, 7.84%, 0, 0, 3, 5.15, 16, 150, 10, 377, 116431, 40570, 0, 0.000, 0, 0, 0.820672, 1.000000, 81281, 0, 0, 1, 1, 0, 328, 5
1777062847, 7, 28, 986, 976, 19, 7.84%, 0, 0, 3, 0.67, 16, 150, 10, 377, 116431, 40570, 0, 0.000, 0, 0, 0.820710, 1.000000, 81302, 0, 0, 1, 1, 0, 328, 5
1777062853, 7, 28, 986, 976, 19, 7.84%, 0, 0, 3, 5.01, 16, 150, 10, 377, 116431, 40570, 0, 0.000, 0, 0, 0.820759, 1.000000, 81329, 0, 0, 1, 1, 0, 328, 5
1777062858, 7, 28, 986, 976, 19, 7.84%, 0, 0, 3, 5.06, 16, 150, 10, 377, 116431, 40570, 0, 0.000, 0, 0, 0.820804, 1.000000, 81354, 0, 0, 1, 1, 0, 328, 5
1777062863, 7, 28, 986, 976, 19, 7.84%, 0, 0, 3, 5.46, 16, 150, 10, 377, 116431, 40570, 0, 0.000, 0, 0, 0.820857, 1.000000, 81383, 0, 0, 1, 1, 0, 328, 5
1777062868, 7, 28, 986, 976, 19, 7.84%, 0, 0, 3, 5.11, 16, 150, 10, 377, 116431, 40570, 0, 0.000, 0, 0, 0.820900, 1.000000, 81407, 0, 0, 1, 1, 0, 328, 5
1777062873, 7, 28, 986, 976, 19, 7.84%, 0, 0, 3, 5.22, 16, 150, 10, 377, 116431, 40570, 0, 0.000, 0, 0, 0.820950, 1.000000, 81435, 0, 0, 1, 1, 0, 328, 5
1777062878, 7, 28, 986, 976, 19, 7.84%, 0, 0, 3, 5.41, 16, 150, 10, 377, 116431, 40570, 0, 0.000, 0, 0, 0.820997, 1.000000, 81461, 0, 0, 1, 1, 0, 328, 5
1777062884, 7, 28, 986, 976, 19, 7.84%, 0, 0, 3, 5.60, 16, 150, 10, 377, 116431, 40570, 0, 0.000, 0, 0, 0.821051, 1.000000, 81491, 0, 0, 1, 1, 0, 329, 5
1777062889, 7, 28, 986, 976, 19, 7.84%, 0, 0, 3, 4.79, 16, 150, 10, 377, 116431, 40570, 0, 0.000, 0, 0, 0.821088, 1.000000, 81511, 0, 0, 1, 1, 0, 329, 5
1777062894, 7, 28, 986, 976, 19, 7.84%, 0, 0, 3, 5.21, 16, 150, 10, 377, 116431, 40570, 0, 0.000, 0, 0, 0.821140, 1.000000, 81540, 0, 0, 1, 1, 0, 329, 5
1777062899, 7, 28, 986, 976, 19, 7.84%, 0, 0, 3, 5.17, 16, 150, 10, 377, 116431, 40570, 0, 0.000, 0, 0, 0.821185, 1.000000, 81565, 0, 0, 1, 1, 0, 329, 5
1777062904, 7, 28, 986, 976, 19, 7.84%, 0, 0, 3, 5.15, 16, 150, 10, 377, 116431, 40570, 0, 0.000, 0, 0, 0.821235, 1.000000, 81593, 0, 0, 1, 1, 0, 329, 5
1777062910, 7, 28, 986, 976, 19, 7.84%, 0, 0, 3, 5.12, 16, 150, 10, 377, 116431, 40570, 0, 0.000, 0, 0, 0.821280, 1.000000, 81618, 0, 0, 1, 1, 0, 329, 5
1777062915, 7, 28, 986, 976, 19, 7.84%, 0, 0, 3, 5.30, 16, 150, 10, 377, 116431, 40570, 0, 0.000, 0, 0, 0.821329, 1.000000, 81645, 0, 0, 1, 1, 0, 329, 5
1777062920, 7, 28, 986, 976, 19, 7.84%, 0, 0, 3, 5.19, 16, 150, 10, 377, 116431, 40570, 0, 0.000, 0, 0, 0.821372, 1.000000, 81669, 0, 0, 1, 1, 0, 330, 5
1777062925, 7, 28, 986, 976, 19, 7.84%, 0, 0, 3, 5.34, 16, 150, 10, 377, 116431, 40570, 0, 0.000, 0, 0, 0.821422, 1.000000, 81697, 0, 0, 1, 1, 0, 330, 5
1777062930, 7, 28, 986, 976, 19, 7.84%, 0, 0, 3, 5.41, 16, 150, 10, 377, 116431, 40570, 0, 0.000, 0, 0, 0.821458, 1.000000, 81717, 0, 0, 1, 1, 0, 330, 5
1777062935, 7, 28, 986, 976, 19, 7.84%, 0, 0, 3, 5.33, 16, 150, 10, 377, 116431, 40570, 0, 0.000, 0, 0, 0.821508, 1.000000, 81745, 0, 0, 1, 1, 0, 330, 5
1777062941, 7, 28, 986, 976, 19, 7.84%, 0, 0, 3, 5.21, 16, 150, 10, 377, 116431, 40570, 0, 0.000, 0, 0, 0.821551, 1.000000, 81769, 0, 0, 1, 1, 0, 330, 5
1777062946, 7, 28, 986, 976, 19, 7.84%, 0, 0, 3, 5.30, 16, 150, 10, 377, 116431, 40570, 0, 0.000, 0, 0, 0.821601, 1.000000, 81797, 0, 0, 1, 1, 0, 330, 5
1777062951, 7, 28, 986, 976, 19, 7.84%, 0, 0, 3, 5.11, 16, 150, 10, 377, 116431, 40570, 0, 0.000, 0, 0, 0.821644, 1.000000, 81821, 0, 0, 1, 1, 0, 330, 5
1777062956, 7, 28, 986, 976, 19, 7.84%, 0, 0, 3, 5.20, 16, 150, 10, 377, 116431, 40570, 0, 0.000, 0, 0, 0.821693, 1.000000, 81848, 0, 0, 1, 1, 0, 330, 5
1777062961, 7, 28, 986, 976, 19, 7.84%, 0, 0, 3, 5.10, 16, 150, 10, 377, 116431, 40570, 0, 0.000, 0, 0, 0.821734, 1.000000, 81871, 0, 0, 1, 1, 0, 331, 5
1777062966, 7, 28, 986, 976, 19, 7.84%, 0, 0, 3, 5.22, 16, 150, 10, 377, 116431, 40570, 0, 0.000, 0, 0, 0.821784, 1.000000, 81899, 0, 0, 1, 1, 0, 331, 5
1777062971, 7, 28, 986, 976, 19, 7.84%, 0, 0, 3, 5.09, 16, 150, 10, 377, 116431, 40570, 0, 0.000, 0, 0, 0.821820, 1.000000, 81919, 0, 0, 1, 1, 0, 331, 5
1777062976, 7, 28, 986, 976, 19, 7.84%, 0, 0, 3, 5.41, 16, 150, 10, 377, 116431, 40570, 0, 0.000, 0, 0, 0.821870, 1.000000, 81947, 0, 0, 1, 1, 0, 331, 5
1777062982, 7, 28, 986, 976, 19, 7.84%, 0, 0, 3, 5.24, 16, 150, 10, 377, 116431, 40570, 0, 0.000, 0, 0, 0.821913, 1.000000, 81971, 0, 0, 1, 1, 0, 331, 5
1777062987, 7, 28, 986, 976, 19, 7.84%, 0, 0, 3, 5.26, 16, 150, 10, 377, 116431, 40570, 0, 0.000, 0, 0, 0.821963, 1.000000, 81999, 0, 0, 1, 1, 0, 331, 5
1777062992, 7, 28, 986, 976, 19, 7.84%, 0, 0, 3, 5.28, 16, 150, 10, 377, 116431, 40570, 0, 0.000, 0, 0, 0.822009, 1.000000, 82025, 0, 0, 1, 1, 0, 331, 5
1777062998, 7, 28, 986, 976, 19, 7.84%, 0, 0, 3, 5.06, 16, 150, 10, 377, 116431, 40570, 0, 0.000, 0, 0, 0.822057, 1.000000, 82052, 0, 0, 1, 1, 0, 331, 5
1777063003, 7, 28, 986, 976, 19, 7.84%, 0, 0, 3, 5.31, 16, 150, 10, 377, 116431, 40570, 0, 0.000, 0, 0, 0.822109, 1.000000, 82081, 0, 0, 1, 1, 0, 332, 5
1777063009, 7, 28, 986, 976, 19, 7.84%, 0, 0, 3, 0.66, 16, 150, 10, 377, 116431, 40570, 0, 0.000, 0, 0, 0.822146, 1.000000, 82102, 0, 0, 1, 1, 0, 332, 5
1777063014, 7, 28, 986, 976, 19, 7.84%, 0, 0, 3, 5.20, 16, 150, 10, 377, 116431, 40570, 0, 0.000, 0, 0, 0.822194, 1.000000, 82129, 0, 0, 1, 1, 0, 332, 5
1777063019, 7, 28, 986, 976, 19, 7.84%, 0, 0, 3, 5.15, 16, 150, 10, 377, 116431, 40570, 0, 0.000, 0, 0, 0.822239, 1.000000, 82154, 0, 0, 1, 1, 0, 332, 5
1777063024, 7, 28, 986, 976, 19, 7.84%, 0, 0, 3, 5.25, 16, 150, 10, 377, 116431, 40570, 0, 0.000, 0, 0, 0.822287, 1.000000, 82181, 0, 0, 1, 1, 0, 332, 5
1777063029, 7, 28, 986, 976, 19, 7.84%, 0, 0, 3, 5.05, 16, 150, 10, 377, 116431, 40570, 0, 0.000, 0, 0, 0.822330, 1.000000, 82205, 0, 0, 1, 1, 0, 332, 5
1777063034, 7, 28, 986, 976, 19, 7.84%, 0, 0, 3, 5.17, 16, 150, 10, 377, 116431, 40570, 0, 0.000, 0, 0, 0.822378, 1.000000, 82232, 0, 0, 1, 1, 0, 332, 5
1777063039, 7, 28, 986, 976, 19, 7.84%, 0, 0, 3, 5.66, 16, 150, 10, 377, 116431, 40570, 0, 0.000, 0, 0, 0.822420, 1.000000, 82256, 0, 0, 1, 1, 0, 332, 5
1777063044, 7, 28, 986, 976, 19, 7.84%, 0, 0, 3, 5.39, 16, 150, 10, 377, 116431, 40570, 0, 0.000, 0, 0, 0.822468, 1.000000, 82283, 0, 0, 1, 1, 0, 333, 5
1777063049, 7, 28, 986, 976, 19, 7.84%, 0, 0, 3, 5.29, 16, 150, 10, 377, 116431, 40570, 0, 0.000, 0, 0, 0.822505, 1.000000, 82304, 0, 0, 1, 1, 0, 333, 5
1777063054, 7, 28, 986, 976, 19, 7.84%, 0, 0, 3, 5.34, 16, 150, 10, 377, 116431, 40570, 0, 0.000, 0, 0, 0.822553, 1.000000, 82331, 0, 0, 1, 1, 0, 333, 5
1777063059, 7, 28, 986, 976, 19, 7.84%, 0, 0, 3, 5.26, 16, 150, 10, 377, 116431, 40570, 0, 0.000, 0, 0, 0.822599, 1.000000, 82357, 0, 0, 1, 1, 0, 333, 5
1777063065, 7, 28, 986, 976, 19, 7.84%, 0, 0, 3, 5.17, 16, 150, 10, 377, 116431, 40570, 0, 0.000, 0, 0, 0.822645, 1.000000, 82383, 0, 0, 1, 1, 0, 333, 5
1777063070, 7, 28, 986, 976, 19, 7.84%, 0, 0, 3, 5.15, 16, 150, 10, 377, 116431, 40570, 0, 0.000, 0, 0, 0.822691, 1.000000, 82409, 0, 0, 1, 1, 0, 333, 5
1777063075, 7, 28, 986, 976, 19, 7.84%, 0, 0, 3, 5.30, 16, 150, 10, 377, 116431, 40570, 0, 0.000, 0, 0, 0.822741, 1.000000, 82437, 0, 0, 1, 1, 0, 333, 5
1777063080, 7, 28, 986, 976, 19, 7.84%, 0, 0, 3, 5.09, 16, 150, 10, 377, 116431, 40570, 0, 0.000, 0, 0, 0.822783, 1.000000, 82461, 0, 0, 1, 1, 0, 333, 5
1777063086, 7, 28, 986, 976, 19, 7.84%, 0, 0, 3, 5.29, 16, 150, 10, 377, 116431, 40570, 0, 0.000, 0, 0, 0.822833, 1.000000, 82489, 0, 0, 1, 1, 0, 334, 5
1777063091, 7, 28, 986, 976, 19, 7.84%, 0, 0, 3, 5.13, 16, 150, 10, 377, 116431, 40570, 0, 0.000, 0, 0, 0.822868, 1.000000, 82509, 0, 0, 1, 1, 0, 334, 5
1777063096, 7, 28, 986, 976, 19, 7.84%, 0, 0, 3, 5.27, 16, 150, 10, 377, 116431, 40570, 0, 0.000, 0, 0, 0.822918, 1.000000, 82537, 0, 0, 1, 1, 0, 334, 5
1777063101, 7, 28, 986, 976, 19, 7.84%, 0, 0, 3, 5.02, 16, 150, 10, 377, 116431, 40570, 0, 0.000, 0, 0, 0.822958, 1.000000, 82560, 0, 0, 1, 1, 0, 334, 5
1777063106, 7, 28, 986, 976, 19, 7.84%, 0, 0, 3, 5.14, 16, 150, 10, 377, 116431, 40570, 0, 0.000, 0, 0, 0.823006, 1.000000, 82587, 0, 0, 1, 1, 0, 334, 5
1777063111, 7, 28, 986, 976, 19, 7.84%, 0, 0, 3, 4.99, 16, 150, 10, 377, 116431, 40570, 0, 0.000, 0, 0, 0.823048, 1.000000, 82611, 0, 0, 1, 1, 0, 334, 5
1777063116, 7, 28, 986, 976, 19, 7.84%, 0, 0, 3, 5.22, 16, 150, 10, 377, 116431, 40570, 0, 0.000, 0, 0, 0.823098, 1.000000, 82639, 0, 0, 1, 1, 0, 334, 5
1777063122, 7, 28, 986, 976, 19, 7.84%, 0, 0, 3, 2.50, 16, 150, 10, 377, 116431, 40570, 0, 0.000, 0, 0, 0.823140, 1.000000, 82663, 0, 0, 1, 1, 0, 334, 5
1777063127, 7, 28, 986, 976, 19, 7.84%, 0, 0, 3, 4.26, 16, 150, 10, 377, 116431, 40570, 0, 0.000, 0, 0, 0.823187, 1.000000, 82690, 0, 0, 1, 1, 0, 335, 5
1777063132, 7, 28, 986, 976, 19, 7.84%, 0, 0, 3, 5.04, 16, 150, 10, 377, 116431, 40570, 0, 0.000, 0, 0, 0.823224, 1.000000, 82711, 0, 0, 1, 1, 0, 335, 5
1777063137, 7, 28, 986, 976, 19, 7.84%, 0, 0, 3, 5.17, 16, 150, 10, 377, 116431, 40570, 0, 0.000, 0, 0, 0.823274, 1.000000, 82739, 0, 0, 1, 1, 0, 335, 5
1777063142, 7, 28, 986, 976, 19, 7.84%, 0, 0, 3, 5.16, 16, 150, 10, 377, 116431, 40570, 0, 0.000, 0, 0, 0.823319, 1.000000, 82765, 0, 0, 1, 1, 0, 335, 5
1777063148, 7, 28, 986, 976, 19, 7.84%, 0, 0, 3, 5.16, 16, 150, 10, 377, 116431, 40570, 0, 0.000, 0, 0, 0.823367, 1.000000, 82792, 0, 0, 1, 1, 0, 335, 5
1777063153, 7, 28, 986, 976, 19, 7.84%, 0, 0, 3, 5.02, 16, 150, 10, 377, 116431, 40570, 0, 0.000, 0, 0, 0.823411, 1.000000, 82817, 0, 0, 1, 1, 0, 335, 5
1777063158, 7, 28, 986, 976, 19, 7.84%, 0, 0, 3, 5.06, 16, 150, 10, 377, 116431, 40570, 0, 0.000, 0, 0, 0.823458, 1.000000, 82844, 0, 0, 1, 1, 0, 335, 5
1777063163, 7, 28, 986, 976, 19, 7.84%, 0, 0, 3, 5.01, 16, 150, 10, 377, 116431, 40570, 0, 0.000, 0, 0, 0.823498, 1.000000, 82867, 0, 0, 1, 1, 0, 336, 5
1777063168, 7, 28, 986, 976, 19, 7.84%, 0, 0, 3, 5.25, 16, 150, 10, 377, 116431, 40570, 0, 0.000, 0, 0, 0.823548, 1.000000, 82895, 0, 0, 1, 1, 0, 336, 5
1777063174, 7, 28, 986, 976, 19, 7.84%, 0, 0, 3, 5.45, 16, 150, 10, 377, 116431, 40570, 0, 0.000, 0, 0, 0.823583, 1.000000, 82915, 0, 0, 1, 1, 0, 336, 5
1777063179, 7, 28, 986, 976, 19, 7.84%, 0, 0, 3, 5.31, 16, 150, 10, 377, 116431, 40570, 0, 0.000, 0, 0, 0.823632, 1.000000, 82943, 0, 0, 1, 1, 0, 336, 5
1777063184, 7, 28, 987, 977, 19, 7.84%, 0, 0, 3, 5.16, 16, 150, 10, 377, 116431, 40570, 0, 0.000, 0, 0, 0.823660, 1.000000, 82959, 0, 0, 1, 1, 0, 336, 5
1777063189, 7, 28, 987, 977, 19, 7.84%, 0, 0, 3, 5.23, 16, 150, 10, 377, 116431, 40570, 0, 0.000, 0, 0, 0.823707, 1.000000, 82986, 0, 0, 1, 1, 0, 336, 5
1777063194, 7, 28, 987, 977, 19, 7.84%, 0, 0, 3, 5.07, 16, 150, 10, 377, 116431, 40570, 0, 0.000, 0, 0, 0.823751, 1.000000, 83011, 0, 0, 1, 1, 0, 336, 5
1777063200, 7, 28, 987, 977, 19, 7.84%, 0, 0, 3, 5.30, 16, 150, 10, 377, 116431, 40570, 0, 0.000, 0, 0, 0.823800, 1.000000, 83039, 0, 0, 1, 1, 0, 336, 5
1777063205, 7, 28, 987, 977, 19, 7.84%, 0, 0, 3, 5.18, 16, 150, 10, 377, 116431, 40570, 0, 0.000, 0, 0, 0.823842, 1.000000, 83063, 0, 0, 1, 1, 0, 336, 5
1777063210, 7, 28, 987, 977, 19, 7.84%, 0, 0, 3, 5.11, 16, 150, 10, 377, 116431, 40570, 0, 0.000, 0, 0, 0.823887, 1.000000, 83089, 0, 0, 1, 1, 0, 336, 5
1777063215, 7, 28, 987, 977, 19, 7.84%, 0, 0, 3, 5.03, 16, 150, 10, 377, 116431, 40570, 0, 0.000, 0, 0, 0.823922, 1.000000, 83109, 0, 0, 1, 1, 0, 336, 5
1777063220, 7, 28, 987, 977, 19, 7.84%, 0, 0, 3, 5.26, 16, 150, 10, 377, 116431, 40570, 0, 0.000, 0, 0, 0.823971, 1.000000, 83137, 0, 0, 1, 1, 0, 336, 5
1777063225, 7, 28, 987, 977, 19, 7.84%, 0, 0, 3, 5.19, 16, 150, 10, 377, 116431, 40570, 0, 0.000, 0, 0, 0.824013, 1.000000, 83161, 0, 0, 1, 1, 0, 337, 5
1777063230, 7, 28, 987, 977, 19, 7.84%, 0, 0, 3, 5.23, 16, 150, 10, 377, 116431, 40570, 0, 0.000, 0, 0, 0.824061, 1.000000, 83189, 0, 0, 1, 1, 0, 337, 5
1777063236, 7, 28, 987, 977, 19, 7.84%, 0, 0, 3, 5.25, 16, 150, 10, 377, 116431, 40570, 0, 0.000, 0, 0, 0.824107, 1.000000, 83215, 0, 0, 1, 1, 0, 337, 5
1777063241, 7, 28, 987, 977, 19, 7.84%, 0, 0, 3, 5.33, 16, 150, 10, 377, 116431, 40570, 0, 0.000, 0, 0, 0.824155, 1.000000, 83243, 0, 0, 1, 1, 0, 337, 5
1777063246, 7, 28, 987, 977, 19, 7.84%, 0, 0, 3, 5.18, 16, 150, 10, 377, 116431, 40570, 0, 0.000, 0, 0, 0.824197, 1.000000, 83267, 0, 0, 1, 1, 0, 337, 5
1777063252, 7, 28, 987, 977, 19, 7.84%, 0, 0, 3, 0.67, 16, 150, 10, 377, 116431, 40570, 0, 0.000, 0, 0, 0.824244, 1.000000, 83294, 0, 0, 1, 1, 0, 337, 5
1777063258, 7, 28, 987, 977, 19, 7.84%, 0, 0, 3, 5.20, 16, 150, 10, 377, 116431, 40570, 0, 0.000, 0, 0, 0.824291, 1.000000, 83321, 0, 0, 1, 1, 0, 337, 5
1777063263, 7, 28, 987, 977, 19, 7.84%, 0, 0, 3, 5.08, 16, 150, 10, 377, 116431, 40570, 0, 0.000, 0, 0, 0.824335, 1.000000, 83346, 0, 0, 1, 1, 0, 337, 5
1777063268, 7, 28, 987, 977, 19, 7.84%, 0, 0, 3, 5.22, 16, 150, 10, 377, 116431, 40570, 0, 0.000, 0, 0, 0.824382, 1.000000, 83373, 0, 0, 1, 1, 0, 338, 5
1777063278, 8, 28, 987, 976, 18, 7.84%, 0, 0, 3, 0.19, 16, 150, 11, 378, 118657, 40676, 0, 0.000, 0, 0, 0.824421, 1.000000, 83396, 0, 0, 1, 1, 0, 338, 5
1777063283, 8, 28, 987, 976, 18, 7.84%, 0, 0, 3, 5.07, 16, 150, 11, 378, 118657, 40676, 0, 0.000, 0, 0, 0.824468, 1.000000, 83423, 0, 0, 1, 1, 0, 338, 5
1777063288, 8, 28, 987, 976, 18, 7.84%, 0, 0, 3, 4.98, 16, 150, 11, 378, 118657, 40676, 0, 0.000, 0, 0, 0.824510, 1.000000, 83447, 0, 0, 1, 1, 0, 338, 5
1777063293, 8, 28, 987, 976, 18, 7.84%, 0, 0, 3, 5.25, 16, 150, 11, 378, 118657, 40676, 0, 0.000, 0, 0, 0.824558, 1.000000, 83475, 0, 0, 1, 1, 0, 338, 5
1777063299, 8, 28, 987, 976, 18, 7.84%, 0, 0, 3, 5.33, 16, 150, 11, 378, 118657, 40676, 0, 0.000, 0, 0, 0.824595, 1.000000, 83496, 0, 0, 1, 1, 0, 338, 5
1777063304, 8, 28, 987, 976, 18, 7.84%, 0, 0, 3, 5.48, 16, 150, 11, 378, 118657, 40676, 0, 0.000, 0, 0, 0.824645, 1.000000, 83525, 0, 0, 1, 1, 0, 338, 5
1777063309, 8, 28, 987, 976, 18, 7.84%, 0, 0, 3, 5.13, 16, 150, 11, 378, 118657, 40676, 0, 0.000, 0, 0, 0.824688, 1.000000, 83550, 0, 0, 1, 1, 0, 338, 5
1777063314, 8, 28, 987, 976, 18, 7.84%, 0, 0, 3, 5.17, 16, 150, 11, 378, 118657, 40676, 0, 0.000, 0, 0, 0.824735, 1.000000, 83577, 0, 0, 1, 1, 0, 338, 5
1777063319, 8, 28, 987, 976, 18, 7.84%, 0, 0, 3, 5.04, 16, 150, 11, 378, 118657, 40676, 0, 0.000, 0, 0, 0.824777, 1.000000, 83601, 0, 0, 1, 1, 0, 339, 5
1777063325, 8, 28, 987, 976, 18, 7.84%, 0, 0, 3, 5.12, 16, 150, 11, 378, 118657, 40676, 0, 0.000, 0, 0, 0.824825, 1.000000, 83629, 0, 0, 1, 1, 0, 339, 5
1777063330, 8, 28, 987, 976, 18, 7.84%, 0, 0, 3, 5.17, 16, 150, 11, 378, 118657, 40676, 0, 0.000, 0, 0, 0.824868, 1.000000, 83654, 0, 0, 1, 1, 0, 339, 5
1777063335, 8, 28, 987, 976, 18, 7.84%, 0, 0, 3, 5.23, 16, 150, 11, 378, 118657, 40676, 0, 0.000, 0, 0, 0.824916, 1.000000, 83682, 0, 0, 1, 1, 0, 339, 5
1777063340, 8, 28, 987, 976, 18, 7.84%, 0, 0, 3, 5.04, 16, 150, 11, 378, 118657, 40676, 0, 0.000, 0, 0, 0.824951, 1.000000, 83702, 0, 0, 1, 1, 0, 339, 5
1777063345, 8, 28, 987, 976, 18, 7.84%, 0, 0, 3, 5.25, 16, 150, 11, 378, 118657, 40676, 0, 0.000, 0, 0, 0.824999, 1.000000, 83730, 0, 0, 1, 1, 0, 339, 5
1777063351, 8, 28, 987, 976, 18, 7.84%, 0, 0, 3, 5.17, 16, 150, 11, 378, 118657, 40676, 0, 0.000, 0, 0, 0.825042, 1.000000, 83755, 0, 0, 1, 1, 0, 339, 5
1777063356, 8, 28, 988, 977, 18, 7.85%, 0, 0, 3, 5.35, 16, 150, 11, 378, 118657, 40676, 0, 0.000, 0, 0, 0.825085, 0.806954, 83780, 0, 0, 1, 1, 0, 339, 5
1777063361, 8, 28, 988, 977, 18, 7.85%, 0, 0, 3, 5.28, 16, 150, 11, 378, 118657, 40676, 0, 0.000, 0, 0, 0.825120, 1.000000, 83800, 0, 0, 1, 1, 0, 339, 5
1777063366, 8, 28, 988, 977, 18, 7.85%, 0, 0, 3, 5.32, 16, 150, 11, 378, 118657, 40676, 0, 0.000, 0, 0, 0.825166, 1.000000, 83827, 0, 0, 1, 1, 0, 339, 5
1777063371, 8, 28, 988, 977, 18, 7.85%, 0, 0, 3, 5.17, 16, 150, 11, 378, 118657, 40676, 0, 0.000, 0, 0, 0.825208, 1.000000, 83851, 0, 0, 1, 1, 0, 339, 5
1777063376, 8, 28, 988, 977, 18, 7.85%, 0, 0, 3, 5.14, 16, 150, 11, 378, 118657, 40676, 0, 0.000, 0, 0, 0.825252, 1.000000, 83877, 0, 0, 1, 1, 0, 339, 5
1777063381, 8, 28, 988, 977, 18, 7.85%, 0, 0, 3, 4.89, 16, 150, 11, 378, 118657, 40676, 0, 0.000, 0, 0, 0.825287, 1.000000, 83897, 0, 0, 1, 1, 0, 339, 5
1777063386, 8, 28, 988, 977, 18, 7.85%, 0, 0, 3, 5.27, 16, 150, 11, 378, 118657, 40676, 0, 0.000, 0, 0, 0.825337, 1.000000, 83926, 0, 0, 1, 1, 0, 339, 5
1777063392, 8, 28, 988, 977, 18, 7.85%, 0, 0, 3, 5.05, 16, 150, 11, 378, 118657, 40676, 0, 0.000, 0, 0, 0.825376, 1.000000, 83949, 0, 0, 1, 1, 0, 339, 5
1777063397, 8, 28, 988, 977, 18, 7.85%, 0, 0, 3, 5.37, 16, 150, 11, 378, 118657, 40676, 0, 0.000, 0, 0, 0.825424, 1.000000, 83977, 0, 0, 1, 1, 0, 339, 5
1777063402, 8, 28, 988, 977, 18, 7.85%, 0, 0, 3, 5.12, 16, 150, 11, 378, 118657, 40676, 0, 0.000, 0, 0, 0.825465, 1.000000, 84001, 0, 0, 1, 1, 0, 340, 5
1777063407, 8, 28, 988, 977, 18, 7.85%, 0, 0, 3, 5.25, 16, 150, 11, 378, 118657, 40676, 0, 0.000, 0, 0, 0.825513, 1.000000, 84029, 0, 0, 1, 1, 0, 340, 5
1777063412, 8, 28, 988, 977, 18, 7.85%, 0, 0, 3, 4.97, 16, 150, 11, 378, 118657, 40676, 0, 0.000, 0, 0, 0.825551, 1.000000, 84051, 0, 0, 1, 1, 0, 340, 5
1777063417, 8, 28, 988, 977, 18, 7.85%, 0, 0, 3, 5.12, 16, 150, 11, 378, 118657, 40676, 0, 0.000, 0, 0, 0.825596, 1.000000, 84077, 0, 0, 1, 1, 0, 340, 5
1777063422, 8, 28, 988, 977, 18, 7.85%, 0, 0, 3, 4.92, 16, 150, 11, 378, 118657, 40676, 0, 0.000, 0, 0, 0.825628, 1.000000, 84096, 0, 0, 1, 1, 0, 340, 5
1777063427, 8, 28, 988, 977, 18, 7.85%, 0, 0, 3, 5.20, 16, 150, 11, 378, 118657, 40676, 0, 0.000, 0, 0, 0.825676, 1.000000, 84124, 0, 0, 1, 1, 0, 340, 5
1777063432, 8, 28, 988, 977, 18, 7.85%, 0, 0, 3, 5.18, 16, 150, 11, 378, 118657, 40676, 0, 0.000, 0, 0, 0.825719, 1.000000, 84149, 0, 0, 1, 1, 0, 340, 5
1777063437, 8, 28, 989, 978, 18, 7.85%, 0, 0, 3, 5.40, 16, 150, 11, 378, 118657, 40676, 0, 0.000, 0, 0, 0.825753, 1.000000, 84169, 0, 0, 1, 1, 0, 340, 5
1777063443, 8, 28, 989, 978, 18, 7.85%, 0, 0, 3, 5.27, 16, 150, 11, 378, 118657, 40676, 0, 0.000, 0, 0, 0.825797, 1.000000, 84195, 0, 0, 1, 1, 0, 340, 5
1777063448, 8, 28, 989, 978, 18, 7.85%, 0, 0, 3, 5.25, 16, 150, 11, 378, 118657, 40676, 0, 0.000, 0, 0, 0.825845, 1.000000, 84223, 0, 0, 1, 1, 0, 340, 5
1777063453, 8, 28, 989, 978, 18, 7.85%, 0, 0, 3, 5.10, 16, 150, 11, 378, 118657, 40676, 0, 0.000, 0, 0, 0.825886, 1.000000, 84247, 0, 0, 1, 1, 0, 340, 5
1777063458, 8, 28, 989, 978, 18, 7.85%, 0, 0, 3, 5.43, 16, 150, 11, 378, 118657, 40676, 0, 0.000, 0, 0, 0.825934, 1.000000, 84275, 0, 0, 1, 1, 0, 340, 5
1777063464, 8, 28, 989, 978, 18, 7.85%, 0, 0, 3, 4.83, 16, 150, 11, 378, 118657, 40676, 0, 0.000, 0, 0, 0.825972, 1.000000, 84297, 0, 0, 1, 1, 0, 340, 5
1777063469, 8, 28, 989, 978, 18, 7.85%, 0, 0, 3, 5.35, 16, 150, 11, 378, 118657, 40676, 0, 0.000, 0, 0, 0.826023, 1.000000, 84327, 0, 0, 1, 1, 0, 340, 5
1777063474, 8, 28, 989, 978, 18, 7.85%, 0, 0, 3, 5.23, 16, 150, 11, 378, 118657, 40676, 0, 0.000, 0, 0, 0.826064, 1.000000, 84351, 0, 0, 1, 1, 0, 340, 5
1777063479, 8, 28, 989, 978, 18, 7.85%, 0, 0, 3, 5.13, 16, 150, 11, 378, 118657, 40676, 0, 0.000, 0, 0, 0.826108, 1.000000, 84377, 0, 0, 1, 1, 0, 341, 5
1777063484, 8, 28, 989, 978, 18, 7.85%, 0, 0, 3, 5.06, 16, 150, 11, 378, 118657, 40676, 0, 0.000, 0, 0, 0.826150, 1.000000, 84402, 0, 0, 1, 1, 0, 341, 5
1777063490, 8, 28, 989, 978, 18, 7.85%, 0, 0, 3, 4.97, 16, 150, 11, 378, 118657, 40676, 0, 0.000, 0, 0, 0.826195, 1.000000, 84428, 0, 0, 1, 1, 0, 341, 5
1777063495, 8, 28, 989, 978, 18, 7.85%, 0, 0, 3, 5.38, 16, 150, 11, 378, 118657, 40676, 0, 0.000, 0, 0, 0.826244, 1.000000, 84457, 0, 0, 1, 1, 0, 341, 5
1777063500, 8, 28, 989, 978, 18, 7.85%, 0, 0, 3, 0.66, 16, 150, 11, 378, 118657, 40676, 0, 0.000, 0, 0, 0.826280, 1.000000, 84478, 0, 0, 1, 1, 0, 341, 5
1777063506, 8, 28, 989, 978, 18, 7.85%, 0, 0, 3, 5.15, 16, 150, 11, 378, 118657, 40676, 0, 0.000, 0, 0, 0.826327, 1.000000, 84506, 0, 0, 1, 1, 0, 341, 5
1777063511, 8, 28, 989, 978, 18, 7.85%, 0, 0, 3, 5.03, 16, 150, 11, 378, 118657, 40676, 0, 0.000, 0, 0, 0.826368, 1.000000, 84530, 0, 0, 1, 1, 0, 341, 5
1777063516, 8, 28, 989, 978, 18, 7.85%, 0, 0, 3, 5.17, 16, 150, 11, 378, 118657, 40676, 0, 0.000, 0, 0, 0.826414, 1.000000, 84557, 0, 0, 1, 1, 0, 341, 5
1777063521, 8, 28, 989, 978, 18, 7.85%, 0, 0, 3, 5.26, 16, 150, 11, 378, 118657, 40676, 0, 0.000, 0, 0, 0.826460, 1.000000, 84584, 0, 0, 1, 1, 0, 342, 5
1777063526, 8, 28, 989, 978, 18, 7.85%, 0, 0, 3, 5.16, 16, 150, 11, 378, 118657, 40676, 0, 0.000, 0, 0, 0.826505, 1.000000, 84611, 0, 0, 1, 1, 0, 342, 5
1777063532, 8, 28, 990, 979, 18, 7.85%, 0, 0, 3, 5.50, 16, 150, 11, 378, 118657, 40676, 0, 0.000, 0, 0, 0.826534, 0.713711, 84628, 0, 0, 1, 1, 0, 342, 5
1777063537, 8, 28, 990, 979, 18, 7.85%, 0, 0, 3, 5.43, 16, 150, 11, 378, 118657, 40676, 0, 0.000, 0, 0, 0.826576, 1.000000, 84653, 0, 0, 1, 1, 0, 342, 5
1777063542, 8, 28, 990, 979, 18, 7.85%, 0, 0, 3, 5.71, 16, 150, 11, 378, 118657, 40676, 0, 0.000, 0, 0, 0.826610, 1.000000, 84673, 0, 0, 1, 1, 0, 342, 5
1777063547, 8, 28, 990, 979, 18, 7.85%, 0, 0, 3, 5.58, 16, 150, 11, 378, 118657, 40676, 0, 0.000, 0, 0, 0.826661, 1.000000, 84703, 0, 0, 1, 1, 0, 342, 5
1777063553, 8, 28, 991, 980, 18, 7.85%, 0, 0, 3, 6.30, 16, 150, 11, 378, 118657, 40676, 0, 0.000, 0, 0, 0.826692, 1.000000, 84721, 0, 0, 1, 1, 0, 342, 5
1777063558, 8, 28, 991, 980, 18, 7.85%, 0, 0, 3, 5.54, 16, 150, 11, 378, 118657, 40676, 0, 0.000, 0, 0, 0.826737, 1.000000, 84748, 0, 0, 1, 1, 0, 342, 5
1777063563, 8, 28, 991, 980, 18, 7.85%, 0, 0, 3, 5.09, 16, 150, 11, 378, 118657, 40676, 0, 0.000, 0, 0, 0.826778, 1.000000, 84772, 0, 0, 1, 1, 0, 342, 5
1777063568, 8, 28, 991, 980, 18, 7.85%, 0, 0, 3, 4.98, 16, 150, 11, 378, 118657, 40676, 0, 0.000, 0, 0, 0.826823, 1.000000, 84799, 0, 0, 1, 1, 0, 342, 5
1777063573, 8, 28, 991, 980, 18, 7.85%, 0, 0, 3, 5.15, 16, 150, 11, 378, 118657, 40676, 0, 0.000, 0, 0, 0.826866, 1.000000, 84824, 0, 0, 1, 1, 0, 342, 5
1777063578, 8, 28, 991, 980, 18, 7.85%, 0, 0, 3, 5.35, 16, 150, 11, 378, 118657, 40676, 0, 0.000, 0, 0, 0.826913, 1.000000, 84852, 0, 0, 1, 1, 0, 342, 5
1777063584, 8, 28, 991, 980, 18, 7.85%, 0, 0, 3, 4.63, 16, 150, 11, 378, 118657, 40676, 0, 0.000, 0, 0, 0.826946, 1.000000, 84872, 0, 0, 1, 1, 0, 342, 5
1777063589, 8, 28, 991, 980, 18, 7.85%, 0, 0, 3, 5.11, 16, 150, 11, 378, 118657, 40676, 0, 0.000, 0, 0, 0.826994, 1.000000, 84900, 0, 0, 1, 1, 0, 342, 5
1777063594, 8, 28, 991, 980, 18, 7.85%, 0, 0, 3, 4.95, 16, 150, 11, 378, 118657, 40676, 0, 0.000, 0, 0, 0.827036, 1.000000, 84925, 0, 0, 1, 1, 0, 343, 5
1777063599, 8, 28, 991, 980, 18, 7.85%, 0, 0, 3, 5.09, 16, 150, 11, 378, 118657, 40676, 0, 0.000, 0, 0, 0.827081, 1.000000, 84952, 0, 0, 1, 1, 0, 343, 5
1777063605, 8, 28, 991, 980, 18, 7.85%, 0, 0, 3, 4.95, 16, 150, 11, 378, 118657, 40676, 0, 0.000, 0, 0, 0.827123, 1.000000, 84977, 0, 0, 1, 1, 0, 343, 5
1777063610, 8, 28, 991, 980, 18, 7.85%, 0, 0, 3, 5.06, 16, 150, 11, 378, 118657, 40676, 0, 0.000, 0, 0, 0.827167, 1.000000, 85003, 0, 0, 1, 1, 0, 343, 5
1777063615, 8, 28, 991, 980, 18, 7.85%, 0, 0, 3, 5.07, 16, 150, 11, 378, 118657, 40676, 0, 0.000, 0, 0, 0.827207, 1.000000, 85027, 0, 0, 1, 1, 0, 343, 5
1777063620, 8, 28, 991, 980, 18, 7.85%, 0, 0, 3, 5.40, 16, 150, 11, 378, 118657, 40676, 0, 0.000, 0, 0, 0.827256, 1.000000, 85056, 0, 0, 1, 1, 0, 343, 5
1777063625, 8, 28, 991, 980, 18, 7.85%, 0, 0, 3, 5.11, 16, 150, 11, 378, 118657, 40676, 0, 0.000, 0, 0, 0.827290, 1.000000, 85076, 0, 0, 1, 1, 0, 343, 5
1777063630, 8, 28, 991, 980, 18, 7.85%, 0, 0, 3, 5.37, 16, 150, 11, 378, 118657, 40676, 0, 0.000, 0, 0, 0.827338, 1.000000, 85105, 0, 0, 1, 1, 0, 343, 5
1777063636, 8, 28, 991, 980, 18, 7.85%, 0, 0, 3, 5.11, 16, 150, 11, 378, 118657, 40676, 0, 0.000, 0, 0, 0.827379, 1.000000, 85129, 0, 0, 1, 1, 0, 344, 5
1777063641, 8, 28, 991, 980, 18, 7.85%, 0, 0, 3, 5.27, 16, 150, 11, 378, 118657, 40676, 0, 0.000, 0, 0, 0.827426, 1.000000, 85157, 0, 0, 1, 1, 0, 344, 5
1777063646, 8, 28, 991, 980, 18, 7.85%, 0, 0, 3, 4.98, 16, 150, 11, 378, 118657, 40676, 0, 0.000, 0, 0, 0.827464, 1.000000, 85180, 0, 0, 1, 1, 0, 344, 5
1777063651, 8, 28, 991, 980, 18, 7.85%, 0, 0, 3, 5.29, 16, 150, 11, 378, 118657, 40676, 0, 0.000, 0, 0, 0.827513, 1.000000, 85209, 0, 0, 1, 1, 0, 344, 5
1777063657, 8, 28, 991, 980, 18, 7.85%, 0, 0, 3, 3.71, 16, 150, 11, 378, 118657, 40676, 0, 0.000, 0, 0, 0.827556, 1.000000, 85235, 0, 0, 1, 1, 0, 344, 5
1777063663, 8, 28, 991, 980, 18, 7.85%, 0, 0, 3, 0.66, 16, 150, 11, 378, 118657, 40676, 0, 0.000, 0, 0, 0.827602, 1.000000, 85262, 0, 0, 1, 1, 0, 344, 5
1777063668, 8, 28, 991, 980, 18, 7.85%, 0, 0, 3, 5.94, 16, 150, 11, 378, 118657, 40676, 0, 0.000, 0, 0, 0.827650, 1.000000, 85291, 0, 0, 1, 1, 0, 344, 5
1777063673, 8, 28, 991, 980, 18, 7.85%, 0, 0, 3, 5.35, 16, 150, 11, 378, 118657, 40676, 0, 0.000, 0, 0, 0.827692, 1.000000, 85316, 0, 0, 1, 1, 0, 345, 5
1777063678, 8, 28, 991, 980, 18, 7.85%, 0, 0, 3, 5.28, 16, 150, 11, 378, 118657, 40676, 0, 0.000, 0, 0, 0.827737, 1.000000, 85343, 0, 0, 1, 1, 0, 345, 5
1777063684, 8, 28, 991, 980, 18, 7.85%, 0, 0, 3, 5.17, 16, 150, 11, 378, 118657, 40676, 0, 0.000, 0, 0, 0.827780, 1.000000, 85369, 0, 0, 1, 1, 0, 345, 5
1777063689, 8, 28, 991, 980, 18, 7.85%, 0, 0, 3, 5.25, 16, 150, 11, 378, 118657, 40676, 0, 0.000, 0, 0, 0.827826, 1.000000, 85396, 0, 0, 1, 1, 0, 345, 5
1777063694, 8, 28, 991, 980, 18, 7.85%, 0, 0, 3, 4.96, 16, 150, 11, 378, 118657, 40676, 0, 0.000, 0, 0, 0.827866, 1.000000, 85420, 0, 0, 1, 1, 0, 345, 5
1777063699, 8, 28, 991, 980, 18, 7.85%, 0, 0, 3, 5.15, 16, 150, 11, 378, 118657, 40676, 0, 0.000, 0, 0, 0.827911, 1.000000, 85447, 0, 0, 1, 1, 0, 345, 5
1777063704, 8, 28, 991, 980, 18, 7.85%, 0, 0, 3, 5.19, 16, 150, 11, 378, 118657, 40676, 0, 0.000, 0, 0, 0.827947, 1.000000, 85469, 0, 0, 1, 1, 0, 345, 5
1777063710, 8, 28, 991, 980, 18, 7.85%, 0, 0, 3, 5.33, 16, 150, 11, 378, 118657, 40676, 0, 0.000, 0, 0, 0.827994, 1.000000, 85497, 0, 0, 1, 1, 0, 345, 5
1777063715, 8, 28, 991, 980, 18, 7.85%, 0, 0, 3, 5.11, 16, 150, 11, 378, 118657, 40676, 0, 0.000, 0, 0, 0.828034, 1.000000, 85521, 0, 0, 1, 1, 0, 346, 5
1777063720, 8, 28, 991, 980, 18, 7.85%, 0, 0, 3, 5.30, 16, 150, 11, 378, 118657, 40676, 0, 0.000, 0, 0, 0.828081, 1.000000, 85549, 0, 0, 1, 1, 0, 346, 5
1777063725, 8, 28, 991, 980, 18, 7.85%, 0, 0, 3, 4.90, 16, 150, 11, 378, 118657, 40676, 0, 0.000, 0, 0, 0.828119, 1.000000, 85572, 0, 0, 1, 1, 0, 346, 5
1777063730, 8, 28, 991, 980, 18, 7.85%, 0, 0, 3, 5.17, 16, 150, 11, 378, 118657, 40676, 0, 0.000, 0, 0, 0.828165, 1.000000, 85600, 0, 0, 1, 1, 0, 346, 5
1777063735, 8, 28, 991, 980, 18, 7.85%, 0, 0, 3, 2.28, 16, 150, 11, 378, 118657, 40676, 0, 0.000, 0, 0, 0.828202, 1.000000, 85622, 0, 0, 1, 1, 0, 346, 5
1777063740, 8, 28, 991, 980, 18, 7.85%, 0, 0, 3, 4.30, 16, 150, 11, 378, 118657, 40676, 0, 0.000, 0, 0, 0.828247, 1.000000, 85649, 0, 0, 1, 1, 0, 346, 5
1777063746, 8, 28, 991, 980, 18, 7.85%, 0, 0, 3, 5.10, 16, 150, 11, 378, 118657, 40676, 0, 0.000, 0, 0, 0.828280, 1.000000, 85669, 0, 0, 1, 1, 0, 346, 5
1777063751, 8, 28, 991, 980, 18, 7.85%, 0, 0, 3, 5.45, 16, 150, 11, 378, 118657, 40676, 0, 0.000, 0, 0, 0.828328, 1.000000, 85698, 0, 0, 1, 1, 0, 346, 5
1777063756, 8, 28, 991, 980, 18, 7.85%, 0, 0, 3, 5.27, 16, 150, 11, 378, 118657, 40676, 0, 0.000, 0, 0, 0.828370, 1.000000, 85723, 0, 0, 1, 1, 0, 347, 5
1777063761, 8, 28, 991, 980, 18, 7.85%, 0, 0, 3, 5.09, 16, 150, 11, 378, 118657, 40676, 0, 0.000, 0, 0, 0.828414, 1.000000, 85750, 0, 0, 1, 1, 0, 347, 5
1777063766, 8, 28, 991, 980, 18, 7.85%, 0, 0, 3, 5.02, 16, 150, 11, 378, 118657, 40676, 0, 0.000, 0, 0, 0.828456, 1.000000, 85775, 0, 0, 1, 1, 0, 347, 5
1777063772, 8, 28, 991, 980, 18, 7.85%, 0, 0, 3, 5.12, 16, 150, 11, 378, 118657, 40676, 0, 0.000, 0, 0, 0.828499, 1.000000, 85801, 0, 0, 1, 1, 0, 347, 5
1777063777, 8, 28, 991, 980, 18, 7.85%, 0, 0, 3, 4.89, 16, 150, 11, 378, 118657, 40676, 0, 0.000, 0, 0, 0.828537, 1.000000, 85824, 0, 0, 1, 1, 0, 347, 5
1777063782, 8, 28, 991, 980, 18, 7.85%, 0, 0, 3, 5.14, 16, 150, 11, 378, 118657, 40676, 0, 0.000, 0, 0, 0.828582, 1.000000, 85851, 0, 0, 1, 1, 0, 347, 5
1777063787, 8, 28, 991, 980, 18, 7.85%, 0, 0, 3, 5.61, 16, 150, 11, 378, 118657, 40676, 0, 0.000, 0, 0, 0.828615, 1.000000, 85871, 0, 0, 1, 1, 0, 347, 5
1777063792, 8, 28, 991, 980, 18, 7.85%, 0, 0, 3, 5.35, 16, 150, 11, 378, 118657, 40676, 0, 0.000, 0, 0, 0.828661, 1.000000, 85899, 0, 0, 1, 1, 0, 347, 5
1777063797, 8, 28, 991, 980, 18, 7.85%, 0, 0, 3, 5.02, 16, 150, 11, 378, 118657, 40676, 0, 0.000, 0, 0, 0.828701, 1.000000, 85923, 0, 0, 1, 1, 0, 348, 5
1777063803, 8, 28, 991, 980, 18, 7.85%, 0, 0, 3, 5.24, 16, 150, 11, 378, 118657, 40676, 0, 0.000, 0, 0, 0.828747, 1.000000, 85951, 0, 0, 1, 1, 0, 348, 5
1777063808, 8, 28, 991, 980, 18, 7.85%, 0, 0, 3, 5.24, 16, 150, 11, 378, 118657, 40676, 0, 0.000, 0, 0, 0.828788, 1.000000, 85976, 0, 0, 1, 1, 0, 348, 5
1777063813, 8, 28, 991, 980, 18, 7.85%, 0, 0, 3, 5.21, 16, 150, 11, 378, 118657, 40676, 0, 0.000, 0, 0, 0.828833, 1.000000, 86003, 0, 0, 1, 1, 0, 348, 5
1777063818, 8, 28, 991, 980, 18, 7.85%, 0, 0, 3, 5.21, 16, 150, 11, 378, 118657, 40676, 0, 0.000, 0, 0, 0.828872, 1.000000, 86027, 0, 0, 1, 1, 0, 348, 5
1777063823, 8, 28, 991, 980, 18, 7.85%, 0, 0, 3, 5.20, 16, 150, 11, 378, 118657, 40676, 0, 0.000, 0, 0, 0.828915, 1.000000, 86053, 0, 0, 1, 1, 0, 348, 5
1777063828, 8, 28, 991, 980, 18, 7.85%, 0, 0, 3, 5.07, 16, 150, 11, 378, 118657, 40676, 0, 0.000, 0, 0, 0.828948, 1.000000, 86073, 0, 0, 1, 1, 0, 348, 5
1777063833, 8, 28, 992, 981, 18, 7.85%, 0, 0, 3, 5.49, 16, 150, 11, 378, 118657, 40676, 0, 0.000, 0, 0, 0.828984, 1.000000, 86095, 0, 0, 1, 1, 0, 348, 5
1777063839, 8, 28, 992, 981, 18, 7.85%, 0, 0, 3, 5.13, 16, 150, 11, 378, 118657, 40676, 0, 0.000, 0, 0, 0.829024, 1.000000, 86119, 0, 0, 1, 1, 0, 348, 5
1777063844, 8, 28, 992, 981, 18, 7.85%, 0, 0, 3, 5.35, 16, 150, 11, 378, 118657, 40676, 0, 0.000, 0, 0, 0.829070, 1.000000, 86147, 0, 0, 1, 1, 0, 348, 5
1777063849, 8, 28, 992, 981, 18, 7.85%, 0, 0, 3, 5.16, 16, 150, 11, 378, 118657, 40676, 0, 0.000, 0, 0, 0.829109, 1.000000, 86171, 0, 0, 1, 1, 0, 348, 5
1777063854, 8, 28, 992, 981, 18, 7.85%, 0, 0, 3, 5.37, 16, 150, 11, 378, 118657, 40676, 0, 0.000, 0, 0, 0.829157, 1.000000, 86200, 0, 0, 1, 1, 0, 348, 5
1777063859, 8, 28, 992, 981, 18, 7.85%, 0, 0, 3, 5.18, 16, 150, 11, 378, 118657, 40676, 0, 0.000, 0, 0, 0.829197, 1.000000, 86224, 0, 0, 1, 1, 0, 348, 5
1777063864, 8, 28, 992, 981, 18, 7.85%, 0, 0, 3, 5.24, 16, 150, 11, 378, 118657, 40676, 0, 0.000, 0, 0, 0.829241, 1.000000, 86251, 0, 0, 1, 1, 0, 348, 5
1777063869, 8, 28, 992, 981, 18, 7.85%, 0, 0, 3, 5.31, 16, 150, 11, 378, 118657, 40676, 0, 0.000, 0, 0, 0.829275, 1.000000, 86272, 0, 0, 1, 1, 0, 348, 5
1777063875, 8, 28, 992, 981, 18, 7.85%, 0, 0, 3, 5.30, 16, 150, 11, 378, 118657, 40676, 0, 0.000, 0, 0, 0.829321, 1.000000, 86300, 0, 0, 1, 1, 0, 349, 5
