# unix_time, cycles_done, cur_path, paths_total, pending_total, pending_favs, map_size, unique_crashes, unique_hangs, max_depth, execs_per_sec, n_nodes, n_edges, chat_times
1770223062, 0, 0, 92, 92, 12, 0.71%, 0, 0, 1, 7.35, 17, 54, 0
1770223067, 0, 0, 95, 95, 12, 0.72%, 0, 0, 2, 7.74, 17, 56, 0
1770223072, 0, 0, 96, 96, 12, 0.73%, 0, 0, 2, 7.77, 17, 56, 0
1770223077, 0, 0, 97, 97, 12, 0.74%, 0, 0, 2, 7.72, 17, 58, 0
1770223082, 0, 0, 100, 100, 12, 0.74%, 0, 0, 2, 8.48, 17, 58, 0
1770223108, 0, 0, 101, 101, 12, 0.74%, 0, 0, 2, 7.79, 17, 58, 0
1770223113, 0, 0, 102, 102, 12, 0.76%, 0, 0, 2, 7.87, 17, 58, 0
1770223118, 0, 0, 103, 103, 12, 0.76%, 0, 0, 2, 8.45, 17, 58, 0
1770223180, 0, 0, 107, 107, 12, 0.77%, 0, 0, 2, 9.51, 18, 61, 0
1770223185, 0, 0, 111, 111, 12, 0.79%, 0, 0, 2, 8.03, 18, 68, 0
1770223190, 0, 0, 113, 113, 12, 0.79%, 0, 0, 2, 5.55, 18, 68, 0
1770223195, 0, 0, 116, 116, 12, 0.79%, 0, 0, 2, 6.02, 18, 70, 0
1770223201, 0, 0, 118, 118, 12, 0.79%, 0, 0, 2, 5.72, 18, 71, 0
1770223206, 0, 0, 120, 120, 12, 0.79%, 0, 0, 2, 4.42, 18, 73, 0
1770223211, 0, 0, 122, 122, 12, 0.79%, 0, 0, 2, 5.66, 18, 73, 0
1770223216, 0, 0, 125, 125, 12, 0.79%, 0, 0, 2, 7.33, 18, 75, 0
1770223221, 0, 0, 127, 127, 12, 0.79%, 0, 0, 2, 5.34, 18, 75, 0
1770223226, 0, 0, 129, 129, 12, 0.79%, 0, 0, 2, 5.56, 18, 76, 0
1770223231, 0, 0, 130, 130, 12, 0.79%, 0, 0, 2, 6.09, 18, 76, 0
1770223236, 0, 0, 132, 132, 12, 0.80%, 0, 0, 2, 5.81, 18, 76, 0
1770223241, 0, 0, 133, 133, 12, 0.80%, 0, 0, 2, 5.80, 18, 77, 0
1770223247, 0, 0, 136, 136, 12, 0.81%, 0, 0, 2, 5.54, 19, 79, 0
1770223252, 0, 0, 139, 139, 12, 0.82%, 0, 0, 2, 4.99, 19, 79, 0
1770223257, 0, 0, 140, 140, 12, 0.83%, 0, 0, 2, 5.15, 19, 79, 0
1770223262, 0, 0, 142, 142, 12, 0.83%, 0, 0, 2, 4.75, 19, 79, 0
1770223267, 0, 0, 143, 143, 12, 0.83%, 0, 0, 2, 4.85, 19, 79, 0
1770223277, 0, 0, 144, 144, 12, 0.83%, 0, 0, 2, 6.20, 19, 79, 0
1770223282, 0, 0, 145, 145, 12, 0.84%, 0, 0, 2, 6.59, 19, 80, 0
1770223287, 0, 0, 146, 146, 12, 0.84%, 0, 0, 2, 6.34, 19, 80, 0
1770223293, 0, 0, 147, 147, 12, 0.84%, 0, 0, 2, 6.22, 19, 82, 0
1770223298, 0, 0, 149, 149, 12, 0.84%, 0, 0, 2, 6.21, 19, 82, 0
1770223303, 0, 0, 151, 151, 12, 0.85%, 0, 0, 2, 6.27, 19, 83, 0
1770223308, 0, 0, 153, 153, 12, 0.85%, 0, 0, 2, 4.97, 19, 83, 0
1770223318, 0, 0, 154, 154, 12, 0.85%, 0, 0, 2, 6.60, 19, 83, 0
1770223323, 0, 0, 156, 156, 12, 0.85%, 0, 0, 2, 5.53, 19, 83, 0
1770223334, 0, 0, 157, 157, 12, 0.86%, 0, 0, 2, 5.20, 19, 83, 0
1770223344, 0, 0, 158, 158, 12, 0.86%, 0, 0, 2, 5.60, 19, 83, 0
1770223349, 0, 0, 160, 160, 12, 0.86%, 0, 0, 2, 5.75, 19, 83, 0
1770223360, 0, 0, 162, 162, 12, 0.87%, 0, 0, 2, 5.35, 19, 84, 0
1770223365, 0, 0, 163, 163, 12, 0.87%, 0, 0, 2, 5.90, 19, 84, 0
1770223370, 0, 0, 165, 165, 12, 0.87%, 0, 0, 2, 5.85, 19, 85, 0
1770223375, 0, 0, 166, 166, 12, 0.87%, 0, 0, 2, 5.97, 19, 85, 0
1770223380, 0, 0, 167, 167, 12, 0.87%, 0, 0, 2, 5.37, 19, 85, 0
1770223391, 0, 0, 168, 168, 12, 0.87%, 0, 0, 2, 6.60, 19, 85, 0
1770223396, 0, 0, 169, 169, 12, 0.87%, 0, 0, 2, 6.60, 19, 85, 0
1770223401, 0, 0, 170, 170, 12, 0.87%, 0, 0, 2, 6.26, 19, 86, 0
1770223411, 0, 0, 171, 171, 12, 0.87%, 0, 0, 2, 7.23, 19, 86, 0
1770223422, 0, 0, 173, 173, 12, 0.87%, 0, 0, 2, 6.81, 19, 88, 0
1770223442, 0, 0, 174, 174, 12, 0.87%, 0, 0, 2, 5.27, 19, 88, 0
1770223447, 0, 0, 175, 175, 12, 0.90%, 0, 0, 2, 5.19, 20, 90, 0
1770223452, 0, 0, 176, 176, 12, 0.93%, 0, 0, 2, 5.91, 20, 91, 0
1770223457, 0, 0, 178, 178, 12, 0.93%, 0, 0, 2, 4.44, 20, 91, 0
1770223463, 0, 0, 179, 179, 12, 0.93%, 0, 0, 2, 4.75, 20, 91, 0
1770223473, 0, 0, 180, 180, 12, 0.94%, 0, 0, 2, 3.64, 20, 91, 0
1770223499, 0, 0, 182, 182, 12, 0.94%, 0, 0, 2, 3.28, 21, 93, 0
1770223514, 0, 0, 183, 183, 12, 0.94%, 0, 0, 2, 3.92, 21, 93, 0
1770223519, 0, 0, 184, 184, 12, 0.94%, 0, 0, 2, 3.77, 21, 93, 0
1770223524, 0, 0, 185, 185, 12, 0.94%, 0, 0, 2, 3.70, 21, 93, 0
1770223545, 0, 0, 186, 186, 12, 0.94%, 0, 0, 2, 3.62, 21, 93, 0
1770223550, 0, 0, 187, 187, 12, 0.94%, 0, 0, 2, 3.37, 21, 93, 0
1770223571, 0, 0, 188, 188, 12, 0.94%, 0, 0, 2, 4.04, 21, 93, 0
1770223591, 0, 0, 190, 190, 12, 0.95%, 0, 0, 2, 3.94, 21, 93, 0
1770223597, 0, 0, 191, 191, 12, 0.96%, 0, 0, 2, 4.33, 21, 93, 0
1770223607, 0, 0, 192, 192, 12, 0.96%, 0, 0, 2, 3.95, 21, 93, 0
1770223633, 0, 0, 193, 193, 12, 0.97%, 0, 0, 2, 6.85, 21, 93, 0
1770223638, 0, 0, 195, 195, 12, 0.97%, 0, 0, 2, 6.21, 21, 93, 0
1770223643, 0, 0, 197, 197, 12, 0.97%, 0, 0, 2, 6.17, 21, 93, 0
1770223648, 0, 0, 198, 198, 12, 0.98%, 0, 0, 2, 6.76, 21, 95, 0
1770223653, 0, 0, 199, 199, 12, 0.98%, 0, 0, 2, 7.06, 21, 95, 0
1770223658, 0, 0, 200, 200, 12, 0.98%, 0, 0, 2, 5.69, 21, 95, 0
1770223664, 0, 0, 201, 201, 12, 0.98%, 0, 0, 2, 6.05, 21, 95, 0
1770223669, 0, 0, 202, 202, 12, 0.98%, 0, 0, 2, 5.74, 21, 95, 0
1770223684, 0, 0, 204, 204, 12, 0.98%, 0, 0, 2, 6.34, 21, 95, 0
1770223700, 0, 0, 205, 205, 12, 0.98%, 0, 0, 2, 6.91, 21, 95, 0
1770223715, 0, 0, 206, 206, 12, 0.98%, 0, 0, 2, 7.06, 21, 95, 0
1770223741, 0, 0, 208, 208, 12, 0.98%, 0, 0, 2, 5.05, 21, 96, 0
1770223756, 0, 0, 209, 209, 12, 0.98%, 0, 0, 2, 3.13, 21, 97, 0
1770223767, 0, 0, 211, 211, 12, 0.98%, 0, 0, 2, 3.69, 21, 97, 0
1770223782, 0, 0, 213, 213, 12, 0.98%, 0, 0, 2, 4.11, 21, 97, 0
1770223787, 0, 0, 214, 214, 12, 0.98%, 0, 0, 2, 3.89, 21, 97, 0
1770223792, 0, 0, 215, 215, 12, 0.98%, 0, 0, 2, 3.73, 21, 98, 0
1770223823, 0, 0, 216, 216, 12, 0.98%, 0, 0, 2, 3.76, 21, 98, 0
1770223828, 0, 0, 218, 218, 12, 0.98%, 0, 0, 2, 3.68, 21, 98, 0
1770223838, 0, 0, 219, 219, 12, 0.98%, 0, 0, 2, 3.83, 21, 99, 0
1770223874, 0, 0, 220, 220, 12, 0.98%, 0, 0, 2, 3.78, 21, 99, 0
1770223884, 0, 0, 221, 221, 12, 0.98%, 0, 0, 2, 3.64, 21, 99, 0
1770223894, 0, 0, 222, 222, 12, 0.98%, 0, 0, 2, 4.03, 22, 101, 0
1770223904, 0, 0, 223, 223, 12, 0.99%, 0, 0, 2, 4.25, 22, 101, 0
1770223909, 0, 0, 224, 224, 12, 0.99%, 0, 0, 2, 4.12, 22, 102, 0
1770223925, 0, 0, 225, 225, 12, 0.99%, 0, 0, 2, 3.63, 22, 102, 0
1770223930, 0, 0, 226, 226, 12, 0.99%, 0, 0, 2, 3.45, 22, 102, 0
1770223935, 0, 0, 227, 227, 12, 0.99%, 0, 0, 2, 3.30, 22, 102, 0
1770223945, 0, 0, 228, 228, 12, 0.99%, 0, 0, 2, 3.08, 22, 102, 0
1770223951, 0, 0, 230, 230, 12, 0.99%, 0, 0, 2, 3.16, 22, 102, 0
1770223966, 0, 0, 231, 231, 12, 0.99%, 0, 0, 2, 3.16, 22, 103, 0
1770223972, 0, 0, 232, 232, 12, 0.99%, 0, 0, 2, 3.14, 22, 104, 0
1770223982, 0, 0, 233, 233, 12, 0.99%, 0, 0, 2, 3.21, 22, 104, 0
1770223992, 0, 0, 235, 235, 12, 1.00%, 0, 0, 2, 3.07, 22, 105, 0
1770223997, 0, 0, 236, 236, 12, 1.00%, 0, 0, 2, 3.14, 22, 106, 0
1770224013, 0, 0, 237, 237, 12, 1.00%, 0, 0, 2, 3.15, 22, 106, 0
1770224018, 0, 0, 238, 238, 12, 1.00%, 0, 0, 2, 2.97, 22, 106, 0
1770224023, 0, 0, 239, 239, 12, 1.00%, 0, 0, 2, 2.94, 22, 106, 0
1770224029, 0, 0, 240, 240, 12, 1.00%, 0, 0, 2, 3.10, 22, 107, 0
1770224039, 0, 0, 241, 241, 12, 1.00%, 0, 0, 2, 3.50, 22, 107, 0
1770224055, 0, 0, 242, 242, 12, 1.00%, 0, 0, 2, 2.94, 22, 107, 0
1770224070, 0, 0, 243, 243, 12, 1.00%, 0, 0, 2, 3.37, 22, 107, 0
1770224075, 0, 0, 244, 244, 12, 1.00%, 0, 0, 2, 3.12, 22, 110, 0
1770224080, 0, 0, 245, 245, 12, 1.01%, 0, 0, 2, 2.94, 22, 110, 0
1770224111, 0, 0, 247, 247, 12, 1.01%, 0, 0, 2, 3.16, 22, 110, 0
1770224117, 0, 0, 248, 248, 12, 1.01%, 0, 0, 2, 3.41, 22, 110, 0
1770224142, 0, 0, 249, 249, 12, 1.01%, 0, 0, 2, 3.12, 22, 110, 0
1770224153, 0, 0, 250, 250, 12, 1.01%, 0, 0, 2, 3.47, 22, 110, 0
1770224163, 0, 0, 251, 251, 12, 1.01%, 0, 0, 2, 2.76, 22, 111, 0
1770224173, 0, 0, 252, 252, 12, 1.01%, 0, 0, 2, 2.66, 22, 111, 0
1770224204, 0, 0, 253, 253, 12, 1.01%, 0, 0, 2, 3.09, 22, 111, 0
1770224220, 0, 0, 254, 254, 12, 1.01%, 0, 0, 2, 3.21, 22, 112, 0
1770224256, 0, 0, 255, 255, 12, 1.01%, 0, 0, 2, 3.00, 22, 114, 0
1770224267, 0, 0, 256, 256, 12, 1.02%, 0, 0, 2, 3.05, 22, 114, 0
1770224292, 0, 0, 257, 257, 12, 1.02%, 0, 0, 2, 2.84, 22, 114, 0
1770224339, 0, 0, 258, 258, 12, 1.02%, 0, 0, 2, 3.24, 22, 114, 0
1770224360, 0, 92, 259, 258, 0, 1.02%, 0, 0, 3, 7.15, 22, 114, 0
1770224365, 0, 92, 260, 259, 0, 1.02%, 0, 0, 3, 7.88, 22, 114, 0
1770224370, 0, 92, 262, 261, 0, 1.02%, 0, 0, 3, 6.75, 22, 114, 0
1770224375, 0, 92, 264, 263, 0, 1.02%, 0, 0, 3, 6.00, 22, 114, 0
1770224380, 0, 92, 265, 264, 0, 1.02%, 0, 0, 3, 5.69, 22, 114, 0
1770224390, 0, 92, 266, 265, 0, 1.02%, 0, 0, 3, 6.50, 22, 114, 0
1770224426, 0, 92, 267, 266, 0, 1.02%, 0, 0, 3, 6.48, 22, 114, 0
1770224431, 0, 92, 269, 268, 0, 1.03%, 0, 0, 3, 4.81, 22, 114, 0
1770224452, 0, 92, 270, 269, 0, 1.03%, 0, 0, 3, 6.21, 22, 114, 0
1770224462, 0, 92, 271, 270, 0, 1.03%, 0, 0, 3, 6.11, 22, 114, 0
1770224513, 0, 92, 272, 271, 0, 1.03%, 0, 0, 3, 5.00, 22, 114, 0
1770224518, 1, 0, 273, 271, 4, 1.03%, 0, 0, 3, 7.01, 22, 114, 0
1770224529, 1, 0, 274, 272, 4, 1.03%, 0, 0, 3, 6.51, 22, 115, 0
1770224539, 1, 0, 275, 273, 4, 1.03%, 0, 0, 3, 6.18, 22, 115, 0
1770224544, 1, 0, 276, 274, 4, 1.03%, 0, 0, 3, 5.41, 22, 115, 0
1770224549, 1, 0, 278, 276, 4, 1.03%, 0, 0, 3, 5.32, 22, 115, 0
1770224565, 1, 0, 279, 277, 4, 1.03%, 0, 0, 3, 5.16, 22, 115, 0
1770224570, 1, 0, 281, 279, 4, 1.03%, 0, 0, 3, 5.67, 22, 115, 0
1770224580, 1, 0, 282, 280, 4, 1.03%, 0, 0, 3, 4.71, 22, 115, 0
1770224606, 1, 0, 284, 282, 4, 1.03%, 0, 0, 3, 5.10, 22, 115, 0
1770224627, 1, 0, 285, 283, 4, 1.03%, 0, 0, 3, 5.90, 22, 115, 0
1770224653, 1, 0, 286, 284, 4, 1.03%, 0, 0, 3, 4.50, 22, 115, 0
1770224663, 1, 0, 287, 285, 4, 1.03%, 0, 0, 3, 5.64, 22, 115, 0
1770224694, 1, 0, 288, 286, 4, 1.03%, 0, 0, 3, 5.35, 22, 115, 0
1770224699, 1, 0, 288, 286, 1, 1.03%, 0, 0, 3, 8.49, 22, 115, 0
1770224709, 1, 0, 289, 287, 1, 1.03%, 0, 0, 3, 4.84, 22, 115, 0
1770224720, 1, 0, 290, 288, 1, 1.03%, 0, 0, 3, 4.01, 22, 115, 0
1770224725, 1, 0, 292, 290, 1, 1.03%, 0, 0, 3, 3.93, 22, 115, 0
1770224740, 1, 0, 293, 291, 1, 1.03%, 0, 0, 3, 3.82, 22, 115, 0
1770224755, 1, 0, 294, 292, 1, 1.03%, 0, 0, 3, 4.12, 22, 115, 0
1770224761, 1, 0, 295, 293, 1, 1.03%, 0, 0, 3, 3.99, 22, 115, 0
1770224771, 1, 0, 296, 294, 1, 1.03%, 0, 0, 3, 3.76, 22, 115, 0
1770224786, 1, 0, 297, 295, 1, 1.03%, 0, 0, 3, 3.81, 22, 115, 0
1770224869, 1, 0, 298, 296, 1, 1.03%, 0, 0, 3, 3.21, 22, 116, 0
1770224874, 1, 0, 299, 297, 1, 1.03%, 0, 0, 3, 2.78, 22, 117, 0
1770224880, 1, 0, 300, 298, 1, 1.03%, 0, 0, 3, 2.62, 22, 117, 0
1770224895, 1, 0, 301, 299, 1, 1.03%, 0, 0, 3, 2.46, 22, 117, 0
1770224921, 1, 0, 302, 300, 1, 1.03%, 0, 0, 3, 2.43, 22, 117, 0
1770224942, 1, 0, 303, 301, 1, 1.03%, 0, 0, 3, 3.19, 22, 118, 0
1770224952, 1, 0, 304, 302, 1, 1.03%, 0, 0, 3, 3.05, 22, 120, 0
1770224958, 1, 0, 305, 303, 1, 1.03%, 0, 0, 3, 2.76, 22, 120, 0
1770224994, 1, 0, 306, 304, 1, 1.03%, 0, 0, 3, 2.68, 22, 120, 0
1770225005, 1, 0, 307, 305, 1, 1.03%, 0, 0, 3, 2.55, 22, 120, 0
1770225021, 1, 0, 308, 306, 1, 1.04%, 0, 0, 3, 2.44, 22, 120, 0
1770225057, 1, 0, 309, 307, 1, 1.04%, 0, 0, 3, 2.48, 22, 120, 0
1770225068, 1, 0, 310, 308, 1, 1.04%, 0, 0, 3, 2.51, 22, 120, 0
1770225073, 1, 0, 311, 309, 1, 1.04%, 0, 0, 3, 2.49, 22, 120, 0
1770225120, 1, 0, 312, 310, 1, 1.04%, 0, 0, 3, 3.58, 22, 120, 0
1770225135, 1, 0, 313, 311, 1, 1.04%, 0, 0, 3, 3.97, 22, 120, 0
1770225161, 1, 0, 314, 312, 1, 1.04%, 0, 0, 3, 3.31, 22, 120, 0
1770225166, 1, 0, 315, 313, 1, 1.04%, 0, 0, 3, 3.41, 22, 120, 0
1770225182, 1, 0, 316, 314, 1, 1.05%, 0, 0, 3, 2.52, 22, 120, 0
1770225219, 1, 0, 317, 315, 1, 1.05%, 0, 0, 3, 2.44, 22, 121, 0
1770225224, 1, 0, 318, 316, 1, 1.05%, 0, 0, 3, 2.42, 22, 121, 0
1770225229, 1, 0, 319, 317, 1, 1.05%, 0, 0, 3, 2.43, 22, 121, 0
1770225235, 1, 0, 320, 318, 1, 1.05%, 0, 0, 3, 2.58, 22, 124, 0
1770225255, 1, 0, 321, 319, 1, 1.05%, 0, 0, 3, 2.63, 22, 124, 0
1770225261, 1, 0, 322, 320, 1, 1.05%, 0, 0, 3, 2.60, 22, 124, 0
1770225287, 1, 0, 323, 321, 1, 1.05%, 0, 0, 3, 2.56, 22, 126, 0
1770225297, 1, 0, 324, 322, 1, 1.05%, 0, 0, 3, 2.81, 22, 127, 0
1770225328, 1, 0, 325, 323, 1, 1.05%, 0, 0, 3, 2.43, 22, 127, 0
1770225355, 1, 0, 326, 324, 1, 1.05%, 0, 0, 3, 2.53, 22, 128, 0
1770225360, 1, 0, 327, 325, 1, 1.05%, 0, 0, 3, 2.44, 22, 129, 0
1770225401, 1, 0, 328, 326, 1, 1.05%, 0, 0, 3, 2.66, 22, 129, 0
1770225433, 1, 0, 329, 327, 1, 1.05%, 0, 0, 3, 2.45, 22, 130, 0
1770225448, 1, 0, 330, 328, 1, 1.05%, 0, 0, 3, 2.60, 22, 131, 0
1770225505, 1, 0, 332, 330, 1, 1.05%, 0, 0, 3, 3.73, 22, 132, 0
1770225531, 1, 0, 333, 331, 1, 1.05%, 0, 0, 3, 2.96, 22, 132, 0
1770225536, 1, 0, 334, 332, 1, 1.05%, 0, 0, 3, 3.11, 22, 132, 0
1770225567, 1, 0, 335, 333, 1, 1.05%, 0, 0, 3, 3.59, 22, 132, 0
1770225572, 1, 0, 336, 334, 1, 1.06%, 0, 0, 3, 3.33, 22, 132, 0
1770225603, 1, 0, 337, 335, 1, 1.06%, 0, 0, 3, 2.98, 22, 132, 0
1770225716, 1, 0, 338, 336, 1, 1.06%, 0, 0, 3, 3.32, 22, 132, 0
1770225721, 1, 0, 339, 337, 1, 1.06%, 0, 0, 3, 2.82, 22, 134, 0
1770225732, 1, 0, 340, 338, 1, 1.06%, 0, 0, 3, 2.58, 22, 134, 0
1770225737, 1, 0, 341, 339, 1, 1.06%, 0, 0, 3, 2.48, 22, 136, 0
1770225757, 1, 0, 342, 340, 1, 1.06%, 0, 0, 3, 2.44, 22, 136, 0
1770225773, 1, 0, 343, 341, 1, 1.06%, 0, 0, 3, 2.62, 22, 137, 0
1770225778, 1, 0, 344, 342, 1, 1.06%, 0, 0, 3, 2.54, 22, 138, 0
1770225789, 1, 0, 345, 343, 1, 1.06%, 0, 0, 3, 2.48, 22, 138, 0
1770225794, 1, 0, 346, 344, 1, 1.06%, 0, 0, 3, 2.55, 22, 138, 0
1770225799, 1, 0, 347, 345, 1, 1.06%, 0, 0, 3, 2.75, 22, 139, 0
