# unix_time, cycles_done, cur_path, paths_total, pending_total, pending_favs, map_size, unique_crashes, unique_hangs, max_depth, execs_per_sec, n_nodes, n_edges, chat_times, llm_calls, llm_prompt_tok, llm_compl_tok, llm_dedup, hyp_fitness, hyp_success, hyp_failure
1775897082, 0, 2, 108, 108, 20, 4.63%, 0, 0, 1, 7.97, 11, 32, 0, 55, 16397, 10904, 0, 0.000, 0, 0
1775897087, 0, 2, 110, 110, 20, 4.65%, 0, 0, 2, 9.81, 11, 32, 0, 55, 16397, 10904, 0, 0.000, 0, 0
1775897093, 0, 2, 113, 113, 20, 4.66%, 0, 0, 2, 10.27, 11, 32, 0, 55, 16397, 10904, 0, 0.000, 0, 0
1775897098, 0, 2, 115, 115, 20, 4.68%, 0, 0, 2, 10.21, 11, 32, 0, 55, 16397, 10904, 0, 0.000, 0, 0
1775897103, 0, 2, 117, 117, 20, 4.69%, 0, 0, 2, 10.96, 11, 32, 0, 55, 16397, 10904, 0, 0.000, 0, 0
1775897108, 0, 2, 120, 120, 20, 4.70%, 0, 0, 2, 8.92, 11, 32, 0, 55, 16397, 10904, 0, 0.000, 0, 0
1775897118, 0, 2, 121, 121, 20, 4.71%, 0, 0, 2, 8.89, 11, 32, 0, 55, 16397, 10904, 0, 0.000, 0, 0
1775897124, 0, 2, 122, 122, 20, 4.71%, 0, 0, 2, 10.65, 11, 32, 0, 55, 16397, 10904, 0, 0.000, 0, 0
1775897129, 0, 2, 125, 125, 20, 4.73%, 0, 0, 2, 10.73, 11, 32, 0, 55, 16397, 10904, 0, 0.000, 0, 0
1775897139, 0, 2, 126, 126, 20, 4.73%, 0, 0, 2, 10.65, 11, 32, 0, 55, 16397, 10904, 0, 0.000, 0, 0
1775897145, 0, 2, 128, 128, 20, 4.74%, 0, 0, 2, 0.60, 11, 32, 0, 55, 16397, 10904, 0, 0.000, 0, 0
1775897150, 0, 2, 129, 129, 20, 4.75%, 0, 0, 2, 11.97, 11, 32, 0, 55, 16397, 10904, 0, 0.000, 0, 0
1775897155, 0, 2, 130, 130, 20, 4.75%, 0, 0, 2, 11.82, 11, 32, 0, 55, 16397, 10904, 0, 0.000, 0, 0
1775897160, 0, 2, 131, 131, 20, 4.76%, 0, 0, 2, 10.73, 11, 32, 0, 55, 16397, 10904, 0, 0.000, 0, 0
1775897165, 0, 2, 132, 132, 20, 4.76%, 0, 0, 2, 11.00, 11, 32, 0, 55, 16397, 10904, 0, 0.000, 0, 0
1775897170, 0, 2, 133, 133, 20, 4.76%, 0, 0, 2, 10.76, 11, 32, 0, 55, 16397, 10904, 0, 0.000, 0, 0
1775897175, 0, 2, 134, 134, 20, 4.77%, 0, 0, 2, 9.28, 11, 32, 0, 55, 16397, 10904, 0, 0.000, 0, 0
1775897186, 0, 2, 135, 135, 20, 4.77%, 0, 0, 2, 8.62, 11, 32, 0, 55, 16397, 10904, 0, 0.000, 0, 0
1775897191, 0, 2, 136, 136, 20, 4.77%, 0, 0, 2, 9.86, 11, 32, 0, 55, 16397, 10904, 0, 0.000, 0, 0
1775897196, 0, 2, 137, 137, 20, 4.77%, 0, 0, 2, 10.51, 11, 32, 0, 55, 16397, 10904, 0, 0.000, 0, 0
1775897201, 0, 2, 138, 138, 20, 4.77%, 0, 0, 2, 10.90, 11, 32, 0, 55, 16397, 10904, 0, 0.000, 0, 0
1775897211, 0, 2, 139, 139, 20, 4.78%, 0, 0, 2, 10.41, 11, 32, 0, 55, 16397, 10904, 0, 0.000, 0, 0
1775897216, 0, 2, 140, 140, 20, 4.78%, 0, 0, 2, 10.74, 11, 32, 0, 55, 16397, 10904, 0, 0.000, 0, 0
1775897221, 0, 2, 141, 141, 20, 4.78%, 0, 0, 2, 8.87, 11, 32, 0, 55, 16397, 10904, 0, 0.000, 0, 0
1775897232, 0, 2, 142, 142, 20, 4.79%, 0, 0, 2, 8.40, 11, 32, 0, 55, 16397, 10904, 0, 0.000, 0, 0
1775897237, 0, 2, 144, 144, 20, 4.79%, 0, 0, 2, 9.12, 11, 32, 0, 55, 16397, 10904, 0, 0.000, 0, 0
1775897242, 0, 2, 145, 145, 20, 4.80%, 0, 0, 2, 10.64, 11, 32, 0, 55, 16397, 10904, 0, 0.000, 0, 0
1775897247, 0, 2, 146, 146, 20, 4.80%, 0, 0, 2, 10.22, 11, 32, 0, 55, 16397, 10904, 0, 0.000, 0, 0
1775897257, 0, 2, 147, 147, 20, 4.81%, 0, 0, 2, 9.95, 11, 32, 0, 55, 16397, 10904, 0, 0.000, 0, 0
1775897263, 0, 2, 148, 148, 20, 4.81%, 0, 0, 2, 10.09, 11, 32, 0, 55, 16397, 10904, 0, 0.000, 0, 0
1775897268, 0, 2, 149, 149, 20, 4.82%, 0, 0, 2, 8.87, 11, 33, 0, 55, 16397, 10904, 0, 0.000, 0, 0
1775897273, 0, 2, 150, 150, 20, 4.82%, 0, 0, 2, 10.04, 11, 33, 0, 55, 16397, 10904, 0, 0.000, 0, 0
1775897278, 0, 2, 151, 151, 20, 4.82%, 0, 0, 2, 9.47, 11, 33, 0, 55, 16397, 10904, 0, 0.000, 0, 0
1775897294, 0, 2, 152, 152, 20, 4.83%, 0, 0, 2, 1.00, 11, 33, 0, 55, 16397, 10904, 0, 0.000, 0, 0
1775897305, 0, 2, 153, 153, 20, 4.83%, 0, 0, 2, 9.45, 11, 34, 0, 55, 16397, 10904, 0, 0.000, 0, 0
1775897310, 0, 2, 155, 155, 20, 4.84%, 0, 0, 2, 7.51, 11, 34, 0, 55, 16397, 10904, 0, 0.000, 0, 0
1775897315, 0, 2, 158, 158, 20, 4.86%, 0, 0, 2, 6.86, 11, 34, 0, 55, 16397, 10904, 0, 0.000, 0, 0
1775897320, 0, 2, 159, 159, 20, 4.91%, 0, 0, 2, 10.31, 11, 34, 0, 55, 16397, 10904, 0, 0.000, 0, 0
1775897325, 0, 2, 162, 162, 20, 4.93%, 0, 0, 2, 8.21, 11, 34, 0, 55, 16397, 10904, 0, 0.000, 0, 0
1775897330, 0, 2, 163, 163, 20, 4.93%, 0, 0, 2, 7.33, 11, 34, 0, 55, 16397, 10904, 0, 0.000, 0, 0
1775897335, 0, 2, 166, 166, 20, 4.93%, 0, 0, 2, 8.75, 11, 34, 0, 55, 16397, 10904, 0, 0.000, 0, 0
1775897341, 0, 2, 167, 167, 20, 4.93%, 0, 0, 2, 7.03, 11, 34, 0, 55, 16397, 10904, 0, 0.000, 0, 0
1775897346, 0, 2, 168, 168, 20, 4.94%, 0, 0, 2, 6.99, 11, 34, 0, 55, 16397, 10904, 0, 0.000, 0, 0
1775897351, 0, 2, 169, 169, 20, 4.94%, 0, 0, 2, 6.63, 11, 34, 0, 55, 16397, 10904, 0, 0.000, 0, 0
1775897356, 0, 2, 170, 170, 20, 4.94%, 0, 0, 2, 6.71, 11, 34, 0, 55, 16397, 10904, 0, 0.000, 0, 0
1775897361, 0, 2, 171, 171, 20, 4.95%, 0, 0, 2, 6.77, 11, 34, 0, 55, 16397, 10904, 0, 0.000, 0, 0
1775897372, 0, 2, 172, 172, 20, 4.95%, 0, 0, 2, 6.70, 11, 34, 0, 55, 16397, 10904, 0, 0.000, 0, 0
1775897377, 0, 2, 173, 173, 20, 4.95%, 0, 0, 2, 6.65, 11, 34, 0, 55, 16397, 10904, 0, 0.000, 0, 0
1775897387, 0, 2, 174, 174, 20, 4.95%, 0, 0, 2, 6.56, 11, 34, 0, 55, 16397, 10904, 0, 0.000, 0, 0
1775897398, 0, 2, 175, 175, 20, 4.95%, 0, 0, 2, 6.32, 11, 34, 0, 55, 16397, 10904, 0, 0.000, 0, 0
1775897403, 0, 2, 177, 177, 20, 5.01%, 0, 0, 2, 6.32, 11, 34, 0, 55, 16397, 10904, 0, 0.000, 0, 0
1775897408, 0, 2, 178, 178, 20, 5.02%, 0, 0, 2, 7.07, 11, 34, 0, 55, 16397, 10904, 0, 0.000, 0, 0
1775897419, 0, 2, 180, 180, 20, 5.02%, 0, 0, 2, 6.73, 11, 34, 0, 55, 16397, 10904, 0, 0.000, 0, 0
1775897434, 0, 13, 180, 179, 0, 5.02%, 0, 0, 2, 7.98, 11, 34, 0, 55, 16397, 10904, 0, 0.000, 0, 0
1775897439, 0, 13, 182, 181, 0, 5.02%, 0, 0, 2, 6.36, 11, 34, 0, 55, 16397, 10904, 0, 0.000, 0, 0
1775897454, 0, 13, 183, 182, 0, 5.04%, 0, 0, 2, 7.10, 11, 34, 0, 55, 16397, 10904, 0, 0.000, 0, 0
1775897465, 0, 13, 184, 183, 0, 5.04%, 0, 0, 2, 6.76, 11, 34, 0, 55, 16397, 10904, 0, 0.000, 0, 0
1775897475, 0, 13, 185, 184, 0, 5.04%, 0, 0, 2, 9.42, 11, 34, 0, 55, 16397, 10904, 0, 0.000, 0, 0
1775897496, 0, 13, 186, 185, 0, 5.05%, 0, 0, 2, 6.83, 11, 34, 0, 55, 16397, 10904, 0, 0.000, 0, 0
1775897516, 0, 13, 187, 186, 0, 5.06%, 0, 0, 2, 7.18, 11, 34, 0, 55, 16397, 10904, 0, 0.000, 0, 0
1775897552, 0, 13, 188, 187, 0, 5.07%, 0, 0, 2, 10.50, 11, 34, 0, 55, 16397, 10904, 0, 0.000, 0, 0
1775897558, 0, 13, 190, 189, 0, 5.08%, 0, 0, 2, 13.65, 11, 34, 0, 55, 16397, 10904, 0, 0.000, 0, 0
1775897563, 0, 13, 193, 192, 0, 5.08%, 0, 0, 2, 13.14, 11, 34, 0, 55, 16397, 10904, 0, 0.000, 0, 0
1775897568, 0, 13, 196, 195, 0, 5.09%, 0, 0, 2, 9.65, 11, 34, 0, 55, 16397, 10904, 0, 0.000, 0, 0
1775897573, 0, 13, 198, 197, 0, 5.09%, 0, 0, 2, 14.33, 11, 34, 0, 55, 16397, 10904, 0, 0.000, 0, 0
1775897583, 0, 13, 199, 198, 0, 5.10%, 0, 0, 2, 11.76, 11, 34, 0, 55, 16397, 10904, 0, 0.000, 0, 0
1775897589, 0, 13, 200, 199, 0, 5.10%, 0, 0, 2, 12.95, 11, 34, 0, 55, 16397, 10904, 0, 0.000, 0, 0
1775897594, 0, 13, 201, 200, 0, 5.10%, 0, 0, 2, 10.12, 11, 34, 0, 55, 16397, 10904, 0, 0.000, 0, 0
1775897609, 0, 13, 202, 201, 0, 5.10%, 0, 0, 2, 8.63, 11, 34, 0, 55, 16397, 10904, 0, 0.000, 0, 0
1775897614, 0, 13, 203, 202, 0, 5.11%, 0, 0, 2, 7.37, 11, 34, 0, 55, 16397, 10904, 0, 0.000, 0, 0
1775897624, 0, 13, 204, 203, 0, 5.12%, 0, 0, 2, 8.74, 11, 34, 0, 55, 16397, 10904, 0, 0.000, 0, 0
1775897635, 0, 13, 205, 204, 0, 5.12%, 0, 0, 2, 8.48, 11, 34, 0, 55, 16397, 10904, 0, 0.000, 0, 0
1775897640, 0, 13, 206, 205, 0, 5.12%, 0, 0, 2, 7.83, 11, 34, 0, 55, 16397, 10904, 0, 0.000, 0, 0
1775897645, 0, 13, 207, 206, 0, 5.13%, 0, 0, 2, 8.11, 11, 34, 0, 55, 16397, 10904, 0, 0.000, 0, 0
1775897661, 0, 13, 208, 207, 0, 5.13%, 0, 0, 2, 7.00, 11, 34, 0, 55, 16397, 10904, 0, 0.000, 0, 0
1775897666, 0, 13, 209, 208, 0, 5.13%, 0, 0, 2, 6.60, 11, 34, 0, 55, 16397, 10904, 0, 0.000, 0, 0
1775897671, 0, 13, 210, 209, 0, 5.13%, 0, 0, 2, 6.42, 11, 34, 0, 55, 16397, 10904, 0, 0.000, 0, 0
1775897722, 1, 2, 210, 208, 6, 5.13%, 0, 0, 2, 0.08, 11, 34, 1, 56, 17955, 10972, 0, 0.500, 0, 0
1775897732, 1, 2, 211, 209, 6, 5.13%, 0, 0, 2, 8.46, 11, 34, 1, 56, 17955, 10972, 0, 0.500, 0, 0
1775897758, 1, 2, 212, 210, 6, 5.13%, 0, 0, 2, 7.52, 11, 35, 1, 56, 17955, 10972, 0, 0.500, 0, 0
1775897763, 1, 2, 213, 211, 6, 5.14%, 0, 0, 2, 7.25, 11, 36, 1, 56, 17955, 10972, 0, 0.500, 0, 0
1775897768, 1, 2, 214, 212, 6, 5.14%, 0, 0, 2, 5.84, 11, 36, 1, 56, 17955, 10972, 0, 0.500, 0, 0
1775897784, 1, 2, 216, 214, 6, 5.16%, 0, 0, 2, 7.50, 11, 36, 1, 56, 17955, 10972, 0, 0.500, 0, 0
1775897794, 1, 2, 218, 216, 6, 5.16%, 0, 0, 2, 7.18, 11, 37, 1, 56, 17955, 10972, 0, 0.500, 0, 0
1775897799, 1, 2, 219, 217, 6, 5.18%, 0, 0, 2, 8.44, 11, 37, 1, 56, 17955, 10972, 0, 0.416, 0, 1
1775897804, 1, 2, 221, 219, 6, 5.19%, 0, 0, 2, 7.75, 11, 37, 1, 56, 17955, 10972, 0, 0.416, 0, 1
1775897815, 1, 2, 223, 221, 6, 5.19%, 0, 0, 2, 8.15, 11, 38, 1, 56, 17955, 10972, 0, 0.416, 0, 1
1775897825, 1, 2, 224, 222, 6, 5.20%, 0, 0, 2, 10.05, 11, 38, 1, 56, 17955, 10972, 0, 0.416, 0, 1
1775897830, 1, 2, 225, 223, 6, 5.20%, 0, 0, 2, 8.74, 11, 38, 1, 56, 17955, 10972, 0, 0.416, 0, 1
1775897835, 1, 2, 226, 224, 6, 5.21%, 0, 0, 2, 9.23, 11, 38, 1, 56, 17955, 10972, 0, 0.416, 0, 1
1775897840, 1, 2, 227, 225, 6, 5.22%, 0, 0, 2, 9.68, 11, 38, 1, 56, 17955, 10972, 0, 0.416, 0, 1
1775897846, 1, 2, 228, 226, 6, 5.22%, 0, 0, 2, 10.75, 11, 38, 1, 56, 17955, 10972, 0, 0.416, 0, 1
1775897861, 1, 54, 228, 226, 2, 5.22%, 0, 0, 2, 9.07, 11, 38, 1, 56, 17955, 10972, 0, 0.337, 0, 2
1775897867, 2, 20, 228, 225, 1, 5.22%, 0, 0, 2, 7.95, 11, 38, 1, 56, 17955, 10972, 0, 0.337, 0, 2
1775897872, 2, 20, 229, 226, 1, 5.22%, 0, 0, 2, 8.40, 11, 38, 1, 56, 17955, 10972, 0, 0.337, 0, 2
1775897882, 2, 20, 230, 227, 1, 5.22%, 0, 0, 2, 8.80, 11, 38, 1, 56, 17955, 10972, 0, 0.337, 0, 2
1775897892, 2, 20, 231, 228, 1, 5.23%, 0, 0, 2, 7.98, 11, 38, 1, 56, 17955, 10972, 0, 0.337, 0, 2
1775897898, 2, 20, 232, 229, 1, 5.23%, 0, 0, 2, 8.56, 11, 39, 1, 56, 17955, 10972, 0, 0.337, 0, 2
1775897913, 2, 20, 233, 230, 1, 5.23%, 0, 0, 2, 7.25, 11, 39, 1, 56, 17955, 10972, 0, 0.337, 0, 2
1775897929, 2, 20, 234, 231, 1, 5.24%, 0, 0, 2, 7.39, 11, 39, 1, 56, 17955, 10972, 0, 0.337, 0, 2
1775897944, 3, 52, 234, 230, 4, 5.24%, 0, 0, 2, 7.08, 11, 39, 1, 56, 17955, 10972, 0, 0.337, 0, 2
1775897965, 3, 52, 235, 231, 4, 5.24%, 0, 0, 2, 6.36, 11, 41, 1, 56, 17955, 10972, 0, 0.337, 0, 2
1775897970, 3, 52, 236, 232, 4, 5.24%, 0, 0, 2, 6.78, 11, 41, 1, 56, 17955, 10972, 0, 0.337, 0, 2
1775897993, 5, 20, 236, 231, 6, 5.24%, 0, 0, 2, 0.92, 11, 41, 2, 57, 19633, 11177, 0, 0.337, 0, 2
1775897998, 5, 20, 237, 232, 6, 5.24%, 0, 0, 2, 9.31, 11, 41, 2, 57, 19633, 11177, 0, 0.250, 0, 6
1775898003, 5, 20, 238, 233, 6, 5.24%, 0, 0, 2, 7.90, 11, 41, 2, 57, 19633, 11177, 0, 0.250, 0, 6
1775898008, 5, 20, 240, 235, 6, 5.25%, 0, 0, 2, 9.90, 11, 41, 2, 57, 19633, 11177, 0, 0.250, 0, 6
1775898013, 5, 20, 242, 237, 6, 5.26%, 0, 0, 2, 9.96, 11, 41, 2, 57, 19633, 11177, 0, 0.250, 0, 6
1775898018, 5, 20, 243, 238, 6, 5.26%, 0, 0, 2, 9.31, 11, 41, 2, 57, 19633, 11177, 0, 0.250, 0, 6
1775898023, 5, 20, 244, 239, 6, 5.26%, 0, 0, 2, 9.07, 11, 41, 2, 57, 19633, 11177, 0, 0.250, 0, 6
1775898034, 5, 20, 245, 240, 6, 5.26%, 0, 0, 2, 8.53, 11, 41, 2, 57, 19633, 11177, 0, 0.250, 0, 6
1775898044, 5, 20, 246, 241, 6, 5.27%, 0, 0, 2, 9.12, 11, 41, 2, 57, 19633, 11177, 0, 0.250, 0, 6
1775898085, 5, 20, 247, 242, 6, 5.27%, 0, 0, 2, 9.13, 11, 41, 2, 57, 19633, 11177, 0, 0.251, 0, 10
1775898095, 5, 20, 248, 243, 6, 5.27%, 0, 0, 2, 8.12, 11, 41, 2, 57, 19633, 11177, 0, 0.251, 0, 10
1775898116, 5, 20, 249, 244, 6, 5.27%, 0, 0, 2, 8.96, 11, 41, 2, 57, 19633, 11177, 0, 0.287, 1, 15
1775898126, 5, 20, 250, 245, 6, 5.28%, 0, 0, 2, 9.09, 11, 41, 2, 57, 19633, 11177, 0, 0.287, 1, 15
1775898131, 5, 20, 251, 246, 6, 5.28%, 0, 0, 2, 8.82, 11, 41, 2, 57, 19633, 11177, 0, 0.287, 1, 15
1775898141, 5, 20, 252, 247, 6, 5.29%, 0, 0, 2, 9.09, 11, 41, 2, 57, 19633, 11177, 0, 0.287, 1, 15
1775898162, 5, 20, 253, 248, 6, 5.29%, 0, 0, 2, 8.57, 11, 41, 2, 57, 19633, 11177, 0, 0.287, 1, 15
1775898177, 5, 20, 254, 249, 6, 5.29%, 0, 0, 2, 8.79, 11, 41, 2, 57, 19633, 11177, 0, 0.287, 1, 15
1775898193, 5, 55, 255, 250, 0, 5.30%, 0, 0, 2, 7.11, 11, 41, 2, 57, 19633, 11177, 0, 0.287, 1, 15
1775898208, 5, 55, 256, 251, 0, 5.30%, 0, 0, 2, 7.29, 11, 41, 2, 57, 19633, 11177, 0, 0.287, 1, 15
1775898214, 5, 55, 257, 252, 0, 5.31%, 0, 0, 2, 6.98, 11, 41, 2, 57, 19633, 11177, 0, 0.287, 1, 15
1775898219, 5, 55, 258, 253, 0, 5.31%, 0, 0, 2, 10.87, 11, 41, 2, 57, 19633, 11177, 0, 0.287, 1, 15
1775898224, 5, 55, 259, 254, 0, 5.31%, 0, 0, 2, 9.74, 11, 41, 2, 57, 19633, 11177, 0, 0.287, 1, 15
1775898258, 6, 54, 259, 253, 5, 5.31%, 0, 0, 2, 0.31, 11, 41, 3, 58, 21264, 11260, 0, 0.287, 1, 15
1775898263, 6, 54, 260, 254, 5, 5.31%, 0, 0, 2, 7.28, 11, 41, 3, 58, 21264, 11260, 0, 0.287, 1, 15
1775898268, 6, 103, 260, 254, 1, 5.31%, 0, 0, 2, 7.66, 11, 41, 3, 58, 21264, 11260, 0, 0.287, 1, 15
1775898273, 6, 103, 261, 255, 1, 5.31%, 0, 0, 2, 6.90, 11, 41, 3, 58, 21264, 11260, 0, 0.287, 1, 15
1775898278, 6, 103, 262, 256, 1, 5.31%, 0, 0, 2, 6.35, 11, 41, 3, 58, 21264, 11260, 0, 0.287, 1, 15
1775898289, 6, 103, 263, 257, 1, 5.32%, 0, 0, 2, 6.94, 11, 41, 3, 58, 21264, 11260, 0, 0.287, 1, 15
1775898294, 6, 103, 264, 258, 1, 5.32%, 0, 0, 2, 7.29, 11, 41, 3, 58, 21264, 11260, 0, 0.287, 1, 15
1775898326, 7, 14, 264, 257, 11, 5.32%, 0, 0, 2, 0.31, 11, 41, 4, 59, 22829, 11376, 0, 0.289, 1, 17
1775898332, 7, 14, 266, 259, 11, 5.32%, 0, 0, 2, 7.18, 11, 42, 4, 59, 22829, 11376, 0, 0.289, 1, 17
1775898342, 7, 14, 267, 260, 11, 5.33%, 0, 0, 2, 6.24, 11, 42, 4, 59, 22829, 11376, 0, 0.289, 1, 17
1775898352, 7, 14, 268, 261, 11, 5.33%, 0, 0, 2, 7.21, 11, 42, 4, 59, 22829, 11376, 0, 0.289, 1, 17
1775898362, 7, 14, 269, 262, 11, 5.34%, 0, 0, 2, 6.71, 11, 42, 4, 59, 22829, 11376, 0, 0.289, 1, 17
1775898378, 7, 14, 270, 263, 11, 5.34%, 0, 0, 2, 6.32, 11, 43, 4, 59, 22829, 11376, 0, 0.289, 1, 17
1775898383, 7, 14, 271, 264, 11, 5.34%, 0, 0, 2, 5.81, 11, 43, 4, 59, 22829, 11376, 0, 0.289, 1, 17
1775898409, 7, 14, 272, 265, 11, 5.34%, 0, 0, 2, 6.04, 11, 43, 4, 59, 22829, 11376, 0, 0.290, 1, 18
1775898414, 7, 14, 273, 266, 11, 5.35%, 0, 0, 2, 6.11, 11, 43, 4, 59, 22829, 11376, 0, 0.290, 1, 18
1775898429, 7, 14, 274, 267, 11, 5.36%, 0, 0, 2, 7.05, 11, 43, 4, 59, 22829, 11376, 0, 0.290, 1, 18
1775898434, 7, 14, 275, 268, 11, 5.36%, 0, 0, 2, 6.44, 11, 43, 4, 59, 22829, 11376, 0, 0.290, 1, 18
1775898455, 7, 14, 276, 269, 11, 5.36%, 0, 0, 2, 6.19, 11, 43, 4, 59, 22829, 11376, 0, 0.290, 1, 18
1775898481, 8, 54, 276, 268, 4, 5.36%, 0, 0, 2, 6.89, 11, 43, 4, 59, 22829, 11376, 0, 0.290, 1, 18
1775898486, 8, 54, 277, 269, 4, 5.36%, 0, 0, 2, 7.56, 11, 43, 4, 59, 22829, 11376, 0, 0.290, 1, 18
1775898491, 8, 54, 278, 270, 4, 5.37%, 0, 0, 2, 10.14, 11, 43, 4, 59, 22829, 11376, 0, 0.290, 1, 18
1775898501, 8, 54, 280, 272, 4, 5.38%, 0, 0, 2, 6.61, 11, 43, 4, 59, 22829, 11376, 0, 0.290, 1, 18
1775898512, 8, 54, 282, 274, 4, 5.38%, 0, 0, 2, 6.45, 11, 44, 4, 59, 22829, 11376, 0, 0.290, 1, 18
1775898517, 8, 54, 284, 276, 4, 5.38%, 0, 0, 2, 5.83, 11, 44, 4, 59, 22829, 11376, 0, 0.290, 1, 18
1775898522, 8, 54, 285, 277, 4, 5.38%, 0, 0, 2, 5.94, 11, 44, 4, 59, 22829, 11376, 0, 0.290, 1, 18
1775898528, 8, 54, 287, 279, 4, 5.38%, 0, 0, 2, 5.56, 11, 46, 4, 59, 22829, 11376, 0, 0.290, 1, 18
1775898533, 8, 54, 288, 280, 4, 5.38%, 0, 0, 2, 6.59, 11, 46, 4, 59, 22829, 11376, 0, 0.290, 1, 18
1775898538, 8, 54, 290, 282, 4, 5.38%, 0, 0, 2, 5.68, 11, 46, 4, 59, 22829, 11376, 0, 0.290, 1, 18
1775898543, 8, 54, 291, 283, 4, 5.38%, 0, 0, 2, 5.57, 11, 46, 4, 59, 22829, 11376, 0, 0.290, 1, 18
1775898553, 8, 54, 293, 285, 4, 5.39%, 0, 0, 2, 6.99, 11, 47, 4, 59, 22829, 11376, 0, 0.290, 1, 18
1775898558, 8, 54, 295, 287, 4, 5.39%, 0, 0, 2, 5.89, 11, 47, 4, 59, 22829, 11376, 0, 0.290, 1, 18
1775898569, 8, 54, 296, 288, 4, 5.39%, 0, 0, 2, 6.23, 11, 47, 4, 59, 22829, 11376, 0, 0.290, 1, 18
1775898574, 8, 54, 297, 289, 4, 5.39%, 0, 0, 2, 6.04, 11, 47, 4, 59, 22829, 11376, 0, 0.290, 1, 18
1775898579, 8, 54, 298, 290, 4, 5.39%, 0, 0, 2, 6.05, 11, 47, 4, 59, 22829, 11376, 0, 0.290, 1, 18
1775898595, 8, 54, 299, 291, 4, 5.39%, 0, 0, 2, 7.41, 11, 47, 4, 59, 22829, 11376, 0, 0.290, 1, 18
1775898605, 8, 54, 300, 292, 4, 5.40%, 0, 0, 2, 6.40, 11, 47, 4, 59, 22829, 11376, 0, 0.290, 1, 18
