# unix_time, cycles_done, cur_path, paths_total, pending_total, pending_favs, map_size, unique_crashes, unique_hangs, max_depth, execs_per_sec, n_nodes, n_edges, chat_times
1770223213, 0, 0, 92, 92, 18, 0.82%, 0, 0, 1, 7.39, 17, 60, 0
1770223218, 0, 0, 95, 95, 18, 0.83%, 0, 0, 2, 8.27, 17, 63, 0
1770223223, 0, 0, 97, 97, 18, 0.83%, 0, 0, 2, 8.51, 17, 63, 0
1770223229, 0, 0, 98, 98, 18, 0.83%, 0, 0, 2, 9.08, 17, 63, 0
1770223234, 0, 0, 99, 99, 18, 0.83%, 0, 0, 2, 8.64, 17, 63, 0
1770223244, 0, 0, 100, 100, 18, 0.83%, 0, 0, 2, 8.68, 17, 65, 0
1770223249, 0, 0, 102, 102, 18, 0.84%, 0, 0, 2, 8.63, 17, 66, 0
1770223254, 0, 0, 103, 103, 18, 0.84%, 0, 0, 2, 8.73, 17, 66, 0
1770223270, 0, 0, 104, 104, 18, 0.85%, 0, 0, 2, 8.27, 17, 66, 0
1770223275, 0, 0, 105, 105, 18, 0.85%, 0, 0, 2, 8.37, 17, 66, 0
1770223280, 0, 0, 107, 107, 18, 0.85%, 0, 0, 2, 8.53, 17, 67, 0
1770223285, 0, 0, 108, 108, 18, 0.85%, 0, 0, 2, 8.81, 17, 67, 0
1770223300, 0, 0, 109, 109, 18, 0.85%, 0, 0, 2, 8.46, 17, 67, 0
1770223305, 0, 0, 110, 110, 18, 0.86%, 0, 0, 2, 8.40, 17, 67, 0
1770223310, 0, 0, 111, 111, 18, 0.86%, 0, 0, 2, 8.45, 17, 67, 0
1770223321, 0, 0, 112, 112, 18, 0.86%, 0, 0, 2, 8.57, 17, 67, 0
1770223331, 0, 0, 116, 116, 18, 0.87%, 0, 0, 2, 7.93, 17, 72, 0
1770223336, 0, 0, 120, 120, 18, 0.87%, 0, 0, 2, 6.43, 17, 77, 0
1770223341, 0, 0, 123, 123, 18, 0.88%, 0, 0, 2, 7.02, 17, 78, 0
1770223346, 0, 0, 125, 125, 18, 0.88%, 0, 0, 2, 5.89, 17, 78, 0
1770223352, 0, 0, 127, 127, 18, 0.88%, 0, 0, 2, 4.68, 17, 78, 0
1770223357, 0, 0, 129, 129, 18, 0.89%, 0, 0, 2, 5.33, 18, 80, 0
1770223362, 0, 0, 132, 132, 18, 0.89%, 0, 0, 2, 6.62, 18, 80, 0
1770223367, 0, 0, 135, 135, 18, 0.90%, 0, 0, 2, 7.70, 18, 81, 0
1770223372, 0, 0, 136, 136, 18, 0.90%, 0, 0, 2, 7.02, 18, 83, 0
1770223377, 0, 0, 137, 137, 18, 0.90%, 0, 0, 2, 7.34, 18, 83, 0
1770223382, 0, 0, 140, 140, 18, 0.91%, 0, 0, 2, 5.44, 18, 84, 0
1770223387, 0, 0, 141, 141, 18, 0.91%, 0, 0, 2, 5.09, 18, 84, 0
1770223398, 0, 0, 142, 142, 18, 0.91%, 0, 0, 2, 4.99, 18, 84, 0
1770223403, 0, 0, 143, 143, 18, 0.91%, 0, 0, 2, 5.13, 18, 87, 0
1770223408, 0, 0, 144, 144, 18, 0.92%, 0, 0, 2, 6.04, 19, 88, 0
1770223413, 0, 0, 146, 146, 18, 0.92%, 0, 0, 2, 5.94, 19, 89, 0
1770223418, 0, 0, 148, 148, 18, 0.93%, 0, 0, 2, 6.17, 19, 91, 0
1770223423, 0, 0, 150, 150, 18, 0.93%, 0, 0, 2, 6.59, 19, 92, 0
1770223429, 0, 0, 152, 152, 18, 0.93%, 0, 0, 2, 6.60, 19, 93, 0
1770223434, 0, 0, 155, 155, 18, 0.94%, 0, 0, 2, 7.57, 19, 95, 0
1770223439, 0, 0, 156, 156, 18, 0.94%, 0, 0, 2, 6.64, 19, 95, 0
1770223444, 0, 0, 157, 157, 18, 0.94%, 0, 0, 2, 6.17, 19, 95, 0
1770223449, 0, 0, 160, 160, 18, 0.94%, 0, 0, 2, 7.68, 19, 96, 0
1770223454, 0, 0, 161, 161, 18, 0.94%, 0, 0, 2, 6.98, 19, 96, 0
1770223470, 0, 0, 162, 162, 18, 0.94%, 0, 0, 2, 7.17, 19, 96, 0
1770223475, 0, 0, 163, 163, 18, 0.94%, 0, 0, 2, 6.32, 19, 96, 0
1770223480, 0, 0, 165, 165, 18, 0.95%, 0, 0, 2, 5.95, 19, 97, 0
1770223485, 0, 0, 166, 166, 18, 0.95%, 0, 0, 2, 4.64, 19, 98, 0
1770223490, 0, 0, 168, 168, 18, 0.95%, 0, 0, 2, 3.94, 19, 98, 0
1770223501, 0, 0, 169, 169, 18, 0.95%, 0, 0, 2, 4.62, 19, 99, 0
1770223506, 0, 0, 170, 170, 18, 0.96%, 0, 0, 2, 6.15, 19, 99, 0
1770223521, 0, 0, 171, 171, 18, 0.96%, 0, 0, 2, 5.42, 19, 99, 0
1770223527, 0, 0, 172, 172, 18, 0.96%, 0, 0, 2, 4.12, 19, 99, 0
1770223532, 0, 0, 173, 173, 18, 0.96%, 0, 0, 2, 4.18, 19, 99, 0
1770223537, 0, 0, 174, 174, 18, 0.96%, 0, 0, 2, 5.31, 19, 99, 0
1770223542, 0, 0, 175, 175, 18, 0.96%, 0, 0, 2, 4.51, 19, 100, 0
1770223563, 0, 0, 177, 177, 18, 0.96%, 0, 0, 2, 5.47, 19, 100, 0
1770223573, 0, 0, 178, 178, 18, 0.96%, 0, 0, 2, 4.44, 19, 100, 0
1770223578, 0, 0, 179, 179, 18, 0.96%, 0, 0, 2, 4.86, 19, 100, 0
1770223584, 0, 0, 180, 180, 18, 0.96%, 0, 0, 2, 5.13, 19, 101, 0
1770223594, 0, 0, 181, 181, 18, 0.96%, 0, 0, 2, 4.93, 19, 101, 0
1770223604, 0, 0, 182, 182, 18, 0.96%, 0, 0, 2, 5.44, 19, 101, 0
1770223615, 0, 0, 183, 183, 18, 0.96%, 0, 0, 2, 4.56, 19, 102, 0
1770223625, 0, 0, 184, 184, 18, 0.96%, 0, 0, 2, 6.35, 19, 103, 0
1770223630, 0, 0, 185, 185, 18, 0.96%, 0, 0, 2, 6.95, 19, 103, 0
1770223641, 0, 0, 187, 187, 18, 0.96%, 0, 0, 2, 6.52, 19, 103, 0
1770223651, 0, 0, 188, 188, 18, 0.97%, 0, 0, 2, 6.18, 19, 103, 0
1770223656, 0, 0, 189, 189, 18, 0.97%, 0, 0, 2, 6.28, 19, 103, 0
1770223661, 0, 0, 190, 190, 18, 0.97%, 0, 0, 2, 4.51, 19, 103, 0
1770223692, 0, 0, 191, 191, 18, 0.98%, 0, 0, 2, 6.25, 19, 103, 0
1770223698, 0, 0, 192, 192, 18, 0.98%, 0, 0, 2, 5.70, 19, 105, 0
1770223708, 0, 0, 194, 194, 18, 0.98%, 0, 0, 2, 4.74, 19, 105, 0
1770223723, 0, 0, 195, 195, 18, 0.98%, 0, 0, 2, 6.01, 19, 105, 0
1770223728, 0, 0, 197, 197, 18, 0.98%, 0, 0, 2, 5.85, 19, 105, 0
1770223733, 0, 0, 198, 198, 18, 0.98%, 0, 0, 2, 6.07, 19, 107, 0
1770223738, 0, 0, 201, 201, 18, 0.98%, 0, 0, 2, 6.36, 19, 107, 0
1770223749, 0, 0, 203, 203, 18, 0.98%, 0, 0, 2, 6.05, 19, 107, 0
1770223764, 0, 0, 204, 204, 18, 0.98%, 0, 0, 2, 5.11, 19, 107, 0
1770223769, 0, 0, 205, 205, 18, 0.98%, 0, 0, 2, 6.64, 19, 107, 0
1770223780, 0, 0, 206, 206, 18, 0.98%, 0, 0, 2, 5.61, 19, 107, 0
1770223795, 0, 0, 208, 208, 18, 0.99%, 0, 0, 2, 5.76, 19, 107, 0
1770223800, 0, 0, 209, 209, 18, 0.99%, 0, 0, 2, 5.52, 19, 107, 0
1770223810, 0, 0, 210, 210, 18, 0.99%, 0, 0, 2, 6.91, 19, 110, 0
1770223826, 0, 0, 211, 211, 18, 0.99%, 0, 0, 2, 5.68, 19, 110, 0
1770223831, 0, 0, 212, 212, 18, 0.99%, 0, 0, 2, 5.41, 19, 110, 0
1770223867, 0, 0, 213, 213, 18, 0.99%, 0, 0, 2, 6.86, 20, 112, 0
1770223878, 0, 111, 214, 213, 0, 0.99%, 0, 0, 3, 6.99, 20, 112, 0
1770223893, 0, 111, 216, 215, 0, 0.99%, 0, 0, 3, 5.24, 20, 112, 0
1770223898, 0, 111, 217, 216, 0, 0.99%, 0, 0, 3, 4.15, 20, 112, 0
1770223903, 0, 111, 218, 217, 0, 0.99%, 0, 0, 3, 3.74, 20, 113, 0
1770223908, 0, 111, 219, 218, 0, 0.99%, 0, 0, 3, 4.27, 20, 113, 0
1770223914, 0, 111, 220, 219, 0, 0.99%, 0, 0, 3, 4.16, 20, 113, 0
1770223919, 0, 111, 222, 221, 0, 0.99%, 0, 0, 3, 4.10, 20, 113, 0
1770223924, 0, 111, 223, 222, 0, 0.99%, 0, 0, 3, 4.32, 20, 113, 0
1770223944, 0, 111, 224, 223, 0, 0.99%, 0, 0, 3, 4.40, 20, 113, 0
1770224006, 0, 111, 225, 224, 0, 0.99%, 0, 0, 3, 4.53, 20, 113, 0
1770224022, 0, 111, 226, 225, 0, 0.99%, 0, 0, 3, 3.93, 20, 114, 0
1770224032, 0, 111, 227, 226, 0, 0.99%, 0, 0, 3, 5.34, 20, 114, 0
1770224037, 0, 111, 228, 227, 0, 1.00%, 0, 0, 3, 4.34, 20, 115, 0
1770224047, 0, 111, 229, 228, 0, 1.00%, 0, 0, 3, 5.17, 20, 115, 0
1770224052, 0, 111, 231, 230, 0, 1.00%, 0, 0, 3, 4.88, 20, 115, 0
1770224057, 0, 111, 232, 231, 0, 1.00%, 0, 0, 3, 6.55, 20, 115, 0
1770224068, 0, 111, 233, 232, 0, 1.00%, 0, 0, 3, 6.69, 20, 116, 0
1770224073, 0, 111, 234, 233, 0, 1.00%, 0, 0, 3, 6.37, 20, 116, 0
1770224088, 0, 111, 235, 234, 0, 1.00%, 0, 0, 3, 5.75, 20, 116, 0
1770224098, 0, 111, 236, 235, 0, 1.00%, 0, 0, 3, 6.34, 20, 116, 0
1770224103, 0, 111, 237, 236, 0, 1.00%, 0, 0, 3, 6.14, 20, 116, 0
1770224114, 0, 111, 238, 237, 0, 1.00%, 0, 0, 3, 6.59, 20, 116, 0
1770224124, 0, 111, 239, 238, 0, 1.00%, 0, 0, 3, 6.26, 20, 117, 0
1770224129, 0, 111, 240, 239, 0, 1.00%, 0, 0, 3, 6.13, 20, 117, 0
1770224134, 0, 111, 241, 240, 0, 1.00%, 0, 0, 3, 6.45, 20, 117, 0
1770224145, 0, 111, 242, 241, 0, 1.00%, 0, 0, 3, 4.31, 20, 117, 0
1770224155, 0, 111, 243, 242, 0, 1.00%, 0, 0, 3, 6.30, 20, 117, 0
1770224160, 0, 111, 244, 243, 0, 1.01%, 0, 0, 3, 4.83, 20, 117, 0
1770224170, 0, 111, 245, 244, 0, 1.01%, 0, 0, 3, 4.77, 20, 117, 0
1770224186, 0, 111, 246, 245, 0, 1.01%, 0, 0, 3, 5.63, 20, 118, 0
1770224201, 1, 0, 247, 245, 11, 1.01%, 0, 0, 3, 16.03, 20, 118, 0
1770224212, 1, 0, 248, 246, 11, 1.01%, 0, 0, 3, 3.59, 20, 118, 0
1770224222, 1, 0, 249, 247, 11, 1.01%, 0, 0, 3, 4.24, 20, 118, 0
1770224233, 1, 0, 250, 248, 11, 1.01%, 0, 0, 3, 7.28, 20, 118, 0
1770224248, 1, 0, 251, 249, 11, 1.01%, 0, 0, 3, 6.68, 20, 118, 0
1770224253, 1, 0, 252, 250, 11, 1.01%, 0, 0, 3, 5.60, 20, 118, 0
1770224258, 1, 0, 253, 251, 11, 1.01%, 0, 0, 3, 4.44, 20, 118, 0
1770224274, 1, 0, 254, 252, 11, 1.01%, 0, 0, 3, 5.58, 20, 118, 0
1770224279, 1, 0, 255, 253, 11, 1.01%, 0, 0, 3, 6.00, 20, 118, 0
1770224284, 1, 0, 256, 254, 11, 1.01%, 0, 0, 3, 5.10, 20, 118, 0
1770224300, 1, 0, 257, 255, 11, 1.01%, 0, 0, 3, 5.53, 20, 118, 0
1770224305, 1, 0, 258, 256, 11, 1.01%, 0, 0, 3, 6.14, 20, 118, 0
1770224310, 1, 0, 259, 257, 11, 1.01%, 0, 0, 3, 6.63, 20, 119, 0
1770224315, 1, 0, 260, 258, 11, 1.01%, 0, 0, 3, 7.30, 20, 119, 0
1770224336, 1, 0, 261, 259, 11, 1.01%, 0, 0, 3, 6.08, 20, 119, 0
1770224341, 1, 0, 262, 260, 11, 1.01%, 0, 0, 3, 7.09, 20, 119, 0
1770224351, 1, 0, 263, 261, 11, 1.01%, 0, 0, 3, 6.61, 20, 119, 0
1770224357, 1, 0, 264, 262, 11, 1.02%, 0, 0, 3, 6.46, 20, 119, 0
1770224377, 1, 0, 265, 263, 11, 1.02%, 0, 0, 3, 5.25, 20, 119, 0
1770224388, 1, 0, 266, 264, 11, 1.02%, 0, 0, 3, 5.56, 20, 120, 0
1770224398, 1, 0, 268, 266, 11, 1.02%, 0, 0, 3, 4.62, 20, 120, 0
1770224408, 1, 0, 268, 266, 8, 1.02%, 0, 0, 3, 5.95, 20, 120, 0
1770224413, 1, 0, 269, 267, 8, 1.02%, 0, 0, 3, 5.63, 20, 120, 0
1770224418, 1, 0, 270, 268, 8, 1.02%, 0, 0, 3, 4.88, 20, 121, 0
1770224439, 1, 0, 271, 269, 8, 1.02%, 0, 0, 3, 4.98, 20, 121, 0
1770224449, 1, 0, 272, 270, 8, 1.02%, 0, 0, 3, 3.64, 20, 121, 0
1770224454, 1, 0, 273, 271, 8, 1.02%, 0, 0, 3, 3.11, 20, 121, 0
1770224480, 1, 0, 274, 272, 8, 1.02%, 0, 0, 3, 2.41, 20, 121, 0
1770224496, 1, 0, 275, 273, 8, 1.02%, 0, 0, 3, 2.38, 20, 121, 0
1770224507, 1, 0, 276, 274, 8, 1.02%, 0, 0, 3, 2.59, 20, 121, 0
1770224538, 1, 0, 277, 275, 8, 1.02%, 0, 0, 3, 2.47, 20, 121, 0
1770224543, 1, 0, 278, 276, 8, 1.02%, 0, 0, 3, 2.41, 20, 121, 0
1770224559, 1, 0, 279, 277, 8, 1.03%, 0, 0, 3, 2.43, 21, 123, 0
1770224564, 1, 0, 280, 278, 8, 1.03%, 0, 0, 3, 2.55, 21, 123, 0
1770224590, 1, 0, 281, 279, 8, 1.03%, 0, 0, 3, 2.49, 21, 123, 0
1770224610, 1, 0, 282, 280, 8, 1.03%, 0, 0, 3, 2.42, 21, 123, 0
1770224631, 1, 0, 283, 281, 8, 1.03%, 0, 0, 3, 2.41, 21, 123, 0
1770224673, 1, 0, 284, 282, 8, 1.03%, 0, 0, 3, 2.58, 21, 123, 0
1770224720, 1, 0, 285, 283, 8, 1.03%, 0, 0, 3, 4.24, 21, 123, 0
1770224746, 1, 0, 287, 285, 8, 1.03%, 0, 0, 3, 5.40, 21, 127, 0
1770224751, 1, 0, 288, 286, 8, 1.03%, 0, 0, 3, 5.19, 21, 127, 0
1770224756, 1, 0, 289, 287, 8, 1.03%, 0, 0, 3, 5.28, 21, 127, 0
1770224767, 1, 0, 291, 289, 8, 1.03%, 0, 0, 3, 4.78, 21, 128, 0
1770224777, 1, 0, 292, 290, 8, 1.03%, 0, 0, 3, 4.25, 21, 128, 0
1770224793, 1, 0, 293, 291, 8, 1.03%, 0, 0, 3, 5.23, 21, 128, 0
1770224824, 1, 0, 294, 292, 8, 1.03%, 0, 0, 3, 5.33, 21, 128, 0
1770224850, 1, 0, 295, 293, 8, 1.03%, 0, 0, 3, 6.00, 21, 128, 0
1770224860, 1, 0, 296, 294, 8, 1.04%, 0, 0, 3, 5.13, 22, 130, 0
1770224875, 1, 0, 297, 295, 8, 1.04%, 0, 0, 3, 3.08, 22, 130, 0
1770224886, 1, 0, 298, 296, 8, 1.04%, 0, 0, 3, 2.59, 22, 130, 0
1770224891, 1, 0, 299, 297, 8, 1.04%, 0, 0, 3, 2.88, 22, 131, 0
1770224933, 1, 0, 301, 299, 8, 1.04%, 0, 0, 3, 4.26, 22, 133, 0
1770224969, 1, 0, 302, 300, 8, 1.04%, 0, 0, 3, 3.87, 22, 133, 0
1770224974, 1, 0, 303, 301, 8, 1.04%, 0, 0, 3, 4.12, 22, 133, 0
1770224980, 1, 0, 304, 302, 8, 1.04%, 0, 0, 3, 4.08, 22, 133, 0
1770224985, 1, 0, 305, 303, 8, 1.04%, 0, 0, 3, 4.06, 22, 134, 0
1770225026, 1, 0, 306, 304, 8, 1.04%, 0, 0, 3, 3.61, 22, 136, 0
1770225041, 1, 0, 307, 305, 8, 1.04%, 0, 0, 3, 3.90, 22, 136, 0
1770225052, 1, 0, 308, 306, 8, 1.04%, 0, 0, 3, 4.04, 22, 136, 0
1770225108, 1, 0, 309, 307, 5, 1.04%, 0, 0, 3, 8.24, 22, 136, 0
1770225118, 1, 0, 310, 308, 5, 1.04%, 0, 0, 3, 5.75, 22, 136, 0
1770225123, 1, 0, 311, 309, 5, 1.04%, 0, 0, 3, 4.38, 22, 136, 0
1770225129, 1, 0, 312, 310, 5, 1.04%, 0, 0, 3, 3.94, 22, 136, 0
1770225170, 1, 0, 313, 311, 5, 1.04%, 0, 0, 3, 3.09, 22, 136, 0
1770225181, 1, 0, 314, 312, 5, 1.04%, 0, 0, 3, 4.19, 22, 136, 0
1770225186, 1, 0, 315, 313, 5, 1.05%, 0, 0, 3, 3.69, 22, 136, 0
1770225201, 1, 0, 316, 314, 5, 1.05%, 0, 0, 3, 3.85, 22, 136, 0
1770225227, 1, 0, 319, 317, 5, 1.05%, 0, 0, 3, 3.65, 22, 137, 0
1770225232, 1, 0, 320, 318, 5, 1.05%, 0, 0, 3, 3.36, 22, 137, 0
1770225237, 1, 0, 321, 319, 5, 1.05%, 0, 0, 3, 3.42, 22, 138, 0
1770225242, 1, 0, 322, 320, 5, 1.05%, 0, 0, 3, 3.52, 22, 139, 0
1770225252, 1, 0, 323, 321, 5, 1.05%, 0, 0, 3, 3.21, 22, 139, 0
1770225263, 1, 0, 324, 322, 5, 1.05%, 0, 0, 3, 3.13, 22, 140, 0
1770225298, 1, 0, 325, 323, 5, 1.05%, 0, 0, 3, 3.55, 22, 140, 0
1770225303, 1, 0, 326, 324, 5, 1.05%, 0, 0, 3, 3.32, 22, 140, 0
1770225334, 1, 0, 327, 325, 5, 1.05%, 0, 0, 3, 3.13, 22, 140, 0
1770225361, 1, 0, 328, 326, 5, 1.05%, 0, 0, 3, 3.31, 22, 140, 0
1770225423, 1, 0, 329, 327, 5, 1.05%, 0, 0, 3, 4.94, 22, 140, 0
1770225438, 1, 0, 330, 328, 5, 1.05%, 0, 0, 3, 5.20, 22, 140, 0
1770225443, 1, 0, 331, 329, 5, 1.05%, 0, 0, 3, 4.15, 22, 140, 0
1770225459, 1, 0, 332, 330, 5, 1.05%, 0, 0, 3, 3.04, 22, 140, 0
1770225469, 1, 0, 333, 331, 5, 1.05%, 0, 0, 3, 3.16, 22, 141, 0
1770225531, 1, 0, 334, 332, 5, 1.05%, 0, 0, 3, 5.53, 22, 141, 0
1770225537, 1, 0, 335, 333, 5, 1.05%, 0, 0, 3, 4.26, 22, 141, 0
1770225562, 1, 0, 336, 334, 5, 1.05%, 0, 0, 3, 4.63, 22, 141, 0
1770225573, 1, 0, 337, 335, 5, 1.05%, 0, 0, 3, 3.70, 22, 141, 0
1770225578, 1, 0, 338, 336, 5, 1.05%, 0, 0, 3, 3.47, 22, 141, 0
1770225604, 1, 0, 339, 337, 5, 1.05%, 0, 0, 3, 3.89, 22, 141, 0
1770225609, 1, 0, 340, 338, 5, 1.05%, 0, 0, 3, 3.75, 22, 141, 0
1770225624, 1, 0, 341, 339, 5, 1.05%, 0, 0, 3, 3.19, 22, 141, 0
1770225650, 1, 0, 342, 340, 5, 1.05%, 0, 0, 3, 3.49, 22, 141, 0
1770225665, 1, 22, 342, 340, 0, 1.05%, 0, 0, 3, 5.57, 22, 141, 0
1770225670, 1, 22, 343, 341, 0, 1.05%, 0, 0, 3, 4.83, 22, 141, 0
1770225686, 1, 22, 344, 342, 0, 1.05%, 0, 0, 3, 3.43, 22, 141, 0
1770225706, 1, 22, 345, 343, 0, 1.05%, 0, 0, 3, 3.66, 22, 141, 0
1770225722, 1, 22, 346, 344, 0, 1.05%, 0, 0, 3, 2.88, 22, 141, 0
1770225773, 1, 22, 347, 345, 0, 1.05%, 0, 0, 3, 3.54, 22, 141, 0
1770225778, 1, 22, 348, 346, 0, 1.05%, 0, 0, 3, 3.93, 22, 141, 0
1770225784, 1, 22, 349, 347, 0, 1.05%, 0, 0, 3, 3.60, 22, 141, 0
1770225789, 1, 22, 350, 348, 0, 1.05%, 0, 0, 3, 3.62, 22, 141, 0
1770225799, 1, 22, 352, 350, 0, 1.05%, 0, 0, 3, 4.22, 22, 141, 0
1770225804, 1, 22, 353, 351, 0, 1.05%, 0, 0, 3, 3.68, 22, 141, 0
1770225840, 1, 22, 354, 352, 0, 1.05%, 0, 0, 3, 3.90, 22, 141, 0
1770225855, 1, 22, 355, 353, 0, 1.05%, 0, 0, 3, 3.84, 22, 141, 0
