# unix_time, cycles_done, cur_path, paths_total, pending_total, pending_favs, map_size, unique_crashes, unique_hangs, max_depth, execs_per_sec, n_nodes, n_edges, chat_times, llm_calls, llm_prompt_tok, llm_compl_tok, llm_dedup, hyp_fitness, hyp_success, hyp_failure, mqtt_diff_avg, mqtt_diff_last, mqtt_diff_pos
1787644672, 0, 0, 4, 4, 1, 0.02%, 0, 0, 2, 3.60, 4, 4, 0, 0, 0, 0, 0, 0.000, 0, 0, 0.000000, 0.000000, 0, 0, 0, 0, 0, 0, 0, 0
1787644677, 0, 0, 6, 6, 1, 0.02%, 0, 0, 2, 3.50, 4, 4, 0, 0, 0, 0, 0, 0.000, 0, 0, 0.000000, 0.000000, 0, 0, 0, 0, 0, 0, 0, 0
1787644683, 0, 0, 7, 7, 1, 0.02%, 0, 0, 2, 3.46, 4, 5, 0, 0, 0, 0, 0, 0.000, 0, 0, 0.000000, 0.000000, 0, 0, 0, 0, 0, 0, 0, 0
1787644688, 0, 0, 9, 9, 1, 0.02%, 0, 0, 2, 3.21, 4, 6, 0, 0, 0, 0, 0, 0.000, 0, 0, 0.000000, 0.000000, 0, 0, 0, 0, 0, 0, 0, 0
1787644693, 0, 0, 10, 10, 1, 0.02%, 0, 0, 2, 3.04, 4, 6, 0, 0, 0, 0, 0, 0.000, 0, 0, 0.000000, 0.000000, 0, 0, 0, 0, 0, 0, 0, 0
1787644698, 0, 0, 11, 11, 1, 0.02%, 0, 0, 2, 3.28, 4, 7, 0, 0, 0, 0, 0, 0.000, 0, 0, 0.000000, 0.000000, 0, 0, 0, 0, 0, 0, 0, 0
1787644703, 0, 0, 12, 12, 1, 0.02%, 0, 0, 2, 2.97, 4, 7, 0, 0, 0, 0, 0, 0.000, 0, 0, 0.000000, 0.000000, 0, 0, 0, 0, 0, 0, 0, 0
1787644719, 0, 0, 13, 13, 1, 0.02%, 0, 0, 2, 3.17, 4, 7, 0, 0, 0, 0, 0, 0.000, 0, 0, 0.000000, 0.000000, 0, 0, 0, 0, 0, 0, 0, 0
1787644724, 0, 0, 14, 14, 1, 0.02%, 0, 0, 2, 3.36, 4, 7, 0, 0, 0, 0, 0, 0.000, 0, 0, 0.000000, 0.000000, 0, 0, 0, 0, 0, 0, 0, 0
