# unix_time, cycles_done, cur_path, paths_total, pending_total, pending_favs, map_size, unique_crashes, unique_hangs, max_depth, execs_per_sec, n_nodes, n_edges, chat_times, llm_calls, llm_prompt_tok, llm_compl_tok, llm_dedup, hyp_fitness, hyp_success, hyp_failure, mqtt_diff_avg, mqtt_diff_last, mqtt_diff_pos
1777025827, 0, 0, 452, 452, 25, 6.41%, 0, 0, 2, 4.57, 14, 97, 0, 361, 100892, 38290, 0, 0.000, 0, 0, 0.000000, 0.000000, 0, 0, 0, 0, 0, 0, 0, 0
1777025833, 0, 0, 455, 455, 25, 6.73%, 0, 0, 2, 5.95, 15, 99, 0, 361, 100892, 38290, 0, 0.000, 0, 0, 0.000000, 0.000000, 0, 0, 0, 0, 0, 0, 0, 0
1777025838, 0, 0, 457, 457, 25, 6.77%, 0, 0, 2, 3.45, 15, 100, 0, 361, 100892, 38290, 0, 0.000, 0, 0, 0.000000, 0.000000, 0, 0, 0, 0, 0, 0, 0, 0
1777025843, 0, 0, 460, 460, 25, 6.80%, 0, 0, 2, 4.74, 16, 102, 0, 361, 100892, 38290, 0, 0.000, 0, 0, 0.000000, 0.000000, 0, 0, 0, 0, 0, 0, 0, 0
1777025848, 0, 0, 462, 462, 25, 6.88%, 0, 0, 2, 5.49, 16, 102, 0, 361, 100892, 38290, 0, 0.000, 0, 0, 0.000000, 0.000000, 0, 0, 0, 0, 0, 0, 0, 0
1777025853, 0, 0, 465, 465, 25, 6.90%, 0, 0, 2, 5.58, 16, 102, 0, 361, 100892, 38290, 0, 0.000, 0, 0, 0.000000, 0.000000, 0, 0, 0, 0, 0, 0, 0, 0
1777025859, 0, 0, 466, 466, 25, 6.91%, 0, 0, 2, 5.73, 16, 102, 0, 361, 100892, 38290, 0, 0.000, 0, 0, 0.000000, 0.000000, 0, 0, 0, 0, 0, 0, 0, 0
1777025864, 0, 0, 469, 469, 25, 6.91%, 0, 0, 2, 5.94, 16, 102, 0, 361, 100892, 38290, 0, 0.000, 0, 0, 0.000000, 0.000000, 0, 0, 0, 0, 0, 0, 0, 0
1777025869, 0, 0, 472, 472, 25, 6.94%, 0, 0, 2, 5.81, 16, 102, 0, 361, 100892, 38290, 0, 0.000, 0, 0, 0.000000, 0.000000, 0, 0, 0, 0, 0, 0, 0, 0
1777025874, 0, 0, 474, 474, 25, 6.95%, 0, 0, 2, 5.49, 16, 103, 0, 361, 100892, 38290, 0, 0.000, 0, 0, 0.000000, 0.000000, 0, 0, 0, 0, 0, 0, 0, 0
1777025880, 0, 0, 477, 477, 25, 6.96%, 0, 0, 2, 5.58, 16, 103, 0, 361, 100892, 38290, 0, 0.000, 0, 0, 0.000000, 0.000000, 0, 0, 0, 0, 0, 0, 0, 0
1777025885, 0, 0, 479, 479, 25, 6.96%, 0, 0, 2, 4.62, 16, 105, 0, 361, 100892, 38290, 0, 0.000, 0, 0, 0.000000, 0.000000, 0, 0, 0, 0, 0, 0, 0, 0
1777025890, 0, 0, 481, 481, 25, 6.97%, 0, 0, 2, 5.31, 16, 105, 0, 361, 100892, 38290, 0, 0.000, 0, 0, 0.000000, 0.000000, 0, 0, 0, 0, 0, 0, 0, 0
1777025895, 0, 0, 482, 482, 25, 6.97%, 0, 0, 2, 5.31, 16, 105, 0, 361, 100892, 38290, 0, 0.000, 0, 0, 0.000000, 0.000000, 0, 0, 0, 0, 0, 0, 0, 0
1777025900, 0, 0, 483, 483, 25, 6.97%, 0, 0, 2, 5.52, 16, 105, 0, 361, 100892, 38290, 0, 0.000, 0, 0, 0.000000, 0.000000, 0, 0, 0, 0, 0, 0, 0, 0
1777025905, 0, 0, 485, 485, 25, 7.01%, 0, 0, 2, 5.40, 16, 105, 0, 361, 100892, 38290, 0, 0.000, 0, 0, 0.000000, 0.000000, 0, 0, 0, 0, 0, 0, 0, 0
1777025916, 0, 0, 487, 487, 25, 7.03%, 0, 0, 2, 6.04, 16, 105, 0, 361, 100892, 38290, 0, 0.000, 0, 0, 0.000000, 0.000000, 0, 0, 0, 0, 0, 0, 0, 0
1777025922, 0, 0, 489, 489, 25, 7.03%, 0, 0, 2, 0.65, 16, 106, 0, 361, 100892, 38290, 0, 0.000, 0, 0, 0.000000, 0.000000, 0, 0, 0, 0, 0, 0, 0, 0
1777025927, 0, 0, 490, 490, 25, 7.05%, 0, 0, 2, 5.36, 16, 106, 0, 361, 100892, 38290, 0, 0.000, 0, 0, 0.000000, 0.000000, 0, 0, 0, 0, 0, 0, 0, 0
1777025932, 0, 0, 491, 491, 25, 7.05%, 0, 0, 2, 5.05, 16, 106, 0, 361, 100892, 38290, 0, 0.000, 0, 0, 0.000000, 0.000000, 0, 0, 0, 0, 0, 0, 0, 0
1777025937, 0, 0, 493, 493, 25, 7.06%, 0, 0, 2, 5.77, 16, 106, 0, 361, 100892, 38290, 0, 0.000, 0, 0, 0.000000, 0.000000, 0, 0, 0, 0, 0, 0, 0, 0
1777025948, 0, 0, 495, 495, 25, 7.06%, 0, 0, 2, 5.66, 16, 106, 0, 361, 100892, 38290, 0, 0.000, 0, 0, 0.000000, 0.000000, 0, 0, 0, 0, 0, 0, 0, 0
1777025953, 0, 0, 496, 496, 25, 7.07%, 0, 0, 2, 2.69, 16, 106, 0, 361, 100892, 38290, 0, 0.000, 0, 0, 0.000000, 0.000000, 0, 0, 0, 0, 0, 0, 0, 0
1777025963, 0, 0, 497, 497, 25, 7.07%, 0, 0, 2, 5.66, 16, 106, 0, 361, 100892, 38290, 0, 0.000, 0, 0, 0.000000, 0.000000, 0, 0, 0, 0, 0, 0, 0, 0
1777025969, 0, 0, 498, 498, 25, 7.07%, 0, 0, 2, 6.21, 16, 106, 0, 361, 100892, 38290, 0, 0.000, 0, 0, 0.000000, 0.000000, 0, 0, 0, 0, 0, 0, 0, 0
1777025984, 0, 0, 500, 500, 25, 7.08%, 0, 0, 2, 6.01, 16, 106, 0, 361, 100892, 38290, 0, 0.000, 0, 0, 0.000000, 0.000000, 0, 0, 0, 0, 0, 0, 0, 0
1777025989, 0, 0, 501, 501, 25, 7.08%, 0, 0, 2, 5.57, 16, 106, 0, 361, 100892, 38290, 0, 0.000, 0, 0, 0.000000, 0.000000, 0, 0, 0, 0, 0, 0, 0, 0
1777025994, 0, 0, 502, 502, 25, 7.08%, 0, 0, 2, 5.66, 16, 106, 0, 361, 100892, 38290, 0, 0.000, 0, 0, 0.000000, 0.000000, 0, 0, 0, 0, 0, 0, 0, 0
1777026005, 0, 0, 503, 503, 25, 7.09%, 0, 0, 2, 6.07, 16, 106, 0, 361, 100892, 38290, 0, 0.000, 0, 0, 0.000000, 0.000000, 0, 0, 0, 0, 0, 0, 0, 0
1777026010, 0, 0, 505, 505, 25, 7.10%, 0, 0, 2, 5.53, 16, 106, 0, 361, 100892, 38290, 0, 0.000, 0, 0, 0.000000, 0.000000, 0, 0, 0, 0, 0, 0, 0, 0
1777026016, 0, 0, 506, 506, 25, 7.10%, 0, 0, 2, 5.90, 16, 106, 0, 361, 100892, 38290, 0, 0.000, 0, 0, 0.000000, 0.000000, 0, 0, 0, 0, 0, 0, 0, 0
1777026027, 0, 0, 508, 508, 25, 7.12%, 0, 0, 2, 1.09, 16, 106, 0, 361, 100892, 38290, 0, 0.000, 0, 0, 0.000000, 0.000000, 0, 0, 0, 0, 0, 0, 0, 0
1777026032, 0, 0, 509, 509, 25, 7.12%, 0, 0, 2, 3.90, 16, 107, 0, 361, 100892, 38290, 0, 0.000, 0, 0, 0.000000, 0.000000, 0, 0, 0, 0, 0, 0, 0, 0
1777026037, 0, 0, 510, 510, 25, 7.12%, 0, 0, 2, 4.69, 16, 107, 0, 361, 100892, 38290, 0, 0.000, 0, 0, 0.000000, 0.000000, 0, 0, 0, 0, 0, 0, 0, 0
1777026053, 0, 0, 511, 511, 25, 7.13%, 0, 0, 2, 5.41, 16, 107, 0, 361, 100892, 38290, 0, 0.000, 0, 0, 0.000000, 0.000000, 0, 0, 0, 0, 0, 0, 0, 0
1777026084, 0, 0, 512, 512, 25, 7.14%, 0, 0, 2, 5.61, 16, 107, 0, 361, 100892, 38290, 0, 0.000, 0, 0, 0.000000, 0.000000, 0, 0, 0, 0, 0, 0, 0, 0
1777026094, 0, 0, 513, 513, 25, 7.14%, 0, 0, 2, 5.66, 16, 107, 0, 361, 100892, 38290, 0, 0.000, 0, 0, 0.000000, 0.000000, 0, 0, 0, 0, 0, 0, 0, 0
1777026105, 0, 0, 515, 515, 25, 7.15%, 0, 0, 2, 5.09, 16, 107, 0, 361, 100892, 38290, 0, 0.000, 0, 0, 0.000000, 0.000000, 0, 0, 0, 0, 0, 0, 0, 0
1777026110, 0, 0, 517, 517, 25, 7.16%, 0, 0, 2, 5.62, 16, 107, 0, 361, 100892, 38290, 0, 0.000, 0, 0, 0.000000, 0.000000, 0, 0, 0, 0, 0, 0, 0, 0
1777026115, 0, 0, 518, 518, 25, 7.16%, 0, 0, 2, 0.66, 16, 107, 0, 361, 100892, 38290, 0, 0.000, 0, 0, 0.000000, 0.000000, 0, 0, 0, 0, 0, 0, 0, 0
1777026125, 0, 0, 519, 519, 25, 7.17%, 0, 0, 2, 5.06, 16, 107, 0, 361, 100892, 38290, 0, 0.000, 0, 0, 0.000000, 0.000000, 0, 0, 0, 0, 0, 0, 0, 0
1777026146, 0, 0, 520, 520, 25, 7.18%, 0, 0, 2, 6.78, 16, 107, 0, 361, 100892, 38290, 0, 0.000, 0, 0, 0.000000, 0.000000, 0, 0, 0, 0, 0, 0, 0, 0
1777026162, 0, 0, 521, 521, 25, 7.18%, 0, 0, 2, 5.94, 16, 107, 0, 361, 100892, 38290, 0, 0.000, 0, 0, 0.000000, 0.000000, 0, 0, 0, 0, 0, 0, 0, 0
1777026172, 0, 0, 522, 522, 25, 7.18%, 0, 0, 2, 5.35, 16, 107, 0, 361, 100892, 38290, 0, 0.000, 0, 0, 0.000000, 0.000000, 0, 0, 0, 0, 0, 0, 0, 0
1777026177, 0, 0, 523, 523, 25, 7.19%, 0, 0, 2, 5.99, 16, 107, 0, 361, 100892, 38290, 0, 0.000, 0, 0, 0.000000, 0.000000, 0, 0, 0, 0, 0, 0, 0, 0
1777026193, 0, 0, 524, 524, 25, 7.19%, 0, 0, 2, 5.44, 16, 107, 0, 361, 100892, 38290, 0, 0.000, 0, 0, 0.000000, 0.000000, 0, 0, 0, 0, 0, 0, 0, 0
1777026203, 0, 0, 525, 525, 25, 7.19%, 0, 0, 2, 5.72, 16, 107, 0, 361, 100892, 38290, 0, 0.000, 0, 0, 0.000000, 0.000000, 0, 0, 0, 0, 0, 0, 0, 0
1777026234, 0, 0, 526, 526, 25, 7.19%, 0, 0, 2, 4.91, 16, 107, 0, 361, 100892, 38290, 0, 0.000, 0, 0, 0.000000, 0.000000, 0, 0, 0, 0, 0, 0, 0, 0
1777026239, 0, 0, 527, 527, 25, 7.19%, 0, 0, 2, 5.41, 16, 107, 0, 361, 100892, 38290, 0, 0.000, 0, 0, 0.000000, 0.000000, 0, 0, 0, 0, 0, 0, 0, 0
1777026255, 0, 0, 528, 528, 25, 7.19%, 0, 0, 2, 5.41, 16, 107, 0, 361, 100892, 38290, 0, 0.000, 0, 0, 0.000000, 0.000000, 0, 0, 0, 0, 0, 0, 0, 0
1777026260, 0, 0, 529, 529, 25, 7.19%, 0, 0, 2, 1.11, 16, 107, 0, 361, 100892, 38290, 0, 0.000, 0, 0, 0.000000, 0.000000, 0, 0, 0, 0, 0, 0, 0, 0
1777026265, 0, 0, 530, 530, 25, 7.19%, 0, 0, 2, 3.90, 16, 107, 0, 361, 100892, 38290, 0, 0.000, 0, 0, 0.000000, 0.000000, 0, 0, 0, 0, 0, 0, 0, 0
1777026275, 0, 0, 531, 531, 25, 7.20%, 0, 0, 2, 5.40, 16, 107, 0, 361, 100892, 38290, 0, 0.000, 0, 0, 0.000000, 0.000000, 0, 0, 0, 0, 0, 0, 0, 0
1777026281, 0, 0, 533, 533, 25, 7.20%, 0, 0, 2, 5.21, 16, 107, 0, 361, 100892, 38290, 0, 0.000, 0, 0, 0.000000, 0.000000, 0, 0, 0, 0, 0, 0, 0, 0
1777026286, 0, 0, 534, 534, 25, 7.20%, 0, 0, 2, 5.80, 16, 108, 0, 361, 100892, 38290, 0, 0.000, 0, 0, 0.000000, 0.000000, 0, 0, 0, 0, 0, 0, 0, 0
1777026291, 0, 0, 535, 535, 25, 7.21%, 0, 0, 2, 5.57, 16, 108, 0, 361, 100892, 38290, 0, 0.000, 0, 0, 0.000000, 0.000000, 0, 0, 0, 0, 0, 0, 0, 0
1777026307, 0, 0, 536, 536, 25, 7.21%, 0, 0, 2, 5.96, 16, 108, 0, 361, 100892, 38290, 0, 0.000, 0, 0, 0.000000, 0.000000, 0, 0, 0, 0, 0, 0, 0, 0
1777026380, 0, 0, 537, 537, 25, 7.22%, 0, 0, 2, 3.79, 16, 108, 0, 361, 100892, 38290, 0, 0.000, 0, 0, 0.000000, 0.000000, 0, 0, 0, 0, 0, 0, 1, 0
1777026385, 0, 0, 538, 538, 25, 7.22%, 0, 0, 2, 0.65, 16, 108, 0, 361, 100892, 38290, 0, 0.000, 0, 0, 0.000000, 0.000000, 0, 0, 0, 0, 0, 0, 1, 0
1777026396, 0, 0, 539, 539, 25, 7.22%, 0, 0, 2, 5.56, 16, 108, 0, 361, 100892, 38290, 0, 0.000, 0, 0, 0.000000, 0.000000, 0, 0, 0, 0, 0, 0, 1, 0
1777026401, 0, 0, 540, 540, 25, 7.23%, 0, 0, 2, 5.67, 16, 108, 0, 361, 100892, 38290, 0, 0.000, 0, 0, 0.000000, 0.000000, 0, 0, 0, 0, 0, 0, 1, 0
1777026417, 0, 0, 541, 541, 25, 7.23%, 0, 0, 2, 7.29, 16, 108, 0, 361, 100892, 38290, 0, 0.000, 0, 0, 0.000000, 0.000000, 0, 0, 0, 0, 0, 0, 1, 0
1777026453, 0, 0, 542, 542, 25, 7.23%, 0, 0, 2, 5.77, 16, 108, 0, 361, 100892, 38290, 0, 0.000, 0, 0, 0.000000, 0.000000, 0, 0, 0, 0, 0, 0, 1, 0
1777026474, 0, 0, 543, 543, 25, 7.23%, 0, 0, 2, 5.43, 16, 108, 0, 361, 100892, 38290, 0, 0.000, 0, 0, 0.000000, 0.000000, 0, 0, 0, 0, 0, 0, 1, 0
1777026522, 0, 0, 544, 544, 25, 7.23%, 0, 0, 2, 5.71, 16, 108, 0, 361, 100892, 38290, 0, 0.000, 0, 0, 0.000000, 0.000000, 0, 0, 0, 0, 0, 0, 2, 0
1777026532, 0, 0, 545, 545, 25, 7.24%, 0, 0, 2, 3.15, 16, 108, 0, 361, 100892, 38290, 0, 0.000, 0, 0, 0.000000, 0.000000, 0, 0, 0, 0, 0, 0, 2, 0
1777026538, 0, 0, 546, 546, 25, 7.27%, 0, 0, 2, 4.88, 16, 108, 0, 361, 100892, 38290, 0, 0.000, 0, 0, 0.000000, 0.000000, 0, 0, 0, 0, 0, 0, 2, 0
1777026543, 0, 0, 547, 547, 25, 7.28%, 0, 0, 2, 5.63, 16, 108, 0, 361, 100892, 38290, 0, 0.000, 0, 0, 0.000000, 0.000000, 0, 0, 0, 0, 0, 0, 2, 0
1777026549, 0, 0, 548, 548, 25, 7.28%, 0, 0, 2, 5.22, 16, 108, 0, 361, 100892, 38290, 0, 0.000, 0, 0, 0.000000, 0.000000, 0, 0, 0, 0, 0, 0, 2, 0
1777026586, 0, 0, 549, 549, 25, 7.28%, 0, 0, 2, 5.98, 16, 108, 0, 361, 100892, 38290, 0, 0.000, 0, 0, 0.000000, 0.000000, 0, 0, 0, 0, 0, 0, 2, 0
1777026596, 0, 0, 550, 550, 25, 7.29%, 0, 0, 2, 5.53, 16, 108, 0, 361, 100892, 38290, 0, 0.000, 0, 0, 0.000000, 0.000000, 0, 0, 0, 0, 0, 0, 2, 0
1777026607, 0, 0, 551, 551, 25, 7.29%, 0, 0, 2, 2.86, 16, 108, 0, 361, 100892, 38290, 0, 0.000, 0, 0, 0.000000, 0.000000, 0, 0, 0, 0, 0, 0, 2, 0
1777026617, 0, 0, 552, 552, 25, 7.29%, 0, 0, 2, 5.05, 16, 108, 0, 361, 100892, 38290, 0, 0.000, 0, 0, 0.000000, 0.000000, 0, 0, 0, 0, 0, 0, 2, 0
1777026627, 0, 0, 554, 554, 25, 7.30%, 0, 0, 2, 5.42, 17, 109, 0, 361, 100892, 38290, 0, 0.000, 0, 0, 0.000000, 0.000000, 0, 0, 0, 0, 0, 0, 2, 0
1777026638, 0, 0, 555, 555, 25, 7.31%, 0, 0, 2, 5.68, 17, 109, 0, 361, 100892, 38290, 0, 0.000, 0, 0, 0.000000, 0.000000, 0, 0, 0, 0, 0, 0, 2, 0
1777026643, 0, 0, 556, 556, 25, 7.31%, 0, 0, 2, 7.58, 17, 109, 0, 361, 100892, 38290, 0, 0.000, 0, 0, 0.000000, 0.000000, 0, 0, 0, 0, 0, 0, 2, 0
1777026663, 0, 0, 557, 557, 25, 7.31%, 0, 0, 2, 5.66, 17, 109, 0, 361, 100892, 38290, 0, 0.000, 0, 0, 0.000000, 0.000000, 0, 0, 0, 0, 0, 0, 2, 0
1777026684, 0, 0, 558, 558, 25, 7.32%, 0, 0, 2, 5.74, 17, 109, 0, 361, 100892, 38290, 0, 0.000, 0, 0, 0.000000, 0.000000, 0, 0, 0, 0, 0, 0, 2, 0
1777026689, 0, 0, 559, 559, 25, 7.32%, 0, 0, 2, 4.35, 17, 109, 0, 361, 100892, 38290, 0, 0.000, 0, 0, 0.000000, 0.000000, 0, 0, 0, 0, 0, 0, 2, 0
1777026741, 0, 0, 560, 560, 25, 7.40%, 0, 0, 2, 5.36, 18, 110, 0, 361, 100892, 38290, 0, 0.000, 0, 0, 0.000000, 0.000000, 0, 0, 0, 0, 0, 0, 3, 0
1777026756, 0, 0, 561, 561, 25, 7.41%, 0, 0, 2, 5.74, 18, 110, 0, 361, 100892, 38290, 0, 0.000, 0, 0, 0.000000, 0.000000, 0, 0, 0, 0, 0, 0, 3, 0
1777026767, 0, 0, 562, 562, 25, 7.41%, 0, 0, 2, 10.89, 18, 110, 0, 361, 100892, 38290, 0, 0.000, 0, 0, 0.000000, 0.000000, 0, 0, 0, 0, 0, 0, 3, 0
1777026787, 0, 0, 563, 563, 25, 7.41%, 0, 0, 2, 5.27, 18, 110, 0, 361, 100892, 38290, 0, 0.000, 0, 0, 0.000000, 0.000000, 0, 0, 0, 0, 0, 0, 3, 0
1777026792, 0, 0, 564, 564, 25, 7.41%, 0, 0, 2, 5.44, 18, 110, 0, 361, 100892, 38290, 0, 0.000, 0, 0, 0.000000, 0.000000, 0, 0, 0, 0, 0, 0, 3, 0
1777026803, 0, 0, 565, 565, 25, 7.41%, 0, 0, 2, 0.66, 18, 110, 0, 361, 100892, 38290, 0, 0.000, 0, 0, 0.000000, 0.000000, 0, 0, 0, 0, 0, 0, 3, 0
1777026834, 0, 0, 566, 566, 25, 7.42%, 0, 0, 2, 6.36, 18, 110, 0, 361, 100892, 38290, 0, 0.000, 0, 0, 0.000000, 0.000000, 0, 0, 0, 0, 0, 0, 3, 0
1777026839, 0, 0, 567, 567, 25, 7.42%, 0, 0, 2, 6.07, 18, 110, 0, 361, 100892, 38290, 0, 0.000, 0, 0, 0.000000, 0.000000, 0, 0, 0, 0, 0, 0, 3, 0
1777026855, 0, 0, 568, 568, 25, 7.42%, 0, 0, 2, 5.43, 18, 110, 0, 361, 100892, 38290, 0, 0.000, 0, 0, 0.000000, 0.000000, 0, 0, 0, 0, 0, 0, 3, 0
1777026876, 0, 0, 569, 569, 25, 7.42%, 0, 0, 2, 4.95, 18, 110, 0, 361, 100892, 38290, 0, 0.000, 0, 0, 0.000000, 0.000000, 0, 0, 0, 0, 0, 0, 3, 0
1777026881, 0, 0, 570, 570, 25, 7.43%, 0, 0, 2, 5.79, 18, 110, 0, 361, 100892, 38290, 0, 0.000, 0, 0, 0.000000, 0.000000, 0, 0, 0, 0, 0, 0, 3, 0
1777026917, 0, 0, 571, 571, 25, 7.43%, 0, 0, 2, 5.50, 18, 110, 0, 361, 100892, 38290, 0, 0.000, 0, 0, 0.000000, 0.000000, 0, 0, 0, 0, 0, 0, 3, 0
1777026933, 0, 0, 573, 573, 25, 7.43%, 0, 0, 2, 5.67, 18, 110, 0, 361, 100892, 38290, 0, 0.000, 0, 0, 0.000000, 0.000000, 0, 0, 0, 0, 0, 0, 3, 0
1777026949, 0, 0, 574, 574, 25, 7.44%, 0, 0, 2, 6.14, 18, 110, 0, 361, 100892, 38290, 0, 0.000, 0, 0, 0.000000, 0.000000, 0, 0, 0, 0, 0, 0, 3, 0
1777026955, 0, 0, 575, 575, 25, 7.44%, 0, 0, 2, 0.67, 18, 110, 0, 361, 100892, 38290, 0, 0.000, 0, 0, 0.000000, 0.000000, 0, 0, 0, 0, 0, 0, 3, 0
1777027007, 0, 0, 576, 576, 25, 7.44%, 0, 0, 2, 5.82, 18, 110, 0, 361, 100892, 38290, 0, 0.000, 0, 0, 0.000000, 0.000000, 0, 0, 0, 0, 0, 0, 4, 0
1777027017, 0, 0, 577, 577, 25, 7.44%, 0, 0, 2, 6.05, 18, 110, 0, 361, 100892, 38290, 0, 0.000, 0, 0, 0.000000, 0.000000, 0, 0, 0, 0, 0, 0, 4, 0
1777027023, 0, 0, 578, 578, 25, 7.44%, 0, 0, 2, 5.75, 18, 110, 0, 361, 100892, 38290, 0, 0.000, 0, 0, 0.000000, 0.000000, 0, 0, 0, 0, 0, 0, 4, 0
1777027059, 0, 0, 579, 579, 25, 7.45%, 0, 0, 2, 7.47, 18, 110, 0, 361, 100892, 38290, 0, 0.000, 0, 0, 0.000000, 0.000000, 0, 0, 0, 0, 0, 0, 4, 0
1777027064, 0, 0, 580, 580, 25, 7.45%, 0, 0, 2, 6.52, 18, 110, 0, 361, 100892, 38290, 0, 0.000, 0, 0, 0.000000, 0.000000, 0, 0, 0, 0, 0, 0, 4, 0
1777027090, 0, 0, 581, 581, 25, 7.45%, 0, 0, 2, 5.51, 18, 110, 0, 361, 100892, 38290, 0, 0.000, 0, 0, 0.000000, 0.000000, 0, 0, 0, 0, 0, 0, 4, 0
1777027137, 0, 0, 582, 582, 25, 7.45%, 0, 0, 2, 5.66, 18, 110, 0, 361, 100892, 38290, 0, 0.000, 0, 0, 0.000000, 0.000000, 0, 0, 0, 0, 0, 0, 5, 0
1777027188, 0, 0, 583, 583, 25, 7.45%, 0, 0, 2, 7.09, 18, 110, 0, 361, 100892, 38290, 0, 0.000, 0, 0, 0.000000, 0.000000, 0, 0, 0, 0, 0, 0, 6, 0
1777027209, 0, 0, 584, 584, 25, 7.45%, 0, 0, 2, 5.29, 18, 111, 0, 361, 100892, 38290, 0, 0.000, 0, 0, 0.000000, 0.000000, 0, 0, 0, 0, 0, 0, 6, 0
1777027215, 0, 0, 585, 585, 25, 7.46%, 0, 0, 2, 5.46, 18, 114, 0, 361, 100892, 38290, 0, 0.000, 0, 0, 0.000000, 0.000000, 0, 0, 0, 0, 0, 0, 6, 0
1777027220, 0, 0, 586, 586, 25, 7.46%, 0, 0, 2, 0.66, 18, 114, 0, 361, 100892, 38290, 0, 0.000, 0, 0, 0.000000, 0.000000, 0, 0, 0, 0, 0, 0, 6, 0
1777027236, 0, 0, 587, 587, 25, 7.46%, 0, 0, 2, 5.49, 18, 116, 0, 361, 100892, 38290, 0, 0.000, 0, 0, 0.000000, 0.000000, 0, 0, 0, 0, 0, 0, 6, 0
1777027241, 0, 0, 588, 588, 25, 7.47%, 0, 0, 2, 5.39, 18, 116, 0, 361, 100892, 38290, 0, 0.000, 0, 0, 0.000000, 0.000000, 0, 0, 0, 0, 0, 0, 6, 0
1777027256, 0, 0, 589, 589, 25, 7.47%, 0, 0, 2, 6.02, 18, 116, 0, 361, 100892, 38290, 0, 0.000, 0, 0, 0.000000, 0.000000, 0, 0, 0, 0, 0, 0, 6, 0
1777027303, 0, 0, 590, 590, 25, 7.48%, 0, 0, 2, 5.39, 18, 116, 0, 361, 100892, 38290, 0, 0.000, 0, 0, 0.000000, 0.000000, 0, 0, 0, 0, 0, 0, 7, 0
1777027314, 0, 0, 591, 591, 25, 7.48%, 0, 0, 2, 5.58, 18, 116, 0, 361, 100892, 38290, 0, 0.000, 0, 0, 0.000000, 0.000000, 0, 0, 0, 0, 0, 0, 7, 0
1777027334, 0, 0, 592, 592, 25, 7.48%, 0, 0, 2, 5.75, 18, 116, 0, 361, 100892, 38290, 0, 0.000, 0, 0, 0.000000, 0.000000, 0, 0, 0, 0, 0, 0, 7, 0
1777027381, 0, 0, 593, 593, 25, 7.48%, 0, 0, 2, 5.73, 18, 116, 0, 361, 100892, 38290, 0, 0.000, 0, 0, 0.000000, 0.000000, 0, 0, 0, 0, 0, 0, 8, 0
1777027391, 0, 0, 594, 594, 25, 7.48%, 0, 0, 2, 5.82, 18, 116, 0, 361, 100892, 38290, 0, 0.000, 0, 0, 0.000000, 0.000000, 0, 0, 0, 0, 0, 0, 8, 0
1777027407, 0, 0, 595, 595, 25, 7.48%, 0, 0, 2, 7.33, 18, 116, 0, 361, 100892, 38290, 0, 0.000, 0, 0, 0.000000, 0.000000, 0, 0, 0, 0, 0, 0, 8, 0
1777027433, 0, 0, 596, 596, 25, 7.48%, 0, 0, 2, 5.59, 18, 116, 0, 361, 100892, 38290, 0, 0.000, 0, 0, 0.000000, 0.000000, 0, 0, 0, 0, 0, 0, 8, 0
1777027480, 0, 0, 597, 597, 25, 7.49%, 0, 0, 2, 5.56, 18, 116, 0, 361, 100892, 38290, 0, 0.000, 0, 0, 0.000000, 0.000000, 0, 0, 0, 0, 0, 0, 9, 0
1777027485, 0, 0, 598, 598, 25, 7.50%, 0, 0, 2, 5.48, 18, 116, 0, 361, 100892, 38290, 0, 0.000, 0, 0, 0.000000, 0.000000, 0, 0, 0, 0, 0, 0, 9, 0
1777027491, 0, 0, 599, 599, 25, 7.50%, 0, 0, 2, 0.65, 18, 116, 0, 361, 100892, 38290, 0, 0.000, 0, 0, 0.000000, 0.000000, 0, 0, 0, 0, 0, 0, 9, 0
1777027527, 0, 0, 600, 600, 25, 7.51%, 0, 0, 2, 4.44, 18, 116, 0, 361, 100892, 38290, 0, 0.000, 0, 0, 0.000000, 0.000000, 0, 0, 0, 0, 0, 0, 9, 0
1777027537, 0, 0, 601, 601, 25, 7.51%, 0, 0, 2, 5.31, 18, 116, 0, 361, 100892, 38290, 0, 0.000, 0, 0, 0.000000, 0.000000, 0, 0, 0, 0, 0, 0, 9, 0
1777027558, 0, 0, 602, 602, 25, 7.51%, 0, 0, 2, 5.52, 18, 116, 0, 361, 100892, 38290, 0, 0.000, 0, 0, 0.000000, 0.000000, 0, 0, 0, 0, 0, 0, 9, 0
1777027570, 0, 0, 603, 603, 25, 7.51%, 0, 0, 2, 0.65, 18, 116, 0, 361, 100892, 38290, 0, 0.000, 0, 0, 0.000000, 0.000000, 0, 0, 0, 0, 0, 0, 9, 0
1777027575, 0, 0, 604, 604, 25, 7.51%, 0, 0, 2, 6.88, 18, 117, 0, 361, 100892, 38290, 0, 0.000, 0, 0, 0.000000, 0.000000, 0, 0, 0, 0, 0, 0, 9, 0
1777027580, 0, 0, 605, 605, 25, 7.51%, 0, 0, 2, 5.90, 18, 117, 0, 361, 100892, 38290, 0, 0.000, 0, 0, 0.000000, 0.000000, 0, 0, 0, 0, 0, 0, 9, 0
1777027616, 0, 0, 606, 606, 25, 7.51%, 0, 0, 2, 5.60, 18, 117, 0, 361, 100892, 38290, 0, 0.000, 0, 0, 0.000000, 0.000000, 0, 0, 0, 0, 0, 0, 9, 0
1777027643, 0, 0, 607, 607, 25, 7.51%, 0, 0, 2, 6.61, 18, 117, 0, 361, 100892, 38290, 0, 0.000, 0, 0, 0.000000, 0.000000, 0, 0, 0, 0, 0, 0, 9, 0
1777027663, 0, 0, 608, 608, 25, 7.51%, 0, 0, 2, 5.45, 18, 117, 0, 361, 100892, 38290, 0, 0.000, 0, 0, 0.000000, 0.000000, 0, 0, 0, 0, 0, 0, 9, 0
1777027678, 0, 0, 609, 609, 25, 7.51%, 0, 0, 2, 5.45, 18, 117, 0, 361, 100892, 38290, 0, 0.000, 0, 0, 0.000000, 0.000000, 0, 0, 0, 0, 0, 0, 9, 0
1777027689, 0, 0, 610, 610, 25, 7.51%, 0, 0, 2, 5.89, 18, 117, 0, 361, 100892, 38290, 0, 0.000, 0, 0, 0.000000, 0.000000, 0, 0, 0, 0, 0, 0, 9, 0
1777027694, 0, 0, 611, 611, 25, 7.51%, 0, 0, 2, 5.57, 18, 117, 0, 361, 100892, 38290, 0, 0.000, 0, 0, 0.000000, 0.000000, 0, 0, 0, 0, 0, 0, 9, 0
1777027730, 0, 0, 612, 612, 25, 7.51%, 0, 0, 2, 5.16, 18, 117, 0, 361, 100892, 38290, 0, 0.000, 0, 0, 0.000000, 0.000000, 0, 0, 0, 0, 0, 0, 9, 0
1777027736, 0, 0, 613, 613, 25, 7.51%, 0, 0, 2, 4.96, 18, 117, 0, 361, 100892, 38290, 0, 0.000, 0, 0, 0.000000, 0.000000, 0, 0, 0, 0, 0, 0, 9, 0
1777027741, 0, 0, 615, 615, 25, 7.51%, 0, 0, 2, 5.10, 18, 117, 0, 361, 100892, 38290, 0, 0.000, 0, 0, 0.000000, 0.000000, 0, 0, 0, 0, 0, 0, 9, 0
1777027746, 0, 0, 616, 616, 25, 7.51%, 0, 0, 2, 5.07, 18, 117, 0, 361, 100892, 38290, 0, 0.000, 0, 0, 0.000000, 0.000000, 0, 0, 0, 0, 0, 0, 9, 0
1777027788, 0, 0, 617, 617, 25, 7.52%, 0, 0, 2, 5.56, 18, 117, 0, 361, 100892, 38290, 0, 0.000, 0, 0, 0.000000, 0.000000, 0, 0, 0, 0, 0, 0, 9, 0
1777027793, 0, 0, 618, 618, 25, 7.52%, 0, 0, 2, 5.08, 18, 117, 0, 361, 100892, 38290, 0, 0.000, 0, 0, 0.000000, 0.000000, 0, 0, 0, 0, 0, 0, 9, 0
1777027804, 0, 0, 619, 619, 25, 7.52%, 0, 0, 2, 0.65, 18, 117, 0, 361, 100892, 38290, 0, 0.000, 0, 0, 0.000000, 0.000000, 0, 0, 0, 0, 0, 0, 9, 0
1777027809, 0, 0, 620, 620, 25, 7.52%, 0, 0, 2, 5.39, 18, 117, 0, 361, 100892, 38290, 0, 0.000, 0, 0, 0.000000, 0.000000, 0, 0, 0, 0, 0, 0, 9, 0
1777027856, 0, 0, 621, 621, 25, 7.52%, 0, 0, 2, 5.62, 18, 117, 0, 361, 100892, 38290, 0, 0.000, 0, 0, 0.000000, 0.000000, 0, 0, 0, 0, 0, 0, 10, 0
1777027861, 0, 0, 622, 622, 25, 7.52%, 0, 0, 2, 5.51, 18, 117, 0, 361, 100892, 38290, 0, 0.000, 0, 0, 0.000000, 0.000000, 0, 0, 0, 0, 0, 0, 10, 0
1777027876, 0, 0, 623, 623, 25, 7.52%, 0, 0, 2, 7.09, 18, 117, 0, 361, 100892, 38290, 0, 0.000, 0, 0, 0.000000, 0.000000, 0, 0, 0, 0, 0, 0, 10, 0
1777027990, 0, 0, 624, 624, 25, 7.52%, 0, 0, 2, 5.29, 18, 117, 0, 361, 100892, 38290, 0, 0.000, 0, 0, 0.000000, 0.000000, 0, 0, 0, 0, 0, 0, 12, 0
