# unix_time, cycles_done, cur_path, paths_total, pending_total, pending_favs, map_size, unique_crashes, unique_hangs, max_depth, execs_per_sec, n_nodes, n_edges, chat_times, llm_calls, llm_prompt_tok, llm_compl_tok, llm_dedup, hyp_fitness, hyp_success, hyp_failure, mqtt_diff_avg, mqtt_diff_last, mqtt_diff_pos
1777098735, 0, 1, 461, 461, 29, 6.41%, 0, 0, 2, 4.52, 14, 107, 0, 370, 103339, 41423, 0, 0.000, 0, 0, 0.000000, 0.000000, 0, 0, 0, 0, 0, 0, 0, 0
1777098740, 0, 1, 463, 463, 29, 6.70%, 0, 0, 2, 4.81, 15, 110, 0, 370, 103339, 41423, 0, 0.000, 0, 0, 0.000000, 0.000000, 0, 0, 0, 0, 0, 0, 0, 0
1777098745, 0, 1, 467, 467, 29, 6.75%, 0, 0, 2, 5.72, 15, 112, 0, 370, 103339, 41423, 0, 0.000, 0, 0, 0.000000, 0.000000, 0, 0, 0, 0, 0, 0, 0, 0
1777098750, 0, 1, 469, 469, 29, 6.80%, 0, 0, 2, 5.81, 15, 112, 0, 370, 103339, 41423, 0, 0.000, 0, 0, 0.000000, 0.000000, 0, 0, 0, 0, 0, 0, 0, 0
1777098755, 0, 1, 471, 471, 29, 6.80%, 0, 0, 2, 5.62, 15, 112, 0, 370, 103339, 41423, 0, 0.000, 0, 0, 0.000000, 0.000000, 0, 0, 0, 0, 0, 0, 0, 0
1777098760, 0, 1, 474, 474, 29, 6.82%, 0, 0, 2, 5.67, 15, 112, 0, 370, 103339, 41423, 0, 0.000, 0, 0, 0.000000, 0.000000, 0, 0, 0, 0, 0, 0, 0, 0
1777098766, 0, 1, 476, 476, 29, 6.83%, 0, 0, 2, 5.90, 15, 112, 0, 370, 103339, 41423, 0, 0.000, 0, 0, 0.000000, 0.000000, 0, 0, 0, 0, 0, 0, 0, 0
1777098771, 0, 1, 478, 478, 29, 6.83%, 0, 0, 2, 5.92, 15, 112, 0, 370, 103339, 41423, 0, 0.000, 0, 0, 0.000000, 0.000000, 0, 0, 0, 0, 0, 0, 0, 0
1777098776, 0, 1, 479, 479, 29, 6.83%, 0, 0, 2, 1.11, 15, 112, 0, 370, 103339, 41423, 0, 0.000, 0, 0, 0.000000, 0.000000, 0, 0, 0, 0, 0, 0, 0, 0
1777098781, 0, 1, 481, 481, 29, 6.85%, 0, 0, 2, 3.86, 15, 112, 0, 370, 103339, 41423, 0, 0.000, 0, 0, 0.000000, 0.000000, 0, 0, 0, 0, 0, 0, 0, 0
1777098787, 0, 1, 482, 482, 29, 6.88%, 0, 0, 2, 5.70, 15, 112, 0, 370, 103339, 41423, 0, 0.000, 0, 0, 0.000000, 0.000000, 0, 0, 0, 0, 0, 0, 0, 0
1777098792, 0, 1, 484, 484, 29, 6.90%, 0, 0, 2, 6.14, 15, 115, 0, 370, 103339, 41423, 0, 0.000, 0, 0, 0.000000, 0.000000, 0, 0, 0, 0, 0, 0, 0, 0
1777098797, 0, 1, 486, 486, 29, 6.91%, 0, 0, 2, 5.99, 15, 115, 0, 370, 103339, 41423, 0, 0.000, 0, 0, 0.000000, 0.000000, 0, 0, 0, 0, 0, 0, 0, 0
1777098802, 0, 1, 489, 489, 29, 6.93%, 0, 0, 2, 5.73, 15, 115, 0, 370, 103339, 41423, 0, 0.000, 0, 0, 0.000000, 0.000000, 0, 0, 0, 0, 0, 0, 0, 0
1777098808, 0, 1, 491, 491, 29, 6.94%, 0, 0, 2, 5.47, 15, 115, 0, 370, 103339, 41423, 0, 0.000, 0, 0, 0.000000, 0.000000, 0, 0, 0, 0, 0, 0, 0, 0
1777098813, 0, 1, 492, 492, 29, 6.94%, 0, 0, 2, 5.42, 15, 115, 0, 370, 103339, 41423, 0, 0.000, 0, 0, 0.000000, 0.000000, 0, 0, 0, 0, 0, 0, 0, 0
1777098824, 0, 1, 493, 493, 29, 6.94%, 0, 0, 2, 0.65, 15, 115, 0, 370, 103339, 41423, 0, 0.000, 0, 0, 0.000000, 0.000000, 0, 0, 0, 0, 0, 0, 0, 0
1777098829, 0, 1, 495, 495, 29, 6.94%, 0, 0, 2, 6.92, 15, 115, 0, 370, 103339, 41423, 0, 0.000, 0, 0, 0.000000, 0.000000, 0, 0, 0, 0, 0, 0, 0, 0
1777098834, 0, 1, 496, 496, 29, 6.94%, 0, 0, 2, 5.83, 15, 115, 0, 370, 103339, 41423, 0, 0.000, 0, 0, 0.000000, 0.000000, 0, 0, 0, 0, 0, 0, 0, 0
1777098839, 0, 1, 497, 497, 29, 6.94%, 0, 0, 2, 5.81, 15, 115, 0, 370, 103339, 41423, 0, 0.000, 0, 0, 0.000000, 0.000000, 0, 0, 0, 0, 0, 0, 0, 0
1777098844, 0, 1, 498, 498, 29, 6.97%, 0, 0, 2, 5.44, 15, 116, 0, 370, 103339, 41423, 0, 0.000, 0, 0, 0.000000, 0.000000, 0, 0, 0, 0, 0, 0, 0, 0
1777098849, 0, 1, 500, 500, 29, 6.98%, 0, 0, 2, 5.53, 15, 116, 0, 370, 103339, 41423, 0, 0.000, 0, 0, 0.000000, 0.000000, 0, 0, 0, 0, 0, 0, 0, 0
