# unix_time, cycles_done, cur_path, paths_total, pending_total, pending_favs, map_size, unique_crashes, unique_hangs, max_depth, execs_per_sec, n_nodes, n_edges, chat_times
1771328236, 0, 0, 93, 93, 17, 0.85%, 0, 0, 2, 4.88, 17, 65, 0
1771328242, 0, 0, 96, 96, 17, 0.85%, 0, 0, 2, 11.34, 17, 65, 0
1771328247, 0, 0, 97, 97, 17, 0.85%, 0, 0, 2, 10.52, 17, 66, 0
1771328252, 0, 0, 100, 100, 17, 0.86%, 0, 0, 2, 10.69, 17, 66, 0
1771328257, 0, 0, 102, 102, 17, 0.86%, 0, 0, 2, 12.00, 18, 68, 0
1771328272, 0, 0, 103, 103, 17, 0.86%, 0, 0, 2, 11.12, 18, 69, 0
1771328282, 0, 0, 104, 104, 17, 0.86%, 0, 0, 2, 12.02, 18, 69, 0
1771328287, 0, 0, 105, 105, 17, 0.86%, 0, 0, 2, 11.11, 18, 69, 0
1771328292, 0, 0, 107, 107, 17, 0.87%, 0, 0, 2, 10.31, 18, 69, 0
1771328323, 0, 0, 108, 108, 17, 0.87%, 0, 0, 2, 9.36, 18, 75, 0
1771328328, 0, 0, 109, 109, 17, 0.87%, 0, 0, 2, 9.74, 18, 75, 0
1771328333, 0, 0, 111, 111, 17, 0.87%, 0, 0, 2, 12.38, 18, 79, 0
1771328339, 0, 0, 113, 113, 17, 0.87%, 0, 0, 2, 6.19, 18, 82, 0
1771328344, 0, 0, 115, 115, 17, 0.87%, 0, 0, 2, 4.81, 18, 83, 0
1771328349, 0, 0, 117, 117, 17, 0.88%, 0, 0, 2, 4.10, 18, 84, 0
1771328354, 0, 0, 118, 118, 17, 0.88%, 0, 0, 2, 4.47, 18, 84, 0
1771328359, 0, 0, 120, 120, 17, 0.88%, 0, 0, 2, 4.25, 18, 84, 0
1771328364, 0, 0, 121, 121, 17, 0.88%, 0, 0, 2, 4.56, 18, 84, 0
1771328370, 0, 0, 123, 123, 17, 0.88%, 0, 0, 2, 4.31, 18, 84, 0
1771328375, 0, 0, 124, 124, 17, 0.88%, 0, 0, 2, 3.72, 18, 84, 0
1771328380, 0, 0, 125, 125, 17, 0.88%, 0, 0, 2, 4.17, 18, 84, 0
1771328385, 0, 0, 127, 127, 17, 0.88%, 0, 0, 2, 3.70, 18, 84, 0
1771328390, 0, 0, 128, 128, 17, 0.89%, 0, 0, 2, 3.64, 18, 84, 0
1771328401, 0, 0, 129, 129, 17, 0.89%, 0, 0, 2, 4.21, 18, 84, 0
1771328406, 0, 0, 130, 130, 17, 0.89%, 0, 0, 2, 3.81, 18, 84, 0
1771328411, 0, 0, 132, 132, 17, 0.90%, 0, 0, 2, 3.63, 18, 84, 0
1771328416, 0, 0, 134, 134, 17, 0.90%, 0, 0, 2, 3.46, 18, 86, 0
1771328421, 0, 0, 135, 135, 17, 0.91%, 0, 0, 2, 3.62, 18, 86, 0
1771328432, 0, 0, 136, 136, 17, 0.91%, 0, 0, 2, 3.69, 18, 86, 0
1771328442, 0, 0, 137, 137, 17, 0.91%, 0, 0, 2, 3.95, 18, 86, 0
1771328452, 0, 0, 138, 138, 17, 0.91%, 0, 0, 2, 4.56, 18, 86, 0
1771328457, 0, 0, 139, 139, 17, 0.91%, 0, 0, 2, 4.84, 18, 86, 0
1771328468, 0, 0, 140, 140, 17, 0.91%, 0, 0, 2, 3.84, 18, 86, 0
1771328473, 0, 0, 141, 141, 17, 0.91%, 0, 0, 2, 4.43, 18, 86, 0
1771328483, 0, 0, 142, 142, 17, 0.91%, 0, 0, 2, 3.94, 18, 86, 0
1771328493, 0, 0, 143, 143, 17, 0.91%, 0, 0, 2, 3.58, 18, 86, 0
1771328519, 0, 0, 144, 144, 17, 0.91%, 0, 0, 2, 4.15, 18, 86, 0
1771328524, 0, 0, 145, 145, 17, 0.91%, 0, 0, 2, 3.99, 18, 86, 0
1771328535, 0, 0, 147, 147, 17, 0.92%, 0, 0, 2, 4.84, 18, 86, 0
1771328540, 0, 0, 148, 148, 17, 0.92%, 0, 0, 2, 4.37, 18, 86, 0
1771328551, 0, 0, 149, 149, 17, 0.92%, 0, 0, 2, 3.95, 18, 86, 0
1771328556, 0, 0, 150, 150, 17, 0.92%, 0, 0, 2, 3.82, 18, 86, 0
1771328561, 0, 0, 151, 151, 17, 0.92%, 0, 0, 2, 3.06, 18, 87, 0
1771328566, 0, 0, 152, 152, 17, 0.92%, 0, 0, 2, 3.54, 18, 87, 0
1771328572, 0, 0, 153, 153, 17, 0.92%, 0, 0, 2, 4.13, 19, 89, 0
1771328628, 0, 0, 154, 154, 17, 0.93%, 0, 0, 2, 3.66, 19, 89, 0
1771328638, 0, 0, 155, 155, 17, 0.94%, 0, 0, 2, 3.98, 19, 89, 0
1771328659, 0, 0, 156, 156, 17, 0.94%, 0, 0, 2, 3.47, 19, 89, 0
1771328669, 0, 0, 157, 157, 17, 0.94%, 0, 0, 2, 3.94, 19, 89, 0
1771328675, 0, 0, 158, 158, 17, 0.95%, 0, 0, 2, 3.85, 19, 89, 0
1771328690, 0, 0, 159, 159, 17, 0.95%, 0, 0, 2, 3.48, 19, 89, 0
1771328695, 0, 0, 160, 160, 17, 0.95%, 0, 0, 2, 4.26, 19, 90, 0
1771328700, 0, 0, 161, 161, 17, 0.95%, 0, 0, 2, 4.26, 19, 90, 0
1771328711, 0, 0, 162, 162, 17, 0.95%, 0, 0, 2, 5.00, 19, 90, 0
1771328721, 0, 0, 163, 163, 17, 0.95%, 0, 0, 2, 5.11, 19, 90, 0
1771328726, 0, 0, 164, 164, 17, 0.95%, 0, 0, 2, 4.42, 19, 90, 0
1771328742, 0, 0, 165, 165, 17, 0.95%, 0, 0, 2, 2.73, 19, 90, 0
1771328758, 0, 52, 166, 165, 0, 0.96%, 0, 0, 2, 6.11, 19, 91, 0
1771328763, 0, 52, 167, 166, 0, 0.96%, 0, 0, 2, 6.62, 19, 94, 0
1771328768, 0, 52, 170, 169, 0, 0.96%, 0, 0, 2, 5.55, 19, 94, 0
1771328773, 0, 52, 171, 170, 0, 0.96%, 0, 0, 2, 4.18, 19, 96, 0
1771328778, 0, 52, 173, 172, 0, 0.96%, 0, 0, 2, 4.53, 19, 97, 0
1771328784, 0, 52, 175, 174, 0, 0.97%, 0, 0, 2, 4.67, 19, 100, 0
1771328789, 0, 52, 178, 177, 0, 0.97%, 0, 0, 2, 4.95, 19, 102, 0
1771328794, 0, 52, 180, 179, 0, 0.97%, 0, 0, 2, 4.33, 19, 102, 0
1771328799, 0, 52, 181, 180, 0, 0.97%, 0, 0, 2, 4.39, 19, 102, 0
1771328804, 0, 52, 183, 182, 0, 0.98%, 0, 0, 2, 4.75, 19, 102, 0
1771328809, 0, 52, 185, 184, 0, 0.98%, 0, 0, 2, 4.86, 19, 102, 0
1771328814, 0, 52, 186, 185, 0, 0.98%, 0, 0, 2, 3.71, 19, 102, 0
1771328820, 0, 52, 187, 186, 0, 0.98%, 0, 0, 2, 4.22, 19, 102, 0
1771328835, 0, 52, 188, 187, 0, 0.98%, 0, 0, 2, 4.14, 19, 102, 0
1771328840, 0, 52, 189, 188, 0, 0.98%, 0, 0, 2, 3.77, 20, 104, 0
1771328845, 0, 52, 190, 189, 0, 0.98%, 0, 0, 2, 3.81, 20, 105, 0
1771328850, 0, 52, 191, 190, 0, 0.98%, 0, 0, 2, 3.39, 20, 106, 0
1771328855, 0, 52, 192, 191, 0, 0.98%, 0, 0, 2, 3.85, 20, 107, 0
1771328876, 0, 52, 193, 192, 0, 0.98%, 0, 0, 2, 3.89, 20, 108, 0
1771328886, 0, 52, 194, 193, 0, 0.98%, 0, 0, 2, 4.84, 20, 110, 0
1771328896, 0, 52, 196, 195, 0, 0.98%, 0, 0, 2, 4.88, 20, 110, 0
1771328902, 0, 52, 197, 196, 0, 0.99%, 0, 0, 2, 4.59, 21, 112, 0
1771328922, 0, 52, 198, 197, 0, 0.99%, 0, 0, 2, 4.30, 21, 112, 0
1771328938, 0, 52, 199, 198, 0, 0.99%, 0, 0, 2, 4.65, 21, 112, 0
1771328948, 0, 52, 200, 199, 0, 1.00%, 0, 0, 2, 3.77, 21, 112, 0
1771328959, 0, 52, 201, 200, 0, 1.00%, 0, 0, 2, 3.08, 21, 113, 0
1771328979, 0, 52, 202, 201, 0, 1.00%, 0, 0, 2, 2.46, 21, 114, 0
1771328984, 0, 52, 203, 202, 0, 1.00%, 0, 0, 2, 2.52, 21, 114, 0
1771328995, 0, 52, 204, 203, 0, 1.00%, 0, 0, 2, 3.04, 21, 115, 0
1771329000, 0, 52, 205, 204, 0, 1.00%, 0, 0, 2, 3.16, 21, 115, 0
1771329005, 0, 52, 206, 205, 0, 1.00%, 0, 0, 2, 3.01, 21, 116, 0
1771329011, 0, 52, 207, 206, 0, 1.00%, 0, 0, 2, 2.56, 21, 116, 0
1771329016, 0, 52, 208, 207, 0, 1.01%, 0, 0, 2, 2.59, 21, 116, 0
1771329036, 0, 52, 209, 208, 0, 1.01%, 0, 0, 2, 2.41, 21, 116, 0
1771329041, 0, 52, 210, 209, 0, 1.01%, 0, 0, 2, 2.74, 21, 116, 0
1771329051, 0, 52, 211, 210, 0, 1.01%, 0, 0, 2, 2.55, 21, 116, 0
1771329057, 0, 52, 212, 211, 0, 1.01%, 0, 0, 2, 2.47, 21, 116, 0
1771329088, 0, 52, 213, 212, 0, 1.01%, 0, 0, 2, 2.63, 21, 116, 0
1771329114, 0, 52, 214, 213, 0, 1.01%, 0, 0, 2, 3.09, 21, 116, 0
1771329155, 0, 52, 215, 214, 0, 1.01%, 0, 0, 2, 2.72, 21, 116, 0
1771329166, 0, 52, 216, 215, 0, 1.02%, 0, 0, 2, 2.68, 21, 116, 0
1771329171, 0, 52, 217, 216, 0, 1.02%, 0, 0, 2, 2.65, 21, 116, 0
1771329224, 0, 52, 218, 217, 0, 1.02%, 0, 0, 2, 3.20, 21, 116, 0
1771329234, 0, 52, 220, 219, 0, 1.02%, 0, 0, 2, 3.73, 21, 116, 0
1771329239, 0, 52, 222, 221, 0, 1.02%, 0, 0, 2, 3.43, 21, 116, 0
1771329244, 0, 52, 223, 222, 0, 1.02%, 0, 0, 2, 2.95, 21, 117, 0
1771329249, 0, 52, 224, 223, 0, 1.02%, 0, 0, 2, 3.45, 21, 117, 0
1771329255, 0, 52, 225, 224, 0, 1.02%, 0, 0, 2, 3.48, 21, 117, 0
1771329260, 0, 52, 226, 225, 0, 1.02%, 0, 0, 2, 3.39, 21, 117, 0
1771329280, 0, 52, 227, 226, 0, 1.02%, 0, 0, 2, 3.50, 21, 117, 0
1771329286, 0, 52, 228, 227, 0, 1.02%, 0, 0, 2, 3.30, 21, 117, 0
1771329296, 0, 52, 229, 228, 0, 1.03%, 0, 0, 2, 3.12, 21, 117, 0
1771329302, 0, 52, 230, 229, 0, 1.03%, 0, 0, 2, 3.36, 21, 117, 0
1771329328, 0, 52, 231, 230, 0, 1.03%, 0, 0, 2, 3.57, 21, 117, 0
1771329333, 0, 52, 232, 231, 0, 1.03%, 0, 0, 2, 3.55, 21, 117, 0
1771329338, 0, 52, 233, 232, 0, 1.03%, 0, 0, 2, 3.72, 21, 117, 0
1771329348, 0, 52, 234, 233, 0, 1.03%, 0, 0, 2, 4.04, 21, 117, 0
1771329353, 0, 52, 236, 235, 0, 1.03%, 0, 0, 2, 3.75, 21, 119, 0
1771329358, 0, 52, 237, 236, 0, 1.03%, 0, 0, 2, 3.53, 21, 120, 0
1771329363, 0, 52, 238, 237, 0, 1.03%, 0, 0, 2, 3.58, 21, 120, 0
1771329394, 0, 52, 239, 238, 0, 1.03%, 0, 0, 2, 3.40, 21, 120, 0
1771329415, 0, 52, 240, 239, 0, 1.03%, 0, 0, 2, 4.02, 21, 120, 0
1771329425, 0, 52, 241, 240, 0, 1.03%, 0, 0, 2, 4.51, 21, 120, 0
1771329436, 0, 52, 242, 241, 0, 1.03%, 0, 0, 2, 3.38, 21, 120, 0
1771329451, 0, 52, 243, 242, 0, 1.03%, 0, 0, 2, 2.99, 21, 120, 0
1771329476, 0, 52, 244, 243, 0, 1.03%, 0, 0, 2, 5.08, 21, 120, 0
1771329487, 0, 52, 245, 244, 0, 1.03%, 0, 0, 2, 5.09, 21, 120, 0
1771329497, 0, 52, 246, 245, 0, 1.03%, 0, 0, 2, 5.34, 21, 120, 0
1771329518, 1, 0, 247, 245, 8, 1.03%, 0, 0, 2, 15.75, 21, 120, 0
1771329523, 1, 0, 248, 246, 8, 1.03%, 0, 0, 2, 3.18, 21, 121, 0
1771329539, 1, 0, 249, 247, 8, 1.03%, 0, 0, 2, 2.59, 21, 122, 0
1771329554, 1, 0, 250, 248, 8, 1.03%, 0, 0, 2, 2.43, 21, 122, 0
1771329559, 1, 0, 251, 249, 8, 1.03%, 0, 0, 2, 2.45, 21, 122, 0
1771329569, 1, 0, 252, 250, 8, 1.03%, 0, 0, 2, 2.54, 21, 122, 0
1771329575, 1, 0, 253, 251, 8, 1.03%, 0, 0, 2, 2.40, 21, 122, 0
1771329601, 1, 0, 254, 252, 8, 1.03%, 0, 0, 2, 2.60, 21, 122, 0
1771329606, 1, 0, 255, 253, 8, 1.03%, 0, 0, 2, 2.42, 21, 122, 0
1771329642, 1, 0, 256, 254, 8, 1.03%, 0, 0, 2, 2.33, 21, 123, 0
1771329653, 1, 0, 257, 255, 8, 1.03%, 0, 0, 2, 2.56, 21, 123, 0
1771329710, 1, 0, 258, 256, 8, 1.03%, 0, 0, 2, 2.52, 21, 123, 0
1771329726, 1, 0, 259, 257, 8, 1.03%, 0, 0, 2, 2.68, 21, 123, 0
1771329731, 1, 0, 260, 258, 8, 1.03%, 0, 0, 2, 2.70, 21, 125, 0
1771329793, 1, 0, 261, 259, 8, 1.03%, 0, 0, 2, 3.29, 21, 126, 0
1771329798, 1, 0, 262, 260, 8, 1.03%, 0, 0, 2, 4.19, 21, 126, 0
1771329803, 1, 0, 263, 261, 8, 1.04%, 0, 0, 2, 4.19, 21, 128, 0
1771329813, 1, 0, 265, 263, 8, 1.04%, 0, 0, 2, 4.96, 21, 128, 0
1771329818, 1, 0, 266, 264, 8, 1.04%, 0, 0, 2, 4.51, 21, 129, 0
1771329834, 1, 0, 267, 265, 8, 1.04%, 0, 0, 2, 5.50, 21, 129, 0
1771329839, 1, 0, 268, 266, 8, 1.04%, 0, 0, 2, 4.87, 21, 129, 0
1771329859, 1, 0, 269, 267, 8, 1.04%, 0, 0, 2, 5.16, 21, 129, 0
1771329880, 1, 0, 270, 268, 8, 1.04%, 0, 0, 2, 5.13, 21, 129, 0
1771329885, 1, 0, 271, 269, 8, 1.04%, 0, 0, 2, 5.07, 21, 130, 0
1771329896, 1, 0, 272, 270, 8, 1.04%, 0, 0, 2, 5.55, 21, 130, 0
1771329921, 1, 0, 273, 271, 8, 1.04%, 0, 0, 2, 3.95, 21, 130, 0
1771329927, 1, 0, 274, 272, 8, 1.04%, 0, 0, 2, 4.89, 21, 132, 0
1771329932, 1, 0, 275, 273, 8, 1.04%, 0, 0, 2, 4.88, 21, 132, 0
1771329937, 1, 0, 276, 274, 8, 1.04%, 0, 0, 2, 4.44, 21, 133, 0
1771329952, 1, 0, 277, 275, 8, 1.04%, 0, 0, 2, 4.62, 21, 133, 0
1771329968, 1, 0, 278, 276, 8, 1.04%, 0, 0, 2, 5.53, 21, 133, 0
1771329989, 1, 0, 279, 277, 8, 1.04%, 0, 0, 2, 4.77, 21, 133, 0
1771330014, 1, 0, 280, 278, 8, 1.04%, 0, 0, 2, 5.09, 21, 134, 0
1771330050, 1, 0, 282, 280, 8, 1.06%, 0, 0, 2, 3.87, 21, 134, 0
1771330060, 1, 0, 283, 281, 8, 1.06%, 0, 0, 2, 3.90, 21, 134, 0
1771330086, 1, 0, 284, 282, 8, 1.06%, 0, 0, 2, 3.38, 21, 134, 0
1771330102, 1, 0, 285, 283, 8, 1.06%, 0, 0, 2, 2.97, 21, 136, 0
1771330107, 1, 0, 286, 284, 8, 1.06%, 0, 0, 2, 2.63, 21, 136, 0
1771330133, 1, 0, 287, 285, 8, 1.06%, 0, 0, 2, 4.47, 21, 136, 0
1771330138, 1, 0, 288, 286, 8, 1.06%, 0, 0, 2, 5.41, 21, 136, 0
1771330143, 1, 0, 289, 287, 8, 1.06%, 0, 0, 2, 4.21, 21, 136, 0
1771330153, 1, 0, 290, 288, 8, 1.06%, 0, 0, 2, 4.95, 21, 136, 0
1771330164, 1, 0, 291, 289, 8, 1.06%, 0, 0, 2, 5.29, 21, 136, 0
1771330184, 1, 0, 292, 290, 8, 1.06%, 0, 0, 2, 5.72, 21, 136, 0
1771330189, 1, 0, 293, 291, 8, 1.06%, 0, 0, 2, 4.50, 21, 137, 0
1771330220, 1, 0, 294, 292, 8, 1.06%, 0, 0, 2, 6.11, 21, 137, 0
1771330240, 1, 0, 294, 292, 5, 1.06%, 0, 0, 2, 6.19, 21, 137, 0
1771330272, 1, 0, 295, 293, 5, 1.06%, 0, 0, 2, 3.03, 21, 138, 0
1771330282, 1, 0, 296, 294, 5, 1.06%, 0, 0, 2, 2.61, 21, 139, 0
1771330308, 1, 0, 297, 295, 5, 1.06%, 0, 0, 2, 3.17, 21, 139, 0
1771330324, 1, 0, 298, 296, 5, 1.06%, 0, 0, 2, 3.99, 21, 139, 0
1771330329, 1, 0, 299, 297, 5, 1.06%, 0, 0, 2, 3.93, 21, 139, 0
1771330334, 1, 0, 300, 298, 5, 1.06%, 0, 0, 2, 3.79, 21, 139, 0
1771330339, 1, 0, 301, 299, 5, 1.06%, 0, 0, 2, 3.84, 21, 139, 0
1771330344, 1, 0, 302, 300, 5, 1.06%, 0, 0, 2, 3.47, 21, 139, 0
1771330349, 1, 0, 303, 301, 5, 1.06%, 0, 0, 2, 3.69, 21, 139, 0
1771330370, 1, 0, 304, 302, 5, 1.06%, 0, 0, 2, 3.55, 21, 139, 0
1771330375, 1, 0, 305, 303, 5, 1.06%, 0, 0, 2, 3.60, 21, 139, 0
1771330396, 1, 0, 306, 304, 5, 1.06%, 0, 0, 2, 3.72, 21, 139, 0
1771330411, 1, 0, 307, 305, 5, 1.06%, 0, 0, 2, 3.81, 21, 142, 0
1771330417, 1, 0, 308, 306, 5, 1.06%, 0, 0, 2, 3.77, 21, 143, 0
1771330437, 1, 0, 309, 307, 5, 1.06%, 0, 0, 2, 3.97, 21, 143, 0
1771330474, 1, 0, 310, 308, 5, 1.06%, 0, 0, 2, 4.17, 21, 145, 0
1771330500, 1, 0, 311, 309, 5, 1.06%, 0, 0, 2, 3.79, 21, 145, 0
1771330515, 1, 0, 312, 310, 5, 1.06%, 0, 0, 2, 3.06, 21, 145, 0
1771330557, 1, 0, 313, 311, 5, 1.06%, 0, 0, 2, 3.72, 21, 145, 0
1771330562, 1, 0, 314, 312, 5, 1.06%, 0, 0, 2, 3.89, 22, 148, 0
1771330567, 1, 0, 315, 313, 5, 1.06%, 0, 0, 2, 4.72, 22, 151, 0
1771330619, 1, 0, 316, 314, 5, 1.06%, 0, 0, 2, 3.75, 22, 151, 0
1771330682, 1, 0, 317, 315, 5, 1.06%, 0, 0, 2, 3.27, 22, 151, 0
1771330729, 1, 0, 318, 316, 5, 1.06%, 0, 0, 2, 2.97, 22, 152, 0
1771330826, 1, 0, 319, 317, 5, 1.06%, 0, 0, 2, 2.93, 22, 152, 0
1771330837, 1, 0, 320, 318, 5, 1.06%, 0, 0, 2, 2.47, 22, 152, 0
1771330853, 1, 0, 321, 319, 5, 1.06%, 0, 0, 2, 2.41, 22, 152, 0
1771330936, 1, 0, 322, 320, 5, 1.06%, 0, 0, 2, 2.93, 22, 152, 0
1771331003, 1, 0, 323, 321, 5, 1.06%, 0, 0, 2, 3.07, 22, 152, 0
