# unix_time, cycles_done, cur_path, paths_total, pending_total, pending_favs, map_size, unique_crashes, unique_hangs, max_depth, execs_per_sec, n_nodes, n_edges, chat_times
1769342591, 0, 0, 2, 2, 1, 15.59%, 0, 0, 2, 5.41, 4, 4, 0
1769342602, 0, 0, 5, 5, 1, 15.73%, 0, 0, 2, 5.61, 4, 4, 0
1769342607, 0, 0, 6, 6, 1, 15.78%, 0, 0, 2, 5.54, 5, 6, 0
1769342612, 0, 0, 7, 7, 1, 15.94%, 0, 0, 2, 5.54, 5, 6, 0
1769342622, 0, 0, 9, 9, 1, 16.04%, 0, 0, 2, 5.70, 5, 6, 0
1769342627, 0, 0, 10, 10, 1, 16.06%, 0, 0, 2, 5.70, 5, 6, 0
1769342638, 0, 0, 11, 11, 1, 16.08%, 0, 0, 2, 5.70, 5, 6, 0
1769342643, 0, 0, 13, 13, 1, 16.11%, 0, 0, 2, 5.74, 5, 6, 0
1769342654, 0, 0, 16, 16, 1, 16.15%, 0, 0, 2, 5.74, 5, 6, 0
1769342659, 0, 0, 19, 19, 1, 16.17%, 0, 0, 2, 5.73, 5, 6, 0
1769342664, 0, 0, 22, 22, 1, 16.21%, 0, 0, 2, 5.72, 5, 6, 0
1769342669, 0, 0, 25, 25, 1, 16.34%, 0, 0, 2, 5.71, 6, 8, 0
1769342675, 0, 0, 28, 28, 1, 16.36%, 0, 0, 2, 5.73, 6, 8, 0
1769342680, 0, 0, 31, 31, 1, 16.38%, 0, 0, 2, 5.68, 6, 8, 0
1769342685, 0, 0, 34, 34, 1, 16.40%, 0, 0, 2, 5.71, 6, 8, 0
1769342690, 0, 0, 37, 37, 1, 16.50%, 0, 0, 2, 5.69, 6, 8, 0
1769342696, 0, 0, 40, 40, 1, 16.59%, 0, 0, 2, 5.59, 6, 8, 0
1769342701, 0, 0, 42, 42, 1, 16.60%, 0, 0, 2, 5.68, 6, 8, 0
1769342706, 0, 0, 46, 46, 1, 16.61%, 0, 0, 2, 5.73, 6, 8, 0
1769342711, 0, 0, 48, 48, 1, 16.62%, 0, 0, 2, 5.73, 6, 8, 0
1769342716, 0, 0, 51, 51, 1, 16.64%, 0, 0, 2, 5.70, 6, 8, 0
1769342722, 0, 0, 54, 54, 1, 16.69%, 0, 0, 2, 5.66, 6, 8, 0
1769342727, 0, 0, 57, 57, 1, 16.72%, 0, 0, 2, 5.69, 6, 8, 0
1769342732, 0, 0, 59, 59, 1, 16.75%, 0, 0, 2, 5.68, 6, 8, 0
1769342738, 0, 0, 61, 61, 1, 16.75%, 0, 0, 2, 5.73, 6, 8, 0
1769342743, 0, 0, 62, 62, 1, 16.75%, 0, 0, 2, 5.73, 6, 8, 0
1769342748, 0, 0, 63, 63, 1, 16.80%, 0, 0, 2, 5.73, 6, 8, 0
1769342753, 0, 0, 65, 65, 1, 16.87%, 0, 0, 2, 5.75, 6, 8, 0
1769342759, 0, 0, 68, 68, 1, 16.93%, 0, 0, 2, 5.68, 6, 8, 0
1769342764, 0, 0, 71, 71, 1, 16.95%, 0, 0, 2, 5.69, 6, 8, 0
1769342769, 0, 0, 74, 74, 1, 16.98%, 0, 0, 2, 5.60, 6, 8, 0
1769342774, 0, 0, 77, 77, 1, 17.01%, 0, 0, 2, 5.66, 6, 8, 0
1769342779, 0, 0, 79, 79, 1, 17.06%, 0, 0, 2, 5.71, 6, 8, 0
1769342785, 0, 0, 82, 82, 1, 17.06%, 0, 0, 2, 5.67, 6, 8, 0
1769342790, 0, 0, 84, 84, 1, 17.08%, 0, 0, 2, 5.71, 6, 8, 0
1769342795, 0, 0, 86, 86, 1, 17.13%, 0, 0, 2, 5.70, 6, 8, 0
1769342800, 0, 0, 89, 89, 1, 17.14%, 0, 0, 2, 5.72, 6, 8, 0
1769342806, 0, 0, 91, 91, 1, 17.14%, 0, 0, 2, 5.68, 6, 8, 0
1769342811, 0, 0, 93, 93, 1, 17.17%, 0, 0, 2, 5.64, 6, 8, 0
1769342816, 0, 0, 96, 96, 1, 17.58%, 0, 0, 2, 5.66, 7, 11, 0
1769342822, 0, 0, 99, 99, 1, 17.58%, 0, 0, 2, 5.70, 7, 11, 0
1769342827, 0, 0, 101, 101, 1, 17.59%, 0, 0, 2, 5.72, 7, 11, 0
1769342832, 0, 0, 103, 103, 1, 17.61%, 0, 0, 2, 5.69, 7, 11, 0
1769342837, 0, 0, 106, 106, 1, 17.63%, 0, 0, 2, 5.72, 7, 11, 0
1769342842, 0, 0, 108, 108, 1, 17.64%, 0, 0, 2, 5.66, 7, 11, 0
1769342848, 0, 0, 110, 110, 1, 17.65%, 0, 0, 2, 5.69, 7, 11, 0
1769342853, 0, 0, 111, 111, 1, 17.65%, 0, 0, 2, 5.70, 7, 11, 0
1769342858, 0, 0, 113, 113, 1, 17.65%, 0, 0, 2, 5.69, 7, 11, 0
1769342863, 0, 0, 115, 115, 1, 17.66%, 0, 0, 2, 5.72, 7, 11, 0
1769342869, 0, 0, 117, 117, 1, 18.02%, 0, 0, 2, 5.71, 7, 11, 0
1769342879, 0, 0, 118, 118, 1, 18.02%, 0, 0, 2, 5.62, 7, 11, 0
1769342884, 0, 0, 120, 120, 1, 18.03%, 0, 0, 2, 5.70, 7, 11, 0
1769342890, 0, 0, 122, 122, 1, 18.03%, 0, 0, 2, 5.72, 7, 11, 0
1769342895, 0, 0, 124, 124, 1, 18.04%, 0, 0, 2, 5.71, 7, 11, 0
1769342900, 0, 0, 126, 126, 1, 18.04%, 0, 0, 2, 5.68, 7, 11, 0
1769342905, 0, 0, 129, 129, 1, 18.05%, 0, 0, 2, 5.67, 7, 11, 0
1769342911, 0, 0, 131, 131, 1, 18.05%, 0, 0, 2, 5.72, 7, 11, 0
1769342916, 0, 0, 133, 133, 1, 18.05%, 0, 0, 2, 5.65, 7, 11, 0
1769342926, 0, 0, 135, 135, 1, 18.05%, 0, 0, 2, 5.64, 7, 11, 0
1769342932, 0, 0, 137, 137, 1, 18.05%, 0, 0, 2, 5.71, 7, 11, 0
1769342937, 0, 0, 138, 138, 1, 18.05%, 0, 0, 2, 5.71, 7, 11, 0
1769342942, 0, 0, 139, 139, 1, 18.07%, 0, 0, 2, 5.74, 7, 11, 0
1769342947, 0, 0, 141, 141, 1, 18.07%, 0, 0, 2, 5.70, 7, 11, 0
1769342953, 0, 0, 143, 143, 1, 18.09%, 0, 0, 2, 5.66, 7, 11, 0
1769342958, 0, 0, 145, 145, 1, 18.09%, 0, 0, 2, 5.68, 7, 11, 0
1769342963, 0, 0, 148, 148, 1, 18.10%, 0, 0, 2, 5.71, 8, 14, 0
1769342968, 0, 0, 149, 149, 1, 18.10%, 0, 0, 2, 5.69, 8, 14, 0
1769342974, 0, 0, 150, 150, 1, 18.10%, 0, 0, 2, 5.73, 8, 14, 0
1769342979, 0, 0, 152, 152, 1, 18.12%, 0, 0, 2, 5.69, 8, 14, 0
1769342984, 0, 0, 154, 154, 1, 18.14%, 0, 0, 2, 5.64, 8, 14, 0
1769342990, 0, 0, 156, 156, 1, 18.16%, 0, 0, 2, 5.67, 8, 14, 0
1769342995, 0, 0, 158, 158, 1, 18.16%, 0, 0, 2, 5.71, 8, 14, 0
1769343000, 0, 0, 160, 160, 1, 18.16%, 0, 0, 2, 5.72, 8, 14, 0
1769343005, 0, 0, 162, 162, 1, 18.17%, 0, 0, 2, 5.73, 8, 14, 0
1769343011, 0, 0, 164, 164, 1, 18.17%, 0, 0, 2, 5.74, 8, 14, 0
1769343016, 0, 0, 165, 165, 1, 18.18%, 0, 0, 2, 5.74, 8, 14, 0
1769343021, 0, 0, 167, 167, 1, 18.25%, 0, 0, 2, 5.67, 8, 15, 0
1769343026, 0, 0, 170, 170, 1, 18.29%, 0, 0, 2, 5.53, 8, 17, 0
1769343031, 0, 0, 173, 173, 1, 18.33%, 0, 0, 2, 5.54, 8, 17, 0
1769343036, 0, 0, 177, 177, 1, 18.36%, 0, 0, 2, 5.60, 8, 17, 0
1769343042, 0, 0, 180, 180, 1, 18.36%, 0, 0, 2, 5.39, 8, 22, 0
1769343047, 0, 0, 182, 182, 1, 18.36%, 0, 0, 2, 5.21, 8, 22, 0
1769343052, 0, 0, 185, 185, 1, 18.38%, 0, 0, 2, 5.30, 8, 22, 0
1769343057, 0, 0, 189, 189, 1, 18.39%, 0, 0, 2, 5.50, 8, 22, 0
1769343062, 0, 0, 191, 191, 1, 18.39%, 0, 0, 2, 5.54, 8, 22, 0
1769343067, 0, 0, 195, 195, 1, 18.41%, 0, 0, 2, 5.57, 8, 22, 0
1769343073, 0, 0, 198, 198, 1, 18.50%, 0, 0, 2, 5.53, 8, 22, 0
1769343078, 0, 0, 201, 201, 1, 18.50%, 0, 0, 2, 5.59, 8, 22, 0
1769343083, 0, 0, 204, 204, 1, 18.51%, 0, 0, 2, 5.43, 8, 22, 0
1769343088, 0, 0, 206, 206, 1, 18.51%, 0, 0, 2, 5.29, 8, 22, 0
1769343093, 0, 0, 209, 209, 1, 18.51%, 0, 0, 2, 5.46, 8, 22, 0
1769343098, 0, 0, 212, 212, 1, 18.51%, 0, 0, 2, 5.45, 8, 22, 0
1769343104, 0, 0, 215, 215, 1, 18.51%, 0, 0, 2, 5.45, 8, 22, 0
1769343109, 0, 0, 218, 218, 1, 18.54%, 0, 0, 2, 5.54, 8, 22, 0
1769343114, 0, 0, 221, 221, 1, 18.57%, 0, 0, 2, 5.52, 8, 22, 0
1769343119, 0, 0, 224, 224, 1, 18.60%, 0, 0, 2, 5.30, 8, 22, 0
1769343124, 0, 0, 226, 226, 1, 18.62%, 0, 0, 2, 5.21, 8, 22, 0
1769343129, 0, 0, 229, 229, 1, 18.63%, 0, 0, 2, 5.27, 8, 22, 0
1769343135, 0, 0, 232, 232, 1, 18.64%, 0, 0, 2, 5.36, 8, 22, 0
1769343140, 0, 0, 235, 235, 1, 18.65%, 0, 0, 2, 5.47, 8, 22, 0
1769343145, 0, 0, 238, 238, 1, 18.67%, 0, 0, 2, 5.33, 8, 22, 0
1769343150, 0, 0, 241, 241, 1, 18.68%, 0, 0, 2, 5.21, 8, 22, 0
1769343155, 0, 0, 244, 244, 1, 18.68%, 0, 0, 2, 5.25, 8, 22, 0
1769343160, 0, 0, 246, 246, 1, 18.69%, 0, 0, 2, 5.34, 8, 22, 0
1769343165, 0, 0, 249, 249, 1, 18.71%, 0, 0, 2, 5.48, 8, 22, 0
1769343170, 0, 0, 251, 251, 1, 18.71%, 0, 0, 2, 5.51, 8, 22, 0
1769343181, 0, 0, 253, 253, 1, 18.73%, 0, 0, 2, 5.44, 8, 22, 0
1769343186, 0, 0, 256, 256, 1, 18.76%, 0, 0, 2, 5.32, 8, 22, 0
1769343192, 0, 0, 259, 259, 1, 18.86%, 0, 0, 2, 5.40, 8, 22, 0
1769343197, 0, 0, 261, 261, 1, 18.87%, 0, 0, 2, 5.39, 8, 22, 0
1769343202, 0, 0, 264, 264, 1, 18.87%, 0, 0, 2, 5.32, 8, 22, 0
1769343212, 0, 0, 266, 266, 1, 18.92%, 0, 0, 2, 5.28, 9, 25, 0
1769343218, 0, 0, 268, 268, 1, 18.92%, 0, 0, 2, 5.50, 9, 25, 0
1769343223, 0, 0, 272, 272, 1, 18.95%, 0, 0, 2, 5.60, 9, 25, 0
1769343228, 0, 0, 273, 273, 1, 18.96%, 0, 0, 2, 5.40, 9, 25, 0
1769343233, 0, 0, 274, 274, 1, 18.96%, 0, 0, 2, 5.36, 9, 25, 0
1769343239, 0, 0, 276, 276, 1, 18.97%, 0, 0, 2, 5.36, 9, 25, 0
1769343244, 0, 0, 279, 279, 1, 18.98%, 0, 0, 2, 5.43, 9, 25, 0
1769343249, 0, 0, 281, 281, 1, 18.99%, 0, 0, 2, 5.42, 9, 25, 0
1769343254, 0, 0, 284, 284, 1, 19.01%, 0, 0, 2, 5.42, 9, 25, 0
1769343259, 0, 0, 287, 287, 1, 19.01%, 0, 0, 2, 5.42, 9, 25, 0
1769343265, 0, 0, 289, 289, 1, 19.02%, 0, 0, 2, 5.40, 9, 25, 0
1769343270, 0, 0, 292, 292, 1, 19.12%, 0, 0, 2, 5.52, 9, 25, 0
1769343275, 0, 0, 294, 294, 1, 19.24%, 0, 0, 2, 5.41, 10, 27, 0
1769343280, 0, 0, 296, 296, 1, 19.29%, 0, 0, 2, 5.51, 10, 27, 0
1769343285, 0, 0, 298, 298, 1, 19.29%, 0, 0, 2, 5.45, 10, 30, 0
1769343291, 0, 0, 301, 301, 1, 19.33%, 0, 0, 2, 5.40, 10, 31, 0
1769343296, 0, 0, 304, 304, 1, 19.33%, 0, 0, 2, 5.43, 10, 32, 0
1769343301, 0, 0, 306, 306, 1, 19.35%, 0, 0, 2, 5.57, 10, 32, 0
1769343306, 0, 0, 308, 308, 1, 19.35%, 0, 0, 2, 5.58, 10, 32, 0
1769343311, 0, 0, 311, 311, 1, 19.39%, 0, 0, 2, 5.37, 10, 32, 0
1769343316, 0, 0, 313, 313, 1, 19.39%, 0, 0, 2, 5.49, 10, 32, 0
1769343322, 0, 0, 316, 316, 1, 19.39%, 0, 0, 2, 5.49, 10, 32, 0
1769343327, 0, 0, 317, 317, 1, 19.40%, 0, 0, 2, 5.42, 10, 32, 0
1769343332, 0, 0, 320, 320, 1, 19.40%, 0, 0, 2, 5.45, 10, 32, 0
1769343337, 0, 0, 322, 322, 1, 19.41%, 0, 0, 2, 5.46, 10, 34, 0
1769343343, 0, 0, 324, 324, 1, 19.41%, 0, 0, 2, 5.45, 10, 34, 0
1769343348, 0, 0, 326, 326, 1, 19.42%, 0, 0, 2, 5.49, 10, 34, 0
1769343353, 0, 0, 328, 328, 1, 19.44%, 0, 0, 2, 5.52, 10, 34, 0
1769343358, 0, 0, 330, 330, 1, 19.44%, 0, 0, 2, 5.53, 10, 34, 0
1769343363, 0, 0, 333, 333, 1, 19.45%, 0, 0, 2, 5.56, 10, 34, 0
1769343369, 0, 0, 335, 335, 1, 19.46%, 0, 0, 2, 5.47, 10, 34, 0
1769343374, 0, 0, 337, 337, 1, 19.46%, 0, 0, 2, 5.39, 10, 35, 0
1769343379, 0, 0, 340, 340, 1, 19.47%, 0, 0, 2, 5.50, 10, 35, 0
1769343384, 0, 0, 342, 342, 1, 19.47%, 0, 0, 2, 5.41, 10, 35, 0
1769343389, 0, 0, 345, 345, 1, 19.49%, 0, 0, 2, 5.47, 10, 35, 0
1769343394, 0, 0, 347, 347, 1, 19.51%, 0, 0, 2, 5.34, 10, 36, 0
1769343400, 0, 0, 349, 349, 1, 19.51%, 0, 0, 2, 5.43, 10, 36, 0
1769343405, 0, 0, 352, 352, 1, 19.51%, 0, 0, 2, 5.41, 10, 36, 0
1769343410, 0, 0, 354, 354, 1, 19.51%, 0, 0, 2, 5.43, 10, 36, 0
1769343415, 0, 0, 356, 356, 1, 19.51%, 0, 0, 2, 5.34, 10, 37, 0
1769343420, 0, 0, 358, 358, 1, 19.53%, 0, 0, 2, 5.37, 10, 37, 0
1769343426, 0, 0, 360, 360, 1, 19.53%, 0, 0, 2, 5.40, 10, 37, 0
1769343431, 0, 0, 363, 363, 1, 19.55%, 0, 0, 2, 5.50, 10, 37, 0
1769343436, 0, 0, 365, 365, 1, 19.55%, 0, 0, 2, 5.49, 10, 37, 0
1769343441, 0, 0, 368, 368, 1, 19.56%, 0, 0, 2, 5.50, 10, 37, 0
1769343446, 0, 0, 370, 370, 1, 19.56%, 0, 0, 2, 5.51, 10, 37, 0
1769343451, 0, 0, 372, 372, 1, 19.57%, 0, 0, 2, 5.50, 10, 37, 0
1769343456, 0, 0, 374, 374, 1, 19.57%, 0, 0, 2, 5.52, 10, 37, 0
1769343461, 0, 0, 377, 377, 1, 19.57%, 0, 0, 2, 5.47, 11, 39, 0
1769343466, 0, 0, 379, 379, 1, 19.58%, 0, 0, 2, 5.42, 11, 42, 0
1769343477, 0, 0, 380, 380, 1, 19.58%, 0, 0, 2, 5.42, 11, 42, 0
1769343482, 0, 0, 382, 382, 1, 19.58%, 0, 0, 2, 5.50, 11, 42, 0
1769343487, 0, 0, 383, 383, 1, 19.60%, 0, 0, 2, 5.45, 11, 42, 0
1769343492, 0, 0, 386, 386, 1, 19.62%, 0, 0, 2, 5.42, 11, 42, 0
1769343498, 0, 0, 387, 387, 1, 19.62%, 0, 0, 2, 5.38, 11, 42, 0
1769343503, 0, 0, 388, 388, 1, 19.62%, 0, 0, 2, 5.42, 11, 42, 0
1769343508, 0, 0, 390, 390, 1, 19.64%, 0, 0, 2, 5.49, 11, 42, 0
1769343513, 0, 0, 392, 392, 1, 19.64%, 0, 0, 2, 5.47, 11, 42, 0
1769343518, 0, 0, 394, 394, 1, 19.64%, 0, 0, 2, 5.45, 11, 42, 0
1769343524, 0, 0, 395, 395, 1, 19.64%, 0, 0, 2, 5.35, 11, 42, 0
1769343529, 0, 0, 397, 397, 1, 19.80%, 0, 0, 2, 5.41, 12, 44, 0
1769343534, 0, 0, 398, 398, 1, 19.80%, 0, 0, 2, 5.45, 12, 44, 0
1769343539, 0, 0, 399, 399, 1, 19.80%, 0, 0, 2, 5.47, 12, 44, 0
1769343544, 0, 0, 401, 401, 1, 19.81%, 0, 0, 2, 5.47, 12, 45, 0
1769343554, 0, 0, 403, 403, 1, 19.82%, 0, 0, 2, 5.53, 12, 45, 0
1769343560, 0, 0, 404, 404, 1, 19.83%, 0, 0, 2, 5.44, 12, 45, 0
1769343565, 0, 0, 406, 406, 1, 19.83%, 0, 0, 2, 5.40, 12, 45, 0
1769343570, 0, 0, 408, 408, 1, 19.84%, 0, 0, 2, 5.36, 12, 45, 0
1769343575, 0, 0, 410, 410, 1, 19.84%, 0, 0, 2, 5.44, 12, 45, 0
1769343580, 0, 0, 412, 412, 1, 19.85%, 0, 0, 2, 5.42, 12, 45, 0
1769343585, 0, 0, 413, 413, 1, 19.86%, 0, 0, 2, 5.35, 12, 45, 0
1769343590, 0, 0, 415, 415, 1, 19.86%, 0, 0, 2, 5.44, 12, 45, 0
1769343596, 0, 0, 416, 416, 1, 19.86%, 0, 0, 2, 5.32, 12, 45, 0
1769343601, 0, 0, 418, 418, 1, 19.86%, 0, 0, 2, 5.36, 12, 45, 0
1769343606, 0, 0, 421, 421, 1, 19.87%, 0, 0, 2, 5.41, 12, 45, 0
1769343611, 0, 0, 424, 424, 1, 19.88%, 0, 0, 2, 5.46, 12, 45, 0
1769343616, 0, 0, 426, 426, 1, 19.91%, 0, 0, 2, 5.52, 12, 45, 0
1769343627, 0, 0, 428, 428, 1, 19.93%, 0, 0, 2, 5.65, 12, 45, 0
1769343632, 0, 0, 430, 430, 1, 19.93%, 0, 0, 2, 5.63, 12, 45, 0
1769343637, 0, 0, 431, 431, 1, 19.93%, 0, 0, 2, 5.58, 12, 45, 0
1769343643, 0, 0, 433, 433, 1, 19.94%, 0, 0, 2, 5.61, 12, 45, 0
1769343648, 0, 0, 435, 435, 1, 19.94%, 0, 0, 2, 5.66, 12, 45, 0
1769343653, 0, 0, 436, 436, 1, 19.95%, 0, 0, 2, 5.65, 12, 45, 0
1769343658, 0, 0, 437, 437, 1, 19.96%, 0, 0, 2, 5.57, 12, 45, 0
1769343664, 0, 0, 438, 438, 1, 19.96%, 0, 0, 2, 5.60, 12, 45, 0
1769343669, 0, 0, 440, 440, 1, 19.96%, 0, 0, 2, 5.56, 12, 45, 0
1769343674, 0, 0, 442, 442, 1, 19.96%, 0, 0, 2, 5.52, 12, 45, 0
1769343679, 0, 0, 443, 443, 1, 19.97%, 0, 0, 2, 5.57, 12, 45, 0
1769343684, 0, 0, 444, 444, 1, 19.97%, 0, 0, 2, 5.61, 12, 45, 0
1769343689, 0, 0, 446, 446, 1, 19.97%, 0, 0, 2, 5.63, 12, 45, 0
1769343694, 0, 0, 447, 447, 1, 19.97%, 0, 0, 2, 5.55, 12, 45, 0
1769343705, 0, 0, 450, 450, 1, 19.98%, 0, 0, 2, 5.56, 12, 45, 0
1769343710, 0, 0, 451, 451, 1, 19.98%, 0, 0, 2, 5.54, 12, 45, 0
1769343715, 0, 0, 453, 453, 1, 20.00%, 0, 0, 2, 5.55, 12, 45, 0
1769343720, 0, 0, 454, 454, 1, 20.00%, 0, 0, 2, 5.56, 12, 45, 0
1769343725, 0, 0, 455, 455, 1, 20.00%, 0, 0, 2, 5.60, 12, 45, 0
1769343730, 0, 0, 457, 457, 1, 20.01%, 0, 0, 2, 5.61, 12, 45, 0
1769343735, 0, 0, 460, 460, 1, 20.09%, 0, 0, 2, 5.59, 12, 45, 0
1769343741, 0, 0, 462, 462, 1, 20.10%, 0, 0, 2, 5.61, 12, 45, 0
1769343746, 0, 0, 464, 464, 1, 20.10%, 0, 0, 2, 5.60, 12, 45, 0
1769343751, 0, 0, 466, 466, 1, 20.10%, 0, 0, 2, 5.66, 12, 45, 0
1769343756, 0, 0, 468, 468, 1, 20.10%, 0, 0, 2, 5.62, 12, 45, 0
1769343762, 0, 0, 470, 470, 1, 20.10%, 0, 0, 2, 5.67, 12, 45, 0
1769343767, 0, 0, 471, 471, 1, 20.12%, 0, 0, 2, 5.68, 12, 45, 0
1769343772, 0, 0, 472, 472, 1, 20.12%, 0, 0, 2, 5.71, 12, 45, 0
1769343777, 0, 0, 473, 473, 1, 20.12%, 0, 0, 2, 5.66, 12, 45, 0
1769343783, 0, 0, 476, 476, 1, 20.13%, 0, 0, 2, 5.60, 12, 45, 0
1769343788, 0, 0, 478, 478, 1, 20.13%, 0, 0, 2, 5.62, 12, 45, 0
1769343793, 0, 0, 479, 479, 1, 20.13%, 0, 0, 2, 5.62, 12, 45, 0
1769343799, 0, 0, 480, 480, 1, 20.13%, 0, 0, 2, 5.61, 12, 45, 0
1769343804, 0, 0, 483, 483, 1, 20.15%, 0, 0, 2, 5.36, 12, 46, 0
1769343809, 0, 0, 486, 486, 1, 20.15%, 0, 0, 2, 5.19, 12, 46, 0
1769343814, 0, 0, 488, 488, 1, 20.16%, 0, 0, 2, 5.34, 12, 46, 0
1769343820, 0, 0, 490, 490, 1, 20.16%, 0, 0, 2, 5.34, 12, 46, 0
1769343825, 0, 0, 492, 492, 1, 20.17%, 0, 0, 2, 5.26, 12, 46, 0
1769343830, 0, 0, 495, 495, 1, 20.17%, 0, 0, 2, 5.37, 12, 46, 0
1769343835, 0, 0, 498, 498, 1, 20.17%, 0, 0, 2, 5.34, 12, 46, 0
1769343840, 0, 0, 500, 500, 1, 20.17%, 0, 0, 2, 5.43, 12, 46, 0
1769343845, 0, 0, 503, 503, 1, 20.17%, 0, 0, 2, 5.41, 12, 46, 0
1769343850, 0, 0, 505, 505, 1, 20.17%, 0, 0, 2, 5.51, 12, 46, 0
1769343855, 0, 0, 507, 507, 1, 20.17%, 0, 0, 2, 5.44, 12, 46, 0
1769343861, 0, 0, 509, 509, 1, 20.18%, 0, 0, 2, 5.12, 12, 46, 0
1769343866, 0, 0, 512, 512, 1, 20.18%, 0, 0, 2, 5.30, 12, 46, 0
1769343871, 0, 0, 514, 514, 1, 20.19%, 0, 0, 2, 5.42, 12, 46, 0
1769343876, 0, 0, 516, 516, 1, 20.19%, 0, 0, 2, 5.30, 12, 46, 0
1769343881, 0, 0, 517, 517, 1, 20.19%, 0, 0, 2, 5.38, 12, 46, 0
1769343887, 0, 0, 519, 519, 1, 20.19%, 0, 0, 2, 5.37, 12, 46, 0
1769343892, 0, 0, 520, 520, 1, 20.19%, 0, 0, 2, 5.25, 12, 46, 0
1769343897, 0, 0, 521, 521, 1, 20.19%, 0, 0, 2, 5.30, 12, 46, 0
1769343902, 0, 0, 523, 523, 1, 20.19%, 0, 0, 2, 5.42, 12, 46, 0
1769343908, 0, 0, 525, 525, 1, 20.19%, 0, 0, 2, 5.45, 12, 46, 0
1769343913, 0, 0, 528, 528, 1, 20.19%, 0, 0, 2, 5.39, 12, 46, 0
1769343918, 0, 0, 530, 530, 1, 20.21%, 0, 0, 2, 5.34, 12, 46, 0
1769343923, 0, 0, 532, 532, 1, 20.21%, 0, 0, 2, 5.37, 12, 46, 0
1769343928, 0, 0, 534, 534, 1, 20.21%, 0, 0, 2, 5.21, 12, 47, 0
1769343933, 0, 0, 536, 536, 1, 20.21%, 0, 0, 2, 5.25, 12, 47, 0
1769343938, 0, 0, 539, 539, 1, 20.24%, 0, 0, 2, 5.46, 12, 47, 0
1769343943, 0, 0, 542, 542, 1, 20.25%, 0, 0, 2, 5.51, 12, 47, 0
1769343948, 0, 0, 544, 544, 1, 20.25%, 0, 0, 2, 5.53, 12, 47, 0
1769343953, 0, 0, 546, 546, 1, 20.25%, 0, 0, 2, 5.56, 12, 47, 0
1769343959, 0, 0, 549, 549, 1, 20.25%, 0, 0, 2, 5.50, 12, 47, 0
1769343964, 0, 0, 551, 551, 1, 20.25%, 0, 0, 2, 5.42, 12, 47, 0
1769343969, 0, 0, 553, 553, 1, 20.25%, 0, 0, 2, 5.54, 12, 47, 0
1769343974, 0, 0, 555, 555, 1, 20.26%, 0, 0, 2, 5.23, 12, 47, 0
1769343979, 0, 0, 558, 558, 1, 20.26%, 0, 0, 2, 5.41, 12, 47, 0
1769343985, 0, 0, 561, 561, 1, 20.26%, 0, 0, 2, 5.43, 12, 48, 0
1769343990, 0, 0, 563, 563, 1, 20.26%, 0, 0, 2, 5.44, 12, 49, 0
1769343995, 0, 0, 564, 564, 1, 20.26%, 0, 0, 2, 5.15, 12, 51, 0
1769344000, 0, 0, 566, 566, 1, 20.28%, 0, 0, 2, 5.30, 12, 51, 0
1769344010, 0, 0, 568, 568, 1, 20.30%, 0, 0, 2, 5.45, 12, 51, 0
1769344016, 0, 0, 569, 569, 1, 20.30%, 0, 0, 2, 5.34, 12, 51, 0
1769344021, 0, 0, 571, 571, 1, 20.30%, 0, 0, 2, 5.21, 12, 51, 0
1769344026, 0, 0, 574, 574, 1, 20.30%, 0, 0, 2, 5.33, 12, 51, 0
1769344031, 0, 0, 576, 576, 1, 20.31%, 0, 0, 2, 5.29, 12, 51, 0
1769344036, 0, 0, 577, 577, 1, 20.31%, 0, 0, 2, 5.33, 12, 51, 0
1769344041, 0, 0, 578, 578, 1, 20.31%, 0, 0, 2, 5.24, 12, 51, 0
1769344046, 0, 0, 579, 579, 1, 20.31%, 0, 0, 2, 5.33, 12, 51, 0
1769344051, 0, 0, 580, 580, 1, 20.31%, 0, 0, 2, 5.32, 12, 51, 0
1769344057, 0, 0, 581, 581, 1, 20.31%, 0, 0, 2, 5.27, 12, 53, 0
1769344067, 0, 0, 583, 583, 1, 20.31%, 0, 0, 2, 5.12, 12, 53, 0
1769344072, 0, 0, 585, 585, 1, 20.31%, 0, 0, 2, 5.25, 12, 53, 0
1769344077, 0, 0, 587, 587, 1, 20.32%, 0, 0, 2, 5.37, 12, 53, 0
1769344082, 0, 0, 590, 590, 1, 20.32%, 0, 0, 2, 5.23, 12, 53, 0
1769344088, 0, 0, 592, 592, 1, 20.32%, 0, 0, 2, 5.29, 12, 53, 0
1769344093, 0, 0, 595, 595, 1, 20.32%, 0, 0, 2, 5.35, 12, 54, 0
1769344098, 0, 0, 596, 596, 1, 20.32%, 0, 0, 2, 5.37, 12, 54, 0
1769344103, 0, 0, 598, 598, 1, 20.33%, 0, 0, 2, 5.31, 12, 54, 0
1769344108, 0, 0, 600, 600, 1, 20.33%, 0, 0, 2, 5.20, 12, 54, 0
1769344113, 0, 0, 602, 602, 1, 20.33%, 0, 0, 2, 5.32, 12, 54, 0
1769344119, 0, 0, 604, 604, 1, 20.33%, 0, 0, 2, 5.44, 12, 54, 0
1769344124, 0, 0, 606, 606, 1, 20.33%, 0, 0, 2, 5.34, 12, 54, 0
1769344129, 0, 0, 608, 608, 1, 20.34%, 0, 0, 2, 5.41, 12, 54, 0
1769344134, 0, 0, 609, 609, 1, 20.34%, 0, 0, 2, 5.29, 12, 54, 0
1769344139, 0, 0, 611, 611, 1, 20.34%, 0, 0, 2, 5.41, 12, 54, 0
1769344145, 0, 0, 613, 613, 1, 20.36%, 0, 0, 2, 5.44, 12, 54, 0
1769344150, 0, 0, 614, 614, 1, 20.36%, 0, 0, 2, 5.45, 12, 54, 0
1769344155, 0, 0, 616, 616, 1, 20.37%, 0, 0, 2, 5.34, 12, 54, 0
1769344160, 0, 0, 618, 618, 1, 20.37%, 0, 0, 2, 5.47, 12, 54, 0
1769344165, 0, 0, 619, 619, 1, 20.37%, 0, 0, 2, 5.28, 12, 54, 0
1769344171, 0, 0, 622, 622, 1, 20.38%, 0, 0, 2, 5.49, 12, 54, 0
1769344176, 0, 0, 624, 624, 1, 20.38%, 0, 0, 2, 5.36, 12, 54, 0
1769344181, 0, 0, 625, 625, 1, 20.38%, 0, 0, 2, 5.33, 12, 54, 0
1769344186, 0, 0, 627, 627, 1, 20.38%, 0, 0, 2, 5.44, 12, 54, 0
1769344192, 0, 0, 629, 629, 1, 20.38%, 0, 0, 2, 5.29, 12, 54, 0
1769344197, 0, 0, 631, 631, 1, 20.38%, 0, 0, 2, 5.40, 12, 54, 0
1769344202, 0, 0, 632, 632, 1, 20.39%, 0, 0, 2, 5.26, 12, 54, 0
1769344207, 0, 0, 634, 634, 1, 20.39%, 0, 0, 2, 5.20, 12, 54, 0
1769344212, 0, 0, 637, 637, 1, 20.39%, 0, 0, 2, 5.23, 12, 54, 0
1769344218, 0, 0, 638, 638, 1, 20.39%, 0, 0, 2, 5.37, 12, 54, 0
1769344228, 0, 0, 641, 641, 1, 20.39%, 0, 0, 2, 5.29, 12, 54, 0
1769344233, 0, 0, 643, 643, 1, 20.40%, 0, 0, 2, 5.37, 12, 54, 0
1769344239, 0, 0, 645, 645, 1, 20.40%, 0, 0, 2, 5.38, 12, 54, 0
1769344244, 0, 0, 647, 647, 1, 20.40%, 0, 0, 2, 5.26, 12, 54, 0
1769344249, 0, 0, 648, 648, 1, 20.42%, 0, 0, 2, 5.23, 12, 54, 0
1769344254, 0, 0, 649, 649, 1, 20.42%, 0, 0, 2, 5.27, 12, 54, 0
1769344260, 0, 0, 651, 651, 1, 20.42%, 0, 0, 2, 5.25, 12, 54, 0
1769344265, 0, 0, 652, 652, 1, 20.42%, 0, 0, 2, 5.40, 12, 54, 0
1769344270, 0, 0, 653, 653, 1, 20.42%, 0, 0, 2, 5.35, 12, 54, 0
1769344275, 0, 0, 655, 655, 1, 20.43%, 0, 0, 2, 5.48, 12, 54, 0
1769344285, 0, 0, 656, 656, 1, 20.43%, 0, 0, 2, 5.42, 12, 54, 0
1769344290, 0, 0, 657, 657, 1, 20.43%, 0, 0, 2, 5.50, 12, 54, 0
1769344295, 0, 0, 658, 658, 1, 20.43%, 0, 0, 2, 5.51, 12, 55, 0
1769344306, 0, 0, 660, 660, 1, 20.44%, 0, 0, 2, 5.53, 12, 55, 0
1769344316, 0, 0, 662, 662, 1, 20.44%, 0, 0, 2, 5.59, 12, 55, 0
1769344321, 0, 0, 663, 663, 1, 20.44%, 0, 0, 2, 5.52, 12, 55, 0
1769344331, 0, 0, 665, 665, 1, 20.44%, 0, 0, 2, 5.55, 12, 55, 0
1769344337, 0, 0, 666, 666, 1, 20.44%, 0, 0, 2, 5.48, 12, 56, 0
1769344342, 0, 0, 667, 667, 1, 20.45%, 0, 0, 2, 5.51, 12, 56, 0
1769344347, 0, 0, 668, 668, 1, 20.46%, 0, 0, 2, 5.54, 12, 56, 0
1769344352, 0, 0, 669, 669, 1, 20.46%, 0, 0, 2, 5.53, 12, 56, 0
1769344362, 0, 0, 671, 671, 1, 20.46%, 0, 0, 2, 5.57, 12, 56, 0
1769344367, 0, 0, 673, 673, 1, 20.46%, 0, 0, 2, 5.57, 12, 56, 0
1769344372, 0, 0, 675, 675, 1, 20.46%, 0, 0, 2, 5.45, 12, 56, 0
1769344377, 0, 0, 676, 676, 1, 20.46%, 0, 0, 2, 5.43, 12, 58, 0
1769344382, 0, 0, 677, 677, 1, 20.46%, 0, 0, 2, 5.44, 12, 58, 0
1769344388, 0, 0, 679, 679, 1, 20.46%, 0, 0, 2, 5.46, 13, 61, 0
1769344393, 0, 0, 680, 680, 1, 20.46%, 0, 0, 2, 5.52, 13, 61, 0
1769344398, 0, 0, 681, 681, 1, 20.46%, 0, 0, 2, 5.57, 13, 61, 0
1769344403, 0, 0, 683, 683, 1, 20.46%, 0, 0, 2, 5.57, 13, 61, 0
1769344408, 0, 0, 684, 684, 1, 20.47%, 0, 0, 2, 5.53, 13, 61, 0
1769344413, 0, 0, 685, 685, 1, 20.47%, 0, 0, 2, 5.56, 13, 61, 0
1769344428, 0, 0, 688, 688, 1, 20.48%, 0, 0, 2, 5.49, 13, 61, 0
1769344443, 0, 0, 689, 689, 1, 20.48%, 0, 0, 2, 5.49, 13, 61, 0
1769344448, 0, 0, 690, 690, 1, 20.48%, 0, 0, 2, 5.54, 13, 61, 0
1769344459, 0, 0, 691, 691, 1, 20.48%, 0, 0, 2, 5.55, 13, 61, 0
1769344464, 0, 0, 692, 692, 1, 20.48%, 0, 0, 2, 5.50, 13, 61, 0
1769344469, 0, 0, 693, 693, 1, 20.48%, 0, 0, 2, 5.51, 13, 61, 0
1769344479, 0, 0, 694, 694, 1, 20.48%, 0, 0, 2, 5.54, 13, 61, 0
1769344484, 0, 0, 696, 696, 1, 20.48%, 0, 0, 2, 5.48, 13, 61, 0
1769344494, 0, 0, 698, 698, 1, 20.49%, 0, 0, 2, 5.53, 13, 61, 0
1769344499, 0, 0, 700, 700, 1, 20.49%, 0, 0, 2, 5.58, 13, 61, 0
1769344504, 0, 0, 701, 701, 1, 20.50%, 0, 0, 2, 5.55, 13, 61, 0
1769344509, 0, 0, 702, 702, 1, 20.50%, 0, 0, 2, 5.55, 13, 61, 0
1769344519, 0, 0, 703, 703, 1, 20.50%, 0, 0, 2, 5.56, 13, 61, 0
1769344530, 0, 0, 704, 704, 1, 20.50%, 0, 0, 2, 5.52, 13, 61, 0
1769344540, 0, 0, 705, 705, 1, 20.50%, 0, 0, 2, 5.49, 13, 61, 0
1769344545, 0, 0, 707, 707, 1, 20.50%, 0, 0, 2, 5.51, 13, 61, 0
1769344550, 0, 0, 709, 709, 1, 20.50%, 0, 0, 2, 5.53, 13, 61, 0
1769344555, 0, 0, 712, 712, 1, 20.50%, 0, 0, 2, 5.46, 13, 61, 0
1769344560, 0, 0, 713, 713, 1, 20.50%, 0, 0, 2, 5.48, 13, 61, 0
1769344565, 0, 0, 715, 715, 1, 20.52%, 0, 0, 2, 5.49, 13, 61, 0
1769344570, 0, 0, 717, 717, 1, 20.52%, 0, 0, 2, 5.53, 13, 61, 0
1769344575, 0, 0, 720, 720, 1, 20.52%, 0, 0, 2, 5.49, 13, 61, 0
1769344580, 0, 0, 721, 721, 1, 20.52%, 0, 0, 2, 5.52, 13, 61, 0
1769344591, 0, 0, 724, 724, 1, 20.54%, 0, 0, 2, 5.51, 13, 61, 0
1769344601, 0, 0, 725, 725, 1, 20.54%, 0, 0, 2, 5.50, 13, 61, 0
1769344606, 0, 0, 726, 726, 1, 20.54%, 0, 0, 2, 5.47, 13, 61, 0
1769344611, 0, 0, 727, 727, 1, 20.54%, 0, 0, 2, 5.49, 13, 61, 0
1769344616, 0, 0, 729, 729, 1, 20.54%, 0, 0, 2, 5.57, 13, 61, 0
1769344621, 0, 0, 731, 731, 1, 20.55%, 0, 0, 2, 5.55, 13, 61, 0
1769344627, 0, 0, 733, 733, 1, 20.56%, 0, 0, 2, 5.51, 13, 61, 0
1769344632, 0, 0, 734, 734, 1, 20.56%, 0, 0, 2, 5.51, 13, 61, 0
1769344642, 0, 0, 735, 735, 1, 20.57%, 0, 0, 2, 5.46, 13, 61, 0
1769344647, 0, 0, 736, 736, 1, 20.57%, 0, 0, 2, 5.44, 13, 61, 0
1769344652, 0, 0, 737, 737, 1, 20.57%, 0, 0, 2, 5.49, 13, 61, 0
1769344657, 0, 0, 738, 738, 1, 20.57%, 0, 0, 2, 5.53, 13, 61, 0
1769344662, 0, 0, 739, 739, 1, 20.57%, 0, 0, 2, 5.53, 13, 61, 0
1769344667, 0, 0, 740, 740, 1, 20.57%, 0, 0, 2, 5.49, 13, 61, 0
1769344677, 0, 0, 742, 742, 1, 20.59%, 0, 0, 2, 5.53, 13, 61, 0
1769344688, 0, 0, 745, 745, 1, 20.59%, 0, 0, 2, 5.59, 13, 61, 0
1769344693, 0, 0, 746, 746, 1, 20.60%, 0, 0, 2, 5.54, 13, 61, 0
1769344703, 0, 0, 748, 748, 1, 20.60%, 0, 0, 2, 5.26, 13, 61, 0
1769344709, 0, 0, 749, 749, 1, 20.60%, 0, 0, 2, 5.19, 13, 62, 0
1769344714, 0, 0, 751, 751, 1, 20.60%, 0, 0, 2, 4.97, 13, 62, 0
1769344719, 0, 0, 754, 754, 1, 20.60%, 0, 0, 2, 4.99, 13, 62, 0
1769344729, 0, 0, 755, 755, 1, 20.60%, 0, 0, 2, 5.09, 13, 62, 0
1769344735, 0, 0, 756, 756, 1, 20.60%, 0, 0, 2, 5.23, 13, 62, 0
1769344740, 0, 0, 758, 758, 1, 20.60%, 0, 0, 2, 5.28, 13, 62, 0
1769344745, 0, 0, 759, 759, 1, 20.60%, 0, 0, 2, 5.13, 13, 62, 0
1769344755, 0, 0, 761, 761, 1, 20.61%, 0, 0, 2, 5.05, 13, 62, 0
1769344761, 0, 0, 762, 762, 1, 20.61%, 0, 0, 2, 5.13, 13, 62, 0
1769344766, 0, 0, 764, 764, 1, 20.62%, 0, 0, 2, 5.23, 13, 62, 0
1769344776, 0, 0, 766, 766, 1, 20.62%, 0, 0, 2, 5.06, 13, 62, 0
1769344781, 0, 0, 767, 767, 1, 20.62%, 0, 0, 2, 5.29, 13, 62, 0
1769344787, 0, 0, 768, 768, 1, 20.62%, 0, 0, 2, 5.09, 13, 62, 0
1769344792, 0, 0, 769, 769, 1, 20.62%, 0, 0, 2, 5.15, 13, 62, 0
1769344797, 0, 0, 770, 770, 1, 20.62%, 0, 0, 2, 5.17, 13, 62, 0
1769344813, 0, 0, 772, 772, 1, 20.62%, 0, 0, 2, 5.19, 13, 62, 0
1769344818, 0, 0, 773, 773, 1, 20.62%, 0, 0, 2, 5.09, 13, 62, 0
1769344833, 0, 0, 776, 776, 1, 20.62%, 0, 0, 2, 5.22, 13, 62, 0
1769344844, 0, 0, 777, 777, 1, 20.63%, 0, 0, 2, 5.27, 13, 62, 0
1769344849, 0, 0, 779, 779, 1, 20.63%, 0, 0, 2, 5.30, 13, 62, 0
1769344854, 0, 0, 781, 781, 1, 20.63%, 0, 0, 2, 5.06, 13, 63, 0
1769344859, 0, 0, 782, 782, 1, 20.63%, 0, 0, 2, 5.25, 13, 63, 0
1769344865, 0, 0, 783, 783, 1, 20.63%, 0, 0, 2, 5.13, 13, 63, 0
1769344870, 0, 0, 785, 785, 1, 20.63%, 0, 0, 2, 5.09, 13, 63, 0
1769344875, 0, 0, 787, 787, 1, 20.63%, 0, 0, 2, 5.11, 13, 63, 0
1769344880, 0, 0, 789, 789, 1, 20.63%, 0, 0, 2, 5.04, 13, 64, 0
1769344885, 0, 0, 790, 790, 1, 20.63%, 0, 0, 2, 5.18, 13, 64, 0
1769344890, 0, 0, 792, 792, 1, 20.63%, 0, 0, 2, 5.37, 13, 64, 0
1769344895, 2, 179, 792, 791, 0, 20.63%, 0, 0, 2, 5.34, 13, 64, 0
1769344906, 2, 179, 794, 793, 0, 20.63%, 0, 0, 3, 5.01, 13, 64, 0
1769344911, 2, 179, 796, 795, 0, 20.63%, 0, 0, 3, 4.77, 13, 65, 0
1769344916, 2, 179, 798, 797, 0, 20.65%, 0, 0, 3, 4.97, 13, 65, 0
1769344921, 2, 179, 799, 798, 0, 20.65%, 0, 0, 3, 4.93, 13, 65, 0
1769344926, 2, 179, 801, 800, 0, 20.65%, 0, 0, 3, 4.87, 13, 65, 0
1769344932, 2, 179, 802, 801, 0, 20.65%, 0, 0, 3, 4.96, 13, 65, 0
1769344937, 2, 179, 804, 803, 0, 20.65%, 0, 0, 3, 5.00, 13, 65, 0
1769344942, 2, 179, 805, 804, 0, 21.01%, 0, 0, 3, 4.89, 13, 65, 0
1769344952, 2, 179, 806, 805, 0, 21.05%, 0, 0, 3, 4.81, 13, 65, 0
1769344957, 2, 179, 807, 806, 0, 21.05%, 0, 0, 3, 4.87, 13, 65, 0
1769344962, 2, 179, 809, 808, 0, 21.05%, 0, 0, 3, 4.82, 13, 65, 0
1769344967, 2, 179, 810, 809, 0, 21.05%, 0, 0, 3, 4.75, 13, 65, 0
1769344972, 2, 179, 811, 810, 0, 21.05%, 0, 0, 3, 4.80, 13, 65, 0
1769344983, 2, 179, 812, 811, 0, 21.05%, 0, 0, 3, 4.90, 13, 65, 0
1769344988, 2, 179, 813, 812, 0, 21.05%, 0, 0, 3, 4.86, 13, 65, 0
1769344993, 2, 179, 814, 813, 0, 21.05%, 0, 0, 3, 4.89, 13, 65, 0
1769344998, 2, 179, 815, 814, 0, 21.05%, 0, 0, 3, 4.85, 13, 65, 0
1769345003, 2, 179, 816, 815, 0, 21.05%, 0, 0, 3, 4.94, 13, 65, 0
1769345009, 2, 179, 817, 816, 0, 21.05%, 0, 0, 3, 4.94, 13, 65, 0
1769345014, 2, 179, 818, 817, 0, 21.05%, 0, 0, 3, 4.97, 13, 65, 0
1769345019, 2, 179, 819, 818, 0, 21.05%, 0, 0, 3, 4.85, 13, 65, 0
1769345030, 2, 179, 820, 819, 0, 21.05%, 0, 0, 3, 4.99, 13, 65, 0
1769345040, 2, 179, 821, 820, 0, 21.05%, 0, 0, 3, 5.00, 13, 65, 0
1769345045, 2, 179, 822, 821, 0, 21.05%, 0, 0, 3, 4.98, 13, 65, 0
1769345050, 2, 179, 824, 823, 0, 21.06%, 0, 0, 3, 5.08, 13, 65, 0
1769345055, 2, 179, 825, 824, 0, 21.06%, 0, 0, 3, 4.88, 13, 65, 0
1769345061, 2, 179, 826, 825, 0, 21.06%, 0, 0, 3, 4.95, 13, 65, 0
1769345066, 2, 179, 828, 827, 0, 21.06%, 0, 0, 3, 4.72, 13, 65, 0
1769345071, 2, 179, 829, 828, 0, 21.06%, 0, 0, 3, 4.86, 13, 65, 0
1769345076, 2, 179, 831, 830, 0, 21.06%, 0, 0, 3, 4.94, 13, 65, 0
1769345081, 2, 179, 832, 831, 0, 21.06%, 0, 0, 3, 4.91, 13, 65, 0
1769345092, 2, 179, 833, 832, 0, 21.06%, 0, 0, 3, 5.02, 13, 65, 0
1769345097, 2, 179, 834, 833, 0, 21.06%, 0, 0, 3, 4.94, 13, 65, 0
1769345102, 2, 179, 835, 834, 0, 21.06%, 0, 0, 3, 4.97, 13, 65, 0
1769345107, 2, 179, 837, 836, 0, 21.06%, 0, 0, 3, 4.97, 13, 65, 0
1769345112, 2, 179, 839, 838, 0, 21.09%, 0, 0, 3, 4.99, 13, 65, 0
1769345148, 2, 179, 840, 839, 0, 21.09%, 0, 0, 3, 4.94, 13, 65, 0
1769345153, 2, 179, 842, 841, 0, 21.09%, 0, 0, 3, 4.95, 13, 65, 0
1769345164, 2, 179, 843, 842, 0, 21.09%, 0, 0, 3, 4.98, 13, 65, 0
1769345169, 2, 179, 845, 844, 0, 21.10%, 0, 0, 3, 5.03, 13, 65, 0
1769345174, 2, 179, 846, 845, 0, 21.10%, 0, 0, 3, 4.99, 13, 65, 0
1769345184, 2, 179, 847, 846, 0, 21.10%, 0, 0, 3, 5.00, 13, 65, 0
1769345195, 2, 179, 848, 847, 0, 21.10%, 0, 0, 3, 4.98, 13, 65, 0
1769345210, 2, 179, 851, 850, 0, 21.10%, 0, 0, 3, 4.79, 13, 65, 0
1769345215, 2, 179, 853, 852, 0, 21.10%, 0, 0, 3, 5.01, 13, 65, 0
1769345221, 2, 179, 855, 854, 0, 21.10%, 0, 0, 3, 4.90, 13, 65, 0
1769345226, 2, 179, 856, 855, 0, 21.10%, 0, 0, 3, 4.61, 13, 65, 0
1769345231, 2, 179, 859, 858, 0, 21.11%, 0, 0, 3, 4.78, 13, 65, 0
1769345236, 2, 179, 860, 859, 0, 21.11%, 0, 0, 3, 4.87, 13, 65, 0
1769345241, 2, 179, 862, 861, 0, 21.11%, 0, 0, 3, 4.78, 13, 65, 0
1769345246, 2, 179, 863, 862, 0, 21.11%, 0, 0, 3, 4.55, 13, 65, 0
1769345251, 2, 179, 865, 864, 0, 21.11%, 0, 0, 3, 4.63, 13, 65, 0
1769345256, 2, 179, 866, 865, 0, 21.11%, 0, 0, 3, 4.72, 13, 65, 0
1769345261, 2, 179, 867, 866, 0, 21.11%, 0, 0, 3, 4.78, 13, 65, 0
1769345266, 2, 179, 869, 868, 0, 21.11%, 0, 0, 3, 4.81, 13, 65, 0
1769345277, 2, 179, 870, 869, 0, 21.11%, 0, 0, 3, 4.80, 13, 65, 0
1769345282, 2, 179, 872, 871, 0, 21.11%, 0, 0, 3, 4.76, 13, 65, 0
1769345287, 2, 179, 873, 872, 0, 21.11%, 0, 0, 3, 4.72, 13, 65, 0
1769345292, 2, 179, 875, 874, 0, 21.11%, 0, 0, 3, 4.59, 13, 65, 0
1769345303, 2, 179, 877, 876, 0, 21.11%, 0, 0, 3, 4.76, 13, 65, 0
1769345313, 2, 179, 879, 878, 0, 21.11%, 0, 0, 3, 4.63, 13, 67, 0
1769345318, 2, 179, 881, 880, 0, 21.11%, 0, 0, 3, 4.76, 13, 67, 0
1769345323, 2, 179, 882, 881, 0, 21.11%, 0, 0, 3, 4.76, 13, 67, 0
1769345328, 2, 179, 884, 883, 0, 21.11%, 0, 0, 3, 4.85, 13, 67, 0
1769345333, 2, 179, 886, 885, 0, 21.13%, 0, 0, 3, 4.93, 13, 67, 0
1769345339, 2, 179, 887, 886, 0, 21.13%, 0, 0, 3, 4.88, 13, 67, 0
1769345344, 2, 179, 888, 887, 0, 21.13%, 0, 0, 3, 4.72, 13, 67, 0
1769345349, 2, 179, 889, 888, 0, 21.13%, 0, 0, 3, 4.76, 13, 67, 0
1769345359, 2, 179, 890, 889, 0, 21.13%, 0, 0, 3, 4.77, 13, 67, 0
1769345364, 2, 179, 892, 891, 0, 21.13%, 0, 0, 3, 4.77, 13, 69, 0
1769345369, 2, 179, 893, 892, 0, 21.13%, 0, 0, 3, 4.83, 13, 69, 0
1769345375, 2, 179, 894, 893, 0, 21.13%, 0, 0, 3, 4.76, 13, 69, 0
1769345380, 2, 179, 895, 894, 0, 21.13%, 0, 0, 3, 4.72, 13, 69, 0
1769345385, 2, 179, 896, 895, 0, 21.13%, 0, 0, 3, 4.62, 13, 69, 0
1769345390, 2, 179, 898, 897, 0, 21.13%, 0, 0, 3, 4.83, 13, 69, 0
1769345395, 2, 179, 899, 898, 0, 21.13%, 0, 0, 3, 4.80, 13, 69, 0
1769345406, 2, 179, 901, 900, 0, 21.13%, 0, 0, 3, 4.99, 13, 69, 0
1769345416, 2, 179, 902, 901, 0, 21.13%, 0, 0, 3, 5.09, 13, 69, 0
1769345421, 2, 179, 903, 902, 0, 21.13%, 0, 0, 3, 5.01, 13, 69, 0
1769345432, 2, 179, 905, 904, 0, 21.14%, 0, 0, 3, 5.01, 13, 69, 0
1769345437, 2, 179, 906, 905, 0, 21.14%, 0, 0, 3, 5.06, 13, 69, 0
1769345442, 2, 179, 907, 906, 0, 21.14%, 0, 0, 3, 5.05, 13, 69, 0
1769345457, 2, 179, 909, 908, 0, 21.14%, 0, 0, 3, 5.09, 13, 69, 0
1769345462, 2, 179, 911, 910, 0, 21.14%, 0, 0, 3, 4.99, 13, 69, 0
1769345468, 2, 179, 912, 911, 0, 21.14%, 0, 0, 3, 5.01, 13, 69, 0
1769345473, 2, 179, 913, 912, 0, 21.14%, 0, 0, 3, 5.00, 13, 69, 0
1769345484, 2, 179, 914, 913, 0, 21.14%, 0, 0, 3, 5.02, 13, 69, 0
1769345494, 2, 179, 915, 914, 0, 21.14%, 0, 0, 3, 5.04, 13, 69, 0
1769345500, 2, 179, 916, 915, 0, 21.14%, 0, 0, 3, 5.06, 13, 69, 0
1769345505, 2, 179, 917, 916, 0, 21.14%, 0, 0, 3, 5.07, 13, 69, 0
1769345510, 2, 179, 919, 918, 0, 21.15%, 0, 0, 3, 4.99, 13, 69, 0
1769345520, 2, 179, 920, 919, 0, 21.15%, 0, 0, 3, 5.01, 13, 69, 0
1769345526, 2, 179, 922, 921, 0, 21.15%, 0, 0, 3, 5.04, 13, 69, 0
1769345531, 2, 179, 923, 922, 0, 21.15%, 0, 0, 3, 5.03, 13, 69, 0
1769345541, 2, 179, 924, 923, 0, 21.15%, 0, 0, 3, 5.02, 13, 69, 0
1769345546, 2, 179, 925, 924, 0, 21.15%, 0, 0, 3, 5.15, 13, 69, 0
1769345551, 2, 179, 927, 926, 0, 21.15%, 0, 0, 3, 4.94, 13, 70, 0
1769345562, 2, 179, 930, 929, 0, 21.15%, 0, 0, 3, 5.07, 13, 70, 0
1769345567, 2, 179, 932, 931, 0, 21.16%, 0, 0, 3, 5.01, 13, 70, 0
1769345572, 2, 179, 933, 932, 0, 21.17%, 0, 0, 3, 4.97, 13, 70, 0
1769345578, 2, 179, 934, 933, 0, 21.17%, 0, 0, 3, 4.95, 13, 70, 0
1769345583, 2, 179, 935, 934, 0, 21.17%, 0, 0, 3, 4.98, 13, 70, 0
1769345588, 2, 179, 937, 936, 0, 21.17%, 0, 0, 3, 5.01, 13, 70, 0
1769345593, 2, 179, 938, 937, 0, 21.17%, 0, 0, 3, 4.99, 13, 70, 0
1769345609, 2, 179, 939, 938, 0, 21.17%, 0, 0, 3, 5.03, 13, 70, 0
1769345614, 2, 179, 941, 940, 0, 21.17%, 0, 0, 3, 5.05, 13, 70, 0
1769345619, 2, 179, 943, 942, 0, 21.17%, 0, 0, 3, 4.94, 13, 70, 0
1769345629, 2, 179, 944, 943, 0, 21.17%, 0, 0, 3, 5.03, 13, 70, 0
1769345634, 2, 179, 945, 944, 0, 21.18%, 0, 0, 3, 5.01, 13, 70, 0
1769345645, 2, 179, 946, 945, 0, 21.18%, 0, 0, 3, 5.03, 13, 70, 0
1769345650, 2, 179, 947, 946, 0, 21.18%, 0, 0, 3, 5.04, 13, 70, 0
1769345655, 2, 179, 948, 947, 0, 21.18%, 0, 0, 3, 5.07, 13, 70, 0
1769345660, 2, 179, 949, 948, 0, 21.18%, 0, 0, 3, 5.04, 13, 70, 0
1769345665, 2, 179, 950, 949, 0, 21.18%, 0, 0, 3, 5.06, 13, 70, 0
1769345671, 2, 179, 951, 950, 0, 21.19%, 0, 0, 3, 5.02, 13, 70, 0
1769345676, 2, 179, 953, 952, 0, 21.19%, 0, 0, 3, 5.03, 13, 70, 0
1769345686, 2, 179, 954, 953, 0, 21.19%, 0, 0, 3, 5.02, 13, 70, 0
1769345692, 2, 179, 955, 954, 0, 21.19%, 0, 0, 3, 5.07, 13, 70, 0
1769345702, 2, 179, 956, 955, 0, 21.19%, 0, 0, 3, 5.01, 13, 70, 0
1769345707, 2, 179, 957, 956, 0, 21.19%, 0, 0, 3, 4.94, 13, 70, 0
1769345717, 2, 179, 959, 958, 0, 21.19%, 0, 0, 3, 4.93, 13, 70, 0
1769345727, 2, 179, 961, 960, 0, 21.19%, 0, 0, 3, 4.87, 13, 70, 0
1769345732, 2, 179, 962, 961, 0, 21.19%, 0, 0, 3, 4.90, 13, 70, 0
1769345738, 2, 179, 963, 962, 0, 21.19%, 0, 0, 3, 4.93, 13, 70, 0
1769345743, 2, 179, 964, 963, 0, 21.19%, 0, 0, 3, 4.98, 13, 70, 0
1769345748, 2, 179, 965, 964, 0, 21.19%, 0, 0, 3, 5.03, 13, 70, 0
1769345753, 2, 179, 966, 965, 0, 21.19%, 0, 0, 3, 4.94, 13, 70, 0
1769345758, 2, 179, 968, 967, 0, 21.19%, 0, 0, 3, 4.97, 13, 70, 0
1769345774, 2, 179, 969, 968, 0, 21.19%, 0, 0, 3, 4.96, 13, 70, 0
1769345784, 2, 179, 970, 969, 0, 21.19%, 0, 0, 3, 4.88, 13, 70, 0
1769345794, 2, 179, 971, 970, 0, 21.19%, 0, 0, 3, 4.94, 13, 70, 0
1769345800, 2, 179, 972, 971, 0, 21.19%, 0, 0, 3, 4.93, 13, 70, 0
1769345805, 2, 179, 974, 973, 0, 21.21%, 0, 0, 3, 4.92, 13, 70, 0
1769345815, 2, 179, 975, 974, 0, 21.21%, 0, 0, 3, 4.87, 13, 70, 0
1769345820, 2, 179, 977, 976, 0, 21.21%, 0, 0, 3, 4.87, 13, 70, 0
1769345825, 2, 179, 978, 977, 0, 21.21%, 0, 0, 3, 4.98, 13, 70, 0
1769345831, 2, 179, 979, 978, 0, 21.21%, 0, 0, 3, 4.98, 13, 70, 0
1769345836, 2, 179, 980, 979, 0, 21.21%, 0, 0, 3, 4.84, 13, 70, 0
1769345841, 2, 179, 981, 980, 0, 21.21%, 0, 0, 3, 4.87, 13, 70, 0
1769345851, 2, 179, 982, 981, 0, 21.21%, 0, 0, 3, 4.99, 13, 70, 0
1769345856, 2, 179, 983, 982, 0, 21.21%, 0, 0, 3, 5.06, 13, 70, 0
1769345872, 2, 179, 985, 984, 0, 21.21%, 0, 0, 3, 4.98, 13, 70, 0
1769345882, 2, 179, 986, 985, 0, 21.21%, 0, 0, 3, 5.00, 13, 70, 0
1769345888, 2, 179, 987, 986, 0, 21.21%, 0, 0, 3, 5.01, 13, 70, 0
1769345893, 2, 179, 988, 987, 0, 21.22%, 0, 0, 3, 5.00, 13, 70, 0
1769345903, 2, 179, 989, 988, 0, 21.22%, 0, 0, 3, 4.92, 13, 70, 0
1769345919, 2, 179, 990, 989, 0, 21.22%, 0, 0, 3, 4.91, 13, 70, 0
1769345924, 2, 179, 991, 990, 0, 21.22%, 0, 0, 3, 4.88, 13, 70, 0
1769345939, 2, 179, 992, 991, 0, 21.22%, 0, 0, 3, 4.88, 13, 70, 0
1769345944, 2, 179, 993, 992, 0, 21.24%, 0, 0, 3, 4.94, 13, 70, 0
1769345955, 2, 179, 994, 993, 0, 21.24%, 0, 0, 3, 4.97, 13, 70, 0
1769345960, 2, 179, 995, 994, 0, 21.24%, 0, 0, 3, 4.97, 13, 70, 0
1769345965, 2, 179, 996, 995, 0, 21.24%, 0, 0, 3, 4.90, 13, 70, 0
1769345975, 2, 179, 997, 996, 0, 21.24%, 0, 0, 3, 4.93, 13, 70, 0
1769345996, 3, 72, 998, 996, 0, 21.24%, 0, 0, 3, 5.08, 13, 70, 0
1769346006, 3, 72, 999, 997, 0, 21.24%, 0, 0, 3, 5.36, 13, 71, 0
1769346011, 3, 72, 1001, 999, 0, 21.24%, 0, 0, 3, 5.35, 13, 71, 0
1769346016, 3, 72, 1003, 1001, 0, 21.24%, 0, 0, 3, 5.18, 13, 71, 0
1769346022, 3, 72, 1005, 1003, 0, 21.24%, 0, 0, 3, 5.33, 13, 71, 0
1769346027, 3, 72, 1006, 1004, 0, 21.24%, 0, 0, 3, 5.44, 13, 71, 0
1769346032, 3, 72, 1007, 1005, 0, 21.24%, 0, 0, 3, 5.30, 13, 71, 0
1769346037, 3, 72, 1008, 1006, 0, 21.24%, 0, 0, 3, 5.29, 13, 71, 0
1769346042, 3, 72, 1009, 1007, 0, 21.24%, 0, 0, 3, 5.26, 13, 71, 0
1769346048, 3, 72, 1010, 1008, 0, 21.24%, 0, 0, 3, 5.33, 13, 71, 0
1769346053, 3, 72, 1011, 1009, 0, 21.24%, 0, 0, 3, 5.37, 13, 71, 0
1769346058, 3, 72, 1012, 1010, 0, 21.26%, 0, 0, 3, 5.33, 13, 71, 0
1769346073, 3, 72, 1014, 1012, 0, 21.26%, 0, 0, 3, 5.23, 13, 71, 0
1769346079, 3, 72, 1015, 1013, 0, 21.28%, 0, 0, 3, 5.29, 13, 71, 0
1769346084, 3, 72, 1017, 1015, 0, 21.28%, 0, 0, 3, 5.28, 13, 71, 0
1769346089, 3, 72, 1019, 1017, 0, 21.29%, 0, 0, 3, 5.26, 13, 71, 0
1769346094, 3, 72, 1020, 1018, 0, 21.29%, 0, 0, 3, 5.29, 13, 71, 0
1769346100, 3, 72, 1021, 1019, 0, 21.29%, 0, 0, 3, 5.38, 13, 73, 0
1769346105, 3, 72, 1022, 1020, 0, 21.29%, 0, 0, 3, 5.45, 13, 73, 0
1769346116, 3, 72, 1024, 1022, 0, 21.29%, 0, 0, 3, 5.34, 13, 74, 0
1769346121, 3, 72, 1025, 1023, 0, 21.29%, 0, 0, 3, 5.47, 13, 74, 0
1769346126, 3, 72, 1026, 1024, 0, 21.29%, 0, 0, 3, 5.40, 13, 74, 0
1769346136, 3, 72, 1027, 1025, 0, 21.29%, 0, 0, 3, 5.27, 13, 74, 0
1769346141, 3, 72, 1028, 1026, 0, 21.30%, 0, 0, 3, 5.34, 13, 74, 0
1769346147, 3, 72, 1029, 1027, 0, 21.30%, 0, 0, 3, 5.43, 13, 74, 0
1769346157, 3, 72, 1030, 1028, 0, 21.30%, 0, 0, 3, 5.54, 13, 74, 0
1769346162, 3, 72, 1031, 1029, 0, 21.30%, 0, 0, 3, 5.57, 13, 74, 0
1769346172, 3, 72, 1033, 1031, 0, 21.30%, 0, 0, 3, 5.59, 13, 74, 0
1769346178, 3, 72, 1034, 1032, 0, 21.30%, 0, 0, 3, 5.64, 13, 74, 0
