1776963583, 0, 5, 642, 642, 25, 7.42%, 0, 0, 2, 5.17, 16, 116, 0, 370, 102940, 40196, 0, 0.000, 0, 0, 0.331618, 1.000000, 2578, 0, 0, 0, 0, 0, 4, 0
1776963588, 0, 5, 642, 642, 25, 7.42%, 0, 0, 2, 5.31, 16, 116, 0, 370, 102940, 40196, 0, 0.000, 0, 0, 0.334017, 1.000000, 2606, 0, 0, 0, 0, 0, 4, 0
1776963593, 0, 5, 643, 643, 25, 7.42%, 0, 0, 2, 5.56, 16, 116, 0, 370, 102940, 40196, 0, 0.000, 0, 0, 0.335125, 0.631242, 2619, 0, 0, 0, 0, 0, 4, 0
1776963598, 0, 5, 643, 643, 25, 7.42%, 0, 0, 2, 5.59, 16, 116, 0, 370, 102940, 40196, 0, 0.000, 0, 0, 0.337414, 1.000000, 2646, 0, 0, 0, 0, 0, 4, 0
1776963603, 0, 5, 643, 643, 25, 7.42%, 0, 0, 2, 5.34, 16, 116, 0, 370, 102940, 40196, 0, 0.000, 0, 0, 0.339603, 1.000000, 2672, 0, 0, 0, 0, 0, 4, 0
1776963609, 0, 5, 643, 643, 25, 7.42%, 0, 0, 2, 5.43, 16, 116, 0, 370, 102940, 40196, 0, 0.000, 0, 0, 0.341945, 1.000000, 2700, 0, 0, 0, 0, 0, 4, 0
1776963614, 0, 5, 643, 643, 25, 7.42%, 0, 0, 2, 5.10, 16, 116, 0, 370, 102940, 40196, 0, 0.000, 0, 0, 0.343939, 1.000000, 2724, 0, 0, 0, 0, 0, 4, 0
1776963619, 0, 5, 643, 643, 25, 7.42%, 0, 0, 2, 5.47, 16, 116, 0, 370, 102940, 40196, 0, 0.000, 0, 0, 0.346251, 1.000000, 2752, 0, 0, 0, 0, 0, 4, 0
1776963624, 0, 5, 643, 643, 25, 7.42%, 0, 0, 2, 5.35, 16, 116, 0, 370, 102940, 40196, 0, 0.000, 0, 0, 0.348219, 1.000000, 2776, 0, 0, 0, 0, 0, 4, 0
1776963629, 0, 5, 643, 643, 25, 7.42%, 0, 0, 2, 5.31, 16, 116, 0, 370, 102940, 40196, 0, 0.000, 0, 0, 0.350500, 1.000000, 2804, 0, 0, 0, 0, 0, 4, 0
1776963635, 0, 5, 643, 643, 25, 7.42%, 0, 0, 2, 5.07, 16, 116, 0, 370, 102940, 40196, 0, 0.000, 0, 0, 0.352281, 1.000000, 2826, 0, 0, 0, 0, 0, 5, 0
1776963640, 0, 5, 643, 643, 25, 7.42%, 0, 0, 2, 5.21, 16, 116, 0, 370, 102940, 40196, 0, 0.000, 0, 0, 0.354534, 1.000000, 2854, 0, 0, 0, 0, 0, 5, 0
1776963645, 0, 5, 644, 644, 25, 7.42%, 0, 0, 2, 5.05, 16, 116, 0, 370, 102940, 40196, 0, 0.000, 0, 0, 0.355815, 1.000000, 2870, 0, 0, 0, 0, 0, 5, 0
1776963650, 0, 5, 644, 644, 25, 7.42%, 0, 0, 2, 5.33, 16, 116, 0, 370, 102940, 40196, 0, 0.000, 0, 0, 0.358043, 1.000000, 2898, 0, 0, 0, 0, 0, 5, 0
1776963656, 0, 5, 644, 644, 25, 7.42%, 0, 0, 2, 5.29, 16, 116, 0, 370, 102940, 40196, 0, 0.000, 0, 0, 0.360099, 1.000000, 2924, 0, 0, 0, 0, 0, 5, 0
1776963661, 0, 5, 644, 644, 25, 7.42%, 0, 0, 2, 5.36, 16, 116, 0, 370, 102940, 40196, 0, 0.000, 0, 0, 0.362219, 1.000000, 2951, 0, 0, 0, 0, 0, 5, 0
1776963666, 0, 5, 645, 645, 25, 7.43%, 0, 0, 2, 5.12, 16, 116, 0, 370, 102940, 40196, 0, 0.000, 0, 0, 0.363391, 1.000000, 2966, 0, 0, 0, 0, 0, 5, 0
1776963671, 0, 5, 645, 645, 25, 7.43%, 0, 0, 2, 5.43, 16, 116, 0, 370, 102940, 40196, 0, 0.000, 0, 0, 0.365568, 1.000000, 2994, 0, 0, 0, 0, 0, 5, 0
1776963676, 0, 5, 645, 645, 25, 7.43%, 0, 0, 2, 5.34, 16, 116, 0, 370, 102940, 40196, 0, 0.000, 0, 0, 0.367113, 1.000000, 3014, 0, 0, 0, 0, 0, 5, 0
1776963681, 0, 5, 645, 645, 25, 7.43%, 0, 0, 2, 5.31, 16, 116, 0, 370, 102940, 40196, 0, 0.000, 0, 0, 0.369264, 1.000000, 3042, 0, 0, 0, 0, 0, 5, 0
1776963686, 0, 5, 645, 645, 25, 7.43%, 0, 0, 2, 5.05, 16, 116, 0, 370, 102940, 40196, 0, 0.000, 0, 0, 0.371097, 1.000000, 3066, 0, 0, 0, 0, 0, 5, 0
1776963692, 0, 5, 646, 646, 25, 7.48%, 0, 0, 2, 5.33, 16, 117, 0, 370, 102940, 40196, 0, 0.000, 0, 0, 0.372918, 0.766607, 3090, 0, 0, 0, 0, 0, 5, 0
1776963697, 0, 5, 647, 647, 25, 7.48%, 0, 0, 2, 5.23, 16, 117, 0, 370, 102940, 40196, 0, 0.000, 0, 0, 0.374127, 0.766607, 3106, 0, 0, 0, 0, 0, 5, 0
1776963702, 0, 5, 648, 648, 25, 7.48%, 0, 0, 2, 5.09, 16, 117, 0, 370, 102940, 40196, 0, 0.000, 0, 0, 0.375856, 1.000000, 3129, 0, 0, 0, 0, 0, 5, 0
1776963707, 0, 5, 648, 648, 25, 7.48%, 0, 0, 2, 5.28, 16, 117, 0, 370, 102940, 40196, 0, 0.000, 0, 0, 0.377277, 1.000000, 3148, 0, 0, 0, 0, 0, 5, 0
1776963713, 0, 5, 648, 648, 25, 7.48%, 0, 0, 2, 0.65, 16, 117, 0, 370, 102940, 40196, 0, 0.000, 0, 0, 0.378989, 1.000000, 3171, 0, 0, 0, 0, 0, 5, 0
1776963718, 0, 5, 648, 648, 25, 7.48%, 0, 0, 2, 5.83, 16, 117, 0, 370, 102940, 40196, 0, 0.000, 0, 0, 0.381134, 1.000000, 3200, 0, 0, 0, 0, 0, 5, 0
1776963723, 0, 5, 649, 649, 25, 7.48%, 0, 0, 2, 5.39, 16, 117, 0, 370, 102940, 40196, 0, 0.000, 0, 0, 0.382678, 0.713711, 3221, 0, 0, 0, 0, 0, 5, 0
1776963729, 0, 5, 649, 649, 25, 7.48%, 0, 0, 2, 5.39, 16, 117, 0, 370, 102940, 40196, 0, 0.000, 0, 0, 0.384506, 1.000000, 3246, 0, 0, 0, 0, 0, 5, 0
1776963734, 0, 5, 649, 649, 25, 7.48%, 0, 0, 2, 5.27, 16, 117, 0, 370, 102940, 40196, 0, 0.000, 0, 0, 0.386396, 1.000000, 3272, 0, 0, 0, 0, 0, 5, 0
1776963739, 0, 5, 649, 649, 25, 7.48%, 0, 0, 2, 5.43, 16, 117, 0, 370, 102940, 40196, 0, 0.000, 0, 0, 0.388418, 1.000000, 3300, 0, 0, 0, 0, 0, 5, 0
1776963744, 0, 5, 649, 649, 25, 7.48%, 0, 0, 2, 5.79, 16, 117, 0, 370, 102940, 40196, 0, 0.000, 0, 0, 0.390141, 1.000000, 3324, 0, 0, 0, 0, 0, 5, 0
1776963749, 0, 5, 649, 649, 25, 7.48%, 0, 0, 2, 5.47, 16, 117, 0, 370, 102940, 40196, 0, 0.000, 0, 0, 0.392139, 1.000000, 3352, 0, 0, 0, 0, 0, 5, 0
1776963754, 0, 5, 649, 649, 25, 7.48%, 0, 0, 2, 6.57, 16, 117, 0, 370, 102940, 40196, 0, 0.000, 0, 0, 0.393699, 1.000000, 3374, 0, 0, 0, 0, 0, 5, 0
1776963760, 0, 5, 649, 649, 25, 7.48%, 0, 0, 2, 6.11, 16, 117, 0, 370, 102940, 40196, 0, 0.000, 0, 0, 0.395814, 1.000000, 3404, 0, 0, 0, 0, 0, 5, 0
1776963765, 0, 5, 649, 649, 25, 7.48%, 0, 0, 2, 5.50, 16, 117, 0, 370, 102940, 40196, 0, 0.000, 0, 0, 0.397495, 1.000000, 3428, 0, 0, 0, 0, 0, 6, 0
1776963770, 0, 5, 649, 649, 25, 7.48%, 0, 0, 2, 5.69, 16, 117, 0, 370, 102940, 40196, 0, 0.000, 0, 0, 0.399445, 1.000000, 3456, 0, 0, 0, 0, 0, 6, 0
1776963775, 0, 5, 649, 649, 25, 7.48%, 0, 0, 2, 5.83, 16, 117, 0, 370, 102940, 40196, 0, 0.000, 0, 0, 0.401382, 1.000000, 3484, 0, 0, 0, 0, 0, 6, 0
1776963781, 0, 5, 649, 649, 25, 7.48%, 0, 0, 2, 1.10, 16, 117, 0, 370, 102940, 40196, 0, 0.000, 0, 0, 0.403376, 1.000000, 3513, 0, 0, 0, 0, 0, 6, 0
1776963786, 0, 5, 649, 649, 25, 7.48%, 0, 0, 2, 6.65, 16, 117, 0, 370, 102940, 40196, 0, 0.000, 0, 0, 0.405356, 1.000000, 3542, 0, 0, 0, 0, 0, 6, 0
1776963791, 0, 5, 650, 650, 25, 7.48%, 0, 0, 2, 0.67, 16, 117, 0, 370, 102940, 40196, 0, 0.000, 0, 0, 0.406782, 1.000000, 3563, 0, 0, 0, 0, 0, 6, 0
1776963797, 0, 5, 650, 650, 25, 7.48%, 0, 0, 2, 5.03, 16, 117, 0, 370, 102940, 40196, 0, 0.000, 0, 0, 0.408200, 1.000000, 3584, 0, 0, 0, 0, 0, 6, 0
1776963802, 0, 5, 650, 650, 25, 7.48%, 0, 0, 2, 4.86, 16, 117, 0, 370, 102940, 40196, 0, 0.000, 0, 0, 0.409814, 1.000000, 3608, 0, 0, 0, 0, 0, 6, 0
1776963807, 0, 5, 650, 650, 25, 7.48%, 0, 0, 2, 5.46, 16, 117, 0, 370, 102940, 40196, 0, 0.000, 0, 0, 0.411685, 1.000000, 3636, 0, 0, 0, 0, 0, 6, 0
1776963812, 0, 5, 650, 650, 25, 7.48%, 0, 0, 2, 5.15, 16, 117, 0, 370, 102940, 40196, 0, 0.000, 0, 0, 0.413279, 1.000000, 3660, 0, 0, 0, 0, 0, 6, 0
1776963817, 0, 5, 650, 650, 25, 7.48%, 0, 0, 2, 5.20, 16, 117, 0, 370, 102940, 40196, 0, 0.000, 0, 0, 0.414997, 1.000000, 3686, 0, 0, 0, 0, 0, 6, 0
1776963822, 0, 5, 650, 650, 25, 7.48%, 0, 0, 2, 5.05, 16, 117, 0, 370, 102940, 40196, 0, 0.000, 0, 0, 0.416573, 1.000000, 3710, 0, 0, 0, 0, 0, 6, 0
1776963827, 0, 5, 650, 650, 25, 7.48%, 0, 0, 2, 5.27, 16, 117, 0, 370, 102940, 40196, 0, 0.000, 0, 0, 0.418402, 1.000000, 3738, 0, 0, 0, 0, 0, 6, 0
1776963833, 0, 5, 650, 650, 25, 7.48%, 0, 0, 2, 5.30, 16, 117, 0, 370, 102940, 40196, 0, 0.000, 0, 0, 0.419765, 1.000000, 3759, 0, 0, 0, 0, 0, 6, 0
1776963838, 0, 5, 650, 650, 25, 7.48%, 0, 0, 2, 5.34, 16, 117, 0, 370, 102940, 40196, 0, 0.000, 0, 0, 0.421510, 1.000000, 3786, 0, 0, 0, 0, 0, 7, 0
1776963843, 0, 5, 651, 651, 25, 7.48%, 0, 0, 2, 5.02, 16, 117, 0, 370, 102940, 40196, 0, 0.000, 0, 0, 0.422731, 0.713711, 3805, 0, 0, 0, 0, 0, 7, 0
1776963848, 0, 5, 651, 651, 25, 7.48%, 0, 0, 2, 5.19, 16, 117, 0, 370, 102940, 40196, 0, 0.000, 0, 0, 0.424330, 1.000000, 3830, 0, 0, 0, 0, 0, 7, 0
1776963853, 0, 5, 651, 651, 25, 7.48%, 0, 0, 2, 5.25, 16, 117, 0, 370, 102940, 40196, 0, 0.000, 0, 0, 0.425983, 1.000000, 3856, 0, 0, 0, 0, 0, 7, 0
1776963858, 0, 5, 651, 651, 25, 7.48%, 0, 0, 2, 5.46, 16, 117, 0, 370, 102940, 40196, 0, 0.000, 0, 0, 0.427753, 1.000000, 3884, 0, 0, 0, 0, 0, 7, 0
1776963864, 0, 5, 651, 651, 25, 7.48%, 0, 0, 2, 5.69, 16, 117, 0, 370, 102940, 40196, 0, 0.000, 0, 0, 0.429262, 1.000000, 3908, 0, 0, 0, 0, 0, 7, 0
1776963869, 1, 1, 652, 651, 1, 7.48%, 0, 0, 2, 5.55, 16, 117, 0, 370, 102940, 40196, 0, 0.000, 0, 0, 0.430513, 1.000000, 3928, 0, 0, 0, 0, 0, 7, 0
1776963874, 1, 1, 654, 653, 1, 7.48%, 0, 0, 2, 4.52, 16, 117, 0, 370, 102940, 40196, 0, 0.000, 0, 0, 0.430762, 1.000000, 3932, 0, 0, 0, 0, 0, 7, 0
1776963879, 1, 1, 655, 654, 1, 7.48%, 0, 0, 2, 5.14, 16, 117, 0, 370, 102940, 40196, 0, 0.000, 0, 0, 0.432069, 0.618617, 3953, 0, 0, 0, 0, 0, 7, 0
1776963884, 1, 1, 656, 655, 1, 7.48%, 0, 0, 2, 5.23, 16, 117, 0, 370, 102940, 40196, 0, 0.000, 0, 0, 0.433122, 1.000000, 3970, 0, 0, 0, 0, 0, 7, 0
1776963889, 1, 1, 657, 656, 1, 7.48%, 0, 0, 2, 5.25, 16, 118, 0, 370, 102940, 40196, 0, 0.000, 0, 0, 0.434787, 1.000000, 3997, 0, 0, 0, 0, 0, 7, 0
1776963894, 1, 1, 657, 656, 1, 7.48%, 0, 0, 2, 5.03, 16, 118, 0, 370, 102940, 40196, 0, 0.000, 0, 0, 0.435708, 1.000000, 4012, 0, 0, 0, 0, 0, 7, 0
1776963900, 1, 1, 658, 657, 1, 7.48%, 0, 0, 2, 5.53, 16, 118, 0, 370, 102940, 40196, 0, 0.000, 0, 0, 0.437053, 1.000000, 4034, 0, 0, 0, 0, 0, 7, 0
1776963905, 1, 1, 659, 658, 1, 7.48%, 0, 0, 2, 5.38, 16, 118, 0, 370, 102940, 40196, 0, 0.000, 0, 0, 0.438210, 0.618617, 4053, 0, 0, 0, 0, 0, 7, 0
1776963911, 1, 1, 660, 659, 1, 7.48%, 0, 0, 2, 0.67, 16, 118, 0, 370, 102940, 40196, 0, 0.000, 0, 0, 0.439543, 1.000000, 4075, 0, 0, 0, 0, 0, 7, 0
1776963916, 1, 1, 661, 660, 1, 7.48%, 0, 0, 2, 5.02, 16, 118, 0, 370, 102940, 40196, 0, 0.000, 0, 0, 0.441110, 1.000000, 4101, 0, 0, 0, 0, 0, 7, 0
1776963921, 1, 1, 662, 661, 1, 7.48%, 0, 0, 2, 5.05, 16, 118, 0, 370, 102940, 40196, 0, 0.000, 0, 0, 0.441830, 0.664465, 4113, 0, 0, 0, 0, 0, 7, 0
1776963927, 1, 1, 663, 662, 1, 7.49%, 0, 0, 2, 5.59, 16, 118, 0, 370, 102940, 40196, 0, 0.000, 0, 0, 0.442967, 1.000000, 4132, 0, 0, 0, 0, 0, 7, 0
1776963932, 1, 1, 665, 664, 1, 7.49%, 0, 0, 2, 5.76, 16, 118, 0, 370, 102940, 40196, 0, 0.000, 0, 0, 0.444219, 1.000000, 4153, 0, 0, 0, 0, 0, 7, 0
1776963937, 1, 1, 665, 664, 1, 7.49%, 0, 0, 2, 5.39, 16, 118, 0, 370, 102940, 40196, 0, 0.000, 0, 0, 0.445346, 1.000000, 4172, 0, 0, 0, 0, 0, 7, 0
1776963942, 1, 1, 665, 664, 1, 7.49%, 0, 0, 2, 5.16, 16, 118, 0, 370, 102940, 40196, 0, 0.000, 0, 0, 0.446763, 1.000000, 4196, 0, 0, 0, 0, 0, 7, 0
1776963947, 1, 1, 665, 664, 1, 7.49%, 0, 0, 2, 5.63, 16, 118, 0, 370, 102940, 40196, 0, 0.000, 0, 0, 0.448525, 1.000000, 4226, 0, 0, 0, 0, 0, 7, 0
1776963953, 1, 1, 666, 665, 1, 7.49%, 0, 0, 2, 4.79, 16, 118, 0, 370, 102940, 40196, 0, 0.000, 0, 0, 0.449226, 1.000000, 4238, 0, 0, 0, 0, 0, 7, 0
1776963958, 1, 1, 667, 666, 1, 7.49%, 0, 0, 2, 5.30, 16, 118, 0, 370, 102940, 40196, 0, 0.000, 0, 0, 0.450391, 1.000000, 4258, 0, 0, 0, 0, 0, 7, 0
1776963963, 1, 1, 667, 666, 1, 7.49%, 0, 0, 2, 5.10, 16, 118, 0, 370, 102940, 40196, 0, 0.000, 0, 0, 0.451783, 1.000000, 4282, 0, 0, 0, 0, 0, 7, 0
1776963968, 1, 1, 667, 666, 1, 7.49%, 0, 0, 2, 5.48, 16, 118, 0, 370, 102940, 40196, 0, 0.000, 0, 0, 0.453513, 1.000000, 4312, 0, 0, 0, 0, 0, 7, 0
1776963973, 1, 1, 667, 666, 1, 7.49%, 0, 0, 2, 5.35, 16, 118, 0, 370, 102940, 40196, 0, 0.000, 0, 0, 0.455003, 1.000000, 4338, 0, 0, 0, 0, 0, 7, 0
1776963978, 1, 1, 667, 666, 1, 7.49%, 0, 0, 2, 5.59, 16, 118, 0, 370, 102940, 40196, 0, 0.000, 0, 0, 0.456599, 1.000000, 4366, 0, 0, 0, 0, 0, 7, 0
1776963984, 1, 1, 669, 668, 1, 7.49%, 0, 0, 2, 6.00, 16, 118, 0, 370, 102940, 40196, 0, 0.000, 0, 0, 0.457450, 0.806954, 4381, 0, 0, 0, 0, 0, 7, 0
1776963989, 1, 1, 670, 669, 1, 7.49%, 0, 0, 2, 5.58, 16, 118, 0, 370, 102940, 40196, 0, 0.000, 0, 0, 0.458073, 1.000000, 4392, 0, 0, 0, 0, 0, 7, 0
1776963994, 1, 1, 670, 669, 1, 7.49%, 0, 0, 2, 5.11, 16, 118, 0, 370, 102940, 40196, 0, 0.000, 0, 0, 0.459313, 1.000000, 4414, 0, 0, 0, 0, 0, 7, 0
1776963999, 1, 1, 670, 669, 1, 7.49%, 0, 0, 2, 5.38, 16, 118, 0, 370, 102940, 40196, 0, 0.000, 0, 0, 0.460884, 1.000000, 4442, 0, 0, 0, 0, 0, 7, 0
1776964004, 1, 1, 670, 669, 1, 7.49%, 0, 0, 2, 5.44, 16, 118, 0, 370, 102940, 40196, 0, 0.000, 0, 0, 0.462334, 1.000000, 4468, 0, 0, 0, 0, 0, 7, 0
1776964010, 1, 1, 671, 670, 1, 7.49%, 0, 0, 2, 5.07, 16, 118, 0, 370, 102940, 40196, 0, 0.000, 0, 0, 0.463500, 0.664465, 4489, 0, 0, 0, 0, 0, 7, 0
1776964015, 1, 1, 671, 670, 1, 7.49%, 0, 0, 2, 5.85, 16, 118, 0, 370, 102940, 40196, 0, 0.000, 0, 0, 0.465102, 1.000000, 4518, 0, 0, 0, 0, 0, 7, 0
1776964021, 1, 1, 672, 671, 1, 7.49%, 0, 0, 2, 1.86, 16, 118, 0, 370, 102940, 40196, 0, 0.000, 0, 0, 0.466146, 0.664465, 4537, 0, 0, 0, 0, 0, 7, 0
1776964026, 1, 1, 672, 671, 1, 7.49%, 0, 0, 2, 3.97, 16, 118, 0, 370, 102940, 40196, 0, 0.000, 0, 0, 0.467514, 1.000000, 4562, 0, 0, 0, 0, 0, 7, 0
1776964031, 1, 1, 672, 671, 1, 7.49%, 0, 0, 2, 6.95, 16, 118, 0, 370, 102940, 40196, 0, 0.000, 0, 0, 0.468712, 1.000000, 4584, 0, 0, 0, 0, 0, 7, 0
1776964036, 1, 1, 672, 671, 1, 7.49%, 0, 0, 2, 6.16, 16, 118, 0, 370, 102940, 40196, 0, 0.000, 0, 0, 0.470282, 1.000000, 4613, 0, 0, 0, 0, 0, 7, 0
1776964041, 1, 1, 673, 672, 1, 7.49%, 0, 0, 2, 5.44, 16, 118, 0, 370, 102940, 40196, 0, 0.000, 0, 0, 0.471360, 0.766607, 4633, 0, 0, 0, 0, 0, 7, 0
1776964046, 1, 1, 674, 673, 1, 7.50%, 0, 0, 2, 5.51, 16, 118, 0, 370, 102940, 40196, 0, 0.000, 0, 0, 0.472166, 1.000000, 4648, 0, 0, 0, 0, 0, 7, 0
1776964051, 1, 1, 674, 673, 1, 7.50%, 0, 0, 2, 5.15, 16, 118, 0, 370, 102940, 40196, 0, 0.000, 0, 0, 0.473450, 1.000000, 4672, 0, 0, 0, 0, 0, 7, 0
1776964056, 1, 1, 674, 673, 1, 7.50%, 0, 0, 2, 5.54, 16, 118, 0, 370, 102940, 40196, 0, 0.000, 0, 0, 0.475045, 1.000000, 4702, 0, 0, 0, 0, 0, 7, 0
1776964061, 1, 1, 674, 673, 1, 7.50%, 0, 0, 2, 2.73, 16, 118, 0, 370, 102940, 40196, 0, 0.000, 0, 0, 0.476315, 1.000000, 4726, 0, 0, 0, 0, 0, 7, 0
1776964066, 1, 1, 674, 673, 1, 7.50%, 0, 0, 2, 4.68, 16, 118, 0, 370, 102940, 40196, 0, 0.000, 0, 0, 0.477894, 1.000000, 4756, 0, 0, 0, 0, 0, 7, 0
1776964072, 1, 1, 674, 673, 1, 7.50%, 0, 0, 2, 5.40, 16, 118, 0, 370, 102940, 40196, 0, 0.000, 0, 0, 0.478993, 1.000000, 4777, 0, 0, 0, 0, 0, 7, 0
1776964077, 1, 1, 674, 673, 1, 7.50%, 0, 0, 2, 5.73, 16, 118, 0, 370, 102940, 40196, 0, 0.000, 0, 0, 0.480556, 1.000000, 4807, 0, 0, 0, 0, 0, 7, 0
1776964082, 1, 1, 674, 673, 1, 7.50%, 0, 0, 2, 5.85, 16, 118, 0, 370, 102940, 40196, 0, 0.000, 0, 0, 0.481954, 1.000000, 4834, 0, 0, 0, 0, 0, 7, 0
1776964087, 1, 1, 674, 673, 1, 7.50%, 0, 0, 2, 5.64, 16, 118, 0, 370, 102940, 40196, 0, 0.000, 0, 0, 0.483448, 1.000000, 4863, 0, 0, 0, 0, 0, 8, 0
1776964092, 1, 1, 675, 674, 1, 7.50%, 0, 0, 2, 5.62, 16, 118, 0, 370, 102940, 40196, 0, 0.000, 0, 0, 0.484626, 0.664465, 4886, 0, 0, 0, 0, 0, 8, 0
1776964097, 1, 1, 675, 674, 1, 7.50%, 0, 0, 2, 5.75, 16, 118, 0, 370, 102940, 40196, 0, 0.000, 0, 0, 0.485799, 1.000000, 4909, 0, 0, 0, 0, 0, 8, 0
1776964103, 1, 1, 676, 675, 1, 7.50%, 0, 0, 2, 5.67, 16, 118, 0, 370, 102940, 40196, 0, 0.000, 0, 0, 0.486815, 1.000000, 4929, 0, 0, 0, 0, 0, 8, 0
1776964108, 1, 1, 676, 675, 1, 7.50%, 0, 0, 2, 5.40, 16, 118, 0, 370, 102940, 40196, 0, 0.000, 0, 0, 0.487927, 1.000000, 4951, 0, 0, 0, 0, 0, 8, 0
1776964113, 1, 1, 676, 675, 1, 7.50%, 0, 0, 2, 5.75, 16, 118, 0, 370, 102940, 40196, 0, 0.000, 0, 0, 0.489487, 1.000000, 4982, 0, 0, 0, 0, 0, 8, 0
1776964118, 1, 1, 677, 676, 1, 7.50%, 0, 0, 2, 5.77, 16, 118, 0, 370, 102940, 40196, 0, 0.000, 0, 0, 0.490488, 1.000000, 5002, 0, 0, 0, 0, 0, 8, 0
1776964123, 1, 1, 678, 677, 1, 7.50%, 0, 0, 2, 5.42, 16, 118, 0, 370, 102940, 40196, 0, 0.000, 0, 0, 0.491486, 1.000000, 5022, 0, 0, 0, 0, 0, 8, 0
1776964129, 1, 1, 678, 677, 1, 7.50%, 0, 0, 2, 5.26, 16, 118, 0, 370, 102940, 40196, 0, 0.000, 0, 0, 0.492776, 1.000000, 5048, 0, 0, 0, 0, 0, 8, 0
1776964134, 1, 1, 678, 677, 1, 7.50%, 0, 0, 2, 5.31, 16, 118, 0, 370, 102940, 40196, 0, 0.000, 0, 0, 0.494159, 1.000000, 5076, 0, 0, 0, 0, 0, 8, 0
1776964139, 1, 1, 678, 677, 1, 7.50%, 0, 0, 2, 5.27, 16, 118, 0, 370, 102940, 40196, 0, 0.000, 0, 0, 0.495338, 1.000000, 5100, 0, 0, 0, 0, 0, 8, 0
1776964144, 1, 1, 678, 677, 1, 7.50%, 0, 0, 2, 5.48, 16, 118, 0, 370, 102940, 40196, 0, 0.000, 0, 0, 0.496707, 1.000000, 5128, 0, 0, 0, 0, 0, 8, 0
1776964149, 1, 1, 679, 678, 1, 7.50%, 0, 0, 2, 6.56, 16, 118, 0, 370, 102940, 40196, 0, 0.000, 0, 0, 0.497388, 1.000000, 5142, 0, 0, 0, 0, 0, 8, 0
1776964154, 1, 1, 679, 678, 1, 7.50%, 0, 0, 2, 6.12, 16, 118, 0, 370, 102940, 40196, 0, 0.000, 0, 0, 0.498843, 1.000000, 5172, 0, 0, 0, 0, 0, 8, 0
1776964160, 1, 1, 679, 678, 1, 7.50%, 0, 0, 2, 5.92, 16, 118, 0, 370, 102940, 40196, 0, 0.000, 0, 0, 0.500192, 1.000000, 5200, 0, 0, 0, 0, 0, 8, 0
1776964165, 1, 1, 680, 679, 1, 7.50%, 0, 0, 2, 5.38, 16, 118, 0, 370, 102940, 40196, 0, 0.000, 0, 0, 0.501056, 1.000000, 5218, 0, 0, 0, 0, 0, 8, 0
1776964170, 1, 1, 680, 679, 1, 7.50%, 0, 0, 2, 5.84, 16, 118, 0, 370, 102940, 40196, 0, 0.000, 0, 0, 0.502585, 1.000000, 5250, 0, 0, 0, 0, 0, 8, 0
1776964176, 1, 1, 680, 679, 1, 7.50%, 0, 0, 2, 2.57, 16, 118, 0, 370, 102940, 40196, 0, 0.000, 0, 0, 0.503820, 1.000000, 5276, 0, 0, 0, 0, 0, 8, 0
1776964181, 1, 1, 681, 680, 1, 7.50%, 0, 0, 2, 4.43, 16, 118, 0, 370, 102940, 40196, 0, 0.000, 0, 0, 0.504766, 1.000000, 5296, 0, 0, 0, 0, 0, 8, 0
1776964186, 1, 1, 681, 680, 1, 7.50%, 0, 0, 2, 5.70, 16, 118, 0, 370, 102940, 40196, 0, 0.000, 0, 0, 0.505708, 1.000000, 5316, 0, 0, 0, 0, 0, 8, 0
1776964191, 1, 1, 681, 680, 1, 7.50%, 0, 0, 2, 5.69, 16, 118, 0, 370, 102940, 40196, 0, 0.000, 0, 0, 0.507021, 1.000000, 5344, 0, 0, 0, 0, 0, 8, 0
1776964196, 1, 1, 681, 680, 1, 7.50%, 0, 0, 2, 5.43, 16, 118, 0, 370, 102940, 40196, 0, 0.000, 0, 0, 0.508234, 1.000000, 5370, 0, 0, 0, 0, 0, 8, 0
1776964201, 1, 1, 681, 680, 1, 7.50%, 0, 0, 2, 5.41, 16, 118, 0, 370, 102940, 40196, 0, 0.000, 0, 0, 0.509580, 1.000000, 5399, 0, 0, 0, 0, 0, 8, 0
1776964206, 1, 1, 681, 680, 1, 7.50%, 0, 0, 2, 5.21, 16, 118, 0, 370, 102940, 40196, 0, 0.000, 0, 0, 0.510688, 1.000000, 5423, 0, 0, 0, 0, 0, 8, 0
1776964211, 1, 1, 682, 681, 1, 7.50%, 0, 0, 2, 5.30, 16, 118, 0, 370, 102940, 40196, 0, 0.000, 0, 0, 0.511562, 1.000000, 5442, 0, 0, 0, 0, 0, 8, 0
1776964216, 1, 1, 683, 682, 1, 7.50%, 0, 0, 2, 5.78, 16, 118, 0, 370, 102940, 40196, 0, 0.000, 0, 0, 0.512433, 1.000000, 5461, 0, 0, 0, 0, 0, 8, 0
1776964222, 1, 1, 683, 682, 1, 7.50%, 0, 0, 2, 5.57, 16, 118, 0, 370, 102940, 40196, 0, 0.000, 0, 0, 0.513711, 1.000000, 5489, 0, 0, 0, 0, 0, 8, 0
1776964227, 1, 1, 683, 682, 1, 7.50%, 0, 0, 2, 5.29, 16, 118, 0, 370, 102940, 40196, 0, 0.000, 0, 0, 0.514665, 1.000000, 5510, 0, 0, 0, 0, 0, 8, 0
1776964233, 1, 1, 683, 682, 1, 7.50%, 0, 0, 2, 5.51, 16, 118, 0, 370, 102940, 40196, 0, 0.000, 0, 0, 0.516066, 1.000000, 5541, 0, 0, 0, 0, 0, 8, 0
1776964238, 1, 1, 683, 682, 1, 7.50%, 0, 0, 2, 5.69, 16, 118, 0, 370, 102940, 40196, 0, 0.000, 0, 0, 0.517459, 1.000000, 5572, 0, 0, 0, 0, 0, 8, 0
1776964243, 1, 1, 683, 682, 1, 7.50%, 0, 0, 2, 5.55, 16, 118, 0, 370, 102940, 40196, 0, 0.000, 0, 0, 0.518621, 1.000000, 5598, 0, 0, 0, 0, 0, 8, 0
1776964248, 1, 1, 683, 682, 1, 7.50%, 0, 0, 2, 5.74, 16, 118, 0, 370, 102940, 40196, 0, 0.000, 0, 0, 0.519956, 1.000000, 5628, 0, 0, 0, 0, 0, 8, 0
1776964254, 1, 1, 683, 682, 1, 7.50%, 0, 0, 2, 2.39, 16, 118, 0, 370, 102940, 40196, 0, 0.000, 0, 0, 0.521018, 1.000000, 5652, 0, 0, 0, 0, 0, 9, 0
1776964259, 1, 1, 683, 682, 1, 7.50%, 0, 0, 2, 4.80, 16, 118, 0, 370, 102940, 40196, 0, 0.000, 0, 0, 0.522426, 1.000000, 5684, 0, 0, 0, 0, 0, 9, 0
1776964264, 1, 1, 683, 682, 1, 7.50%, 0, 0, 2, 5.13, 16, 118, 0, 370, 102940, 40196, 0, 0.000, 0, 0, 0.523434, 1.000000, 5707, 0, 0, 0, 0, 0, 9, 0
1776964269, 1, 1, 683, 682, 1, 7.50%, 0, 0, 2, 5.67, 16, 118, 0, 370, 102940, 40196, 0, 0.000, 0, 0, 0.524785, 1.000000, 5738, 0, 0, 0, 0, 0, 9, 0
1776964275, 1, 1, 683, 682, 1, 7.50%, 0, 0, 2, 5.62, 16, 118, 0, 370, 102940, 40196, 0, 0.000, 0, 0, 0.525912, 1.000000, 5764, 0, 0, 0, 0, 0, 9, 0
1776964280, 1, 1, 683, 682, 1, 7.50%, 0, 0, 2, 5.50, 16, 118, 0, 370, 102940, 40196, 0, 0.000, 0, 0, 0.527077, 1.000000, 5791, 0, 0, 0, 0, 0, 9, 0
1776964285, 1, 1, 683, 682, 1, 7.50%, 0, 0, 2, 5.46, 16, 118, 0, 370, 102940, 40196, 0, 0.000, 0, 0, 0.528237, 1.000000, 5818, 0, 0, 0, 0, 0, 9, 0
1776964290, 1, 1, 684, 683, 1, 7.51%, 0, 0, 2, 5.90, 16, 118, 0, 370, 102940, 40196, 0, 0.000, 0, 0, 0.529092, 1.000000, 5838, 0, 0, 0, 0, 0, 9, 0
1776964295, 1, 1, 684, 683, 1, 7.51%, 0, 0, 2, 5.93, 16, 118, 0, 370, 102940, 40196, 0, 0.000, 0, 0, 0.530369, 1.000000, 5868, 0, 0, 0, 0, 0, 9, 0
1776964301, 1, 1, 684, 683, 1, 7.51%, 0, 0, 2, 5.73, 16, 118, 0, 370, 102940, 40196, 0, 0.000, 0, 0, 0.531385, 1.000000, 5892, 0, 0, 0, 0, 0, 9, 0
1776964306, 1, 1, 684, 683, 1, 7.51%, 0, 0, 2, 5.70, 16, 118, 0, 370, 102940, 40196, 0, 0.000, 0, 0, 0.532566, 1.000000, 5920, 0, 0, 0, 0, 0, 9, 0
1776964311, 1, 1, 684, 683, 1, 7.51%, 0, 0, 2, 5.55, 16, 118, 0, 370, 102940, 40196, 0, 0.000, 0, 0, 0.533656, 1.000000, 5946, 0, 0, 0, 0, 0, 9, 0
1776964316, 1, 1, 684, 683, 1, 7.51%, 0, 0, 2, 5.58, 16, 118, 0, 370, 102940, 40196, 0, 0.000, 0, 0, 0.534825, 1.000000, 5974, 0, 0, 0, 0, 0, 9, 0
1776964321, 1, 1, 684, 683, 1, 7.51%, 0, 0, 2, 5.43, 16, 118, 0, 370, 102940, 40196, 0, 0.000, 0, 0, 0.535906, 1.000000, 6000, 0, 0, 0, 0, 0, 9, 0
1776964326, 1, 1, 684, 683, 1, 7.51%, 0, 0, 2, 5.69, 16, 118, 0, 370, 102940, 40196, 0, 0.000, 0, 0, 0.537105, 1.000000, 6029, 0, 0, 0, 0, 0, 9, 0
1776964331, 1, 1, 684, 683, 1, 7.51%, 0, 0, 2, 5.58, 16, 118, 0, 370, 102940, 40196, 0, 0.000, 0, 0, 0.538051, 1.000000, 6052, 0, 0, 0, 0, 0, 10, 0
1776964337, 1, 1, 685, 684, 1, 7.51%, 0, 0, 2, 5.29, 16, 119, 0, 370, 102940, 40196, 0, 0.000, 0, 0, 0.538871, 1.000000, 6072, 0, 0, 0, 0, 0, 10, 0
1776964342, 1, 1, 685, 684, 1, 7.51%, 0, 0, 2, 4.86, 16, 119, 0, 370, 102940, 40196, 0, 0.000, 0, 0, 0.539770, 1.000000, 6094, 0, 0, 0, 0, 0, 10, 0
1776964347, 1, 1, 685, 684, 1, 7.51%, 0, 0, 2, 5.09, 16, 119, 0, 370, 102940, 40196, 0, 0.000, 0, 0, 0.540868, 1.000000, 6121, 0, 0, 0, 0, 0, 10, 0
1776964352, 1, 1, 685, 684, 1, 7.51%, 0, 0, 2, 5.24, 16, 119, 0, 370, 102940, 40196, 0, 0.000, 0, 0, 0.541880, 1.000000, 6146, 0, 0, 0, 0, 0, 10, 0
1776964358, 1, 1, 685, 684, 1, 7.51%, 0, 0, 2, 5.24, 16, 119, 0, 370, 102940, 40196, 0, 0.000, 0, 0, 0.543048, 1.000000, 6175, 0, 0, 0, 0, 0, 10, 0
1776964363, 1, 1, 686, 685, 1, 7.51%, 0, 0, 2, 5.34, 16, 119, 0, 370, 102940, 40196, 0, 0.000, 0, 0, 0.543810, 1.000000, 6194, 0, 0, 0, 0, 0, 10, 0
1776964368, 1, 1, 686, 685, 1, 7.51%, 0, 0, 2, 7.09, 16, 119, 0, 370, 102940, 40196, 0, 0.000, 0, 0, 0.544809, 1.000000, 6219, 0, 0, 0, 0, 0, 10, 0
1776964373, 1, 1, 686, 685, 1, 7.51%, 0, 0, 2, 6.16, 16, 119, 0, 370, 102940, 40196, 0, 0.000, 0, 0, 0.545963, 1.000000, 6248, 0, 0, 0, 0, 0, 10, 0
1776964378, 1, 1, 687, 686, 1, 7.51%, 0, 0, 2, 5.07, 16, 119, 0, 370, 102940, 40196, 0, 0.000, 0, 0, 0.546716, 0.823423, 6267, 0, 0, 0, 0, 0, 10, 0
1776964383, 1, 1, 687, 686, 1, 7.51%, 0, 0, 2, 5.89, 16, 119, 0, 370, 102940, 40196, 0, 0.000, 0, 0, 0.547781, 1.000000, 6294, 0, 0, 0, 0, 0, 10, 0
1776964389, 1, 1, 687, 686, 1, 7.51%, 0, 0, 2, 5.80, 16, 119, 0, 370, 102940, 40196, 0, 0.000, 0, 0, 0.548919, 1.000000, 6323, 0, 0, 0, 0, 0, 10, 0
1776964394, 1, 1, 687, 686, 1, 7.51%, 0, 0, 2, 5.88, 16, 119, 0, 370, 102940, 40196, 0, 0.000, 0, 0, 0.550091, 1.000000, 6353, 0, 0, 0, 0, 0, 10, 0
1776964399, 1, 1, 687, 686, 1, 7.51%, 0, 0, 2, 5.67, 16, 119, 0, 370, 102940, 40196, 0, 0.000, 0, 0, 0.551140, 1.000000, 6380, 0, 0, 0, 0, 0, 10, 0
1776964405, 1, 1, 688, 687, 1, 7.51%, 0, 0, 2, 1.06, 16, 119, 0, 370, 102940, 40196, 0, 0.000, 0, 0, 0.551953, 1.000000, 6401, 0, 0, 0, 0, 0, 10, 0
1776964410, 1, 1, 688, 687, 1, 7.51%, 0, 0, 2, 6.13, 16, 119, 0, 370, 102940, 40196, 0, 0.000, 0, 0, 0.553071, 1.000000, 6430, 0, 0, 0, 0, 0, 10, 0
1776964416, 1, 1, 688, 687, 1, 7.51%, 0, 0, 2, 5.51, 16, 119, 0, 370, 102940, 40196, 0, 0.000, 0, 0, 0.553953, 1.000000, 6453, 0, 0, 0, 0, 0, 10, 0
1776964421, 1, 1, 688, 687, 1, 7.51%, 0, 0, 2, 5.59, 16, 119, 0, 370, 102940, 40196, 0, 0.000, 0, 0, 0.555099, 1.000000, 6483, 0, 0, 0, 0, 0, 10, 0
1776964426, 1, 1, 688, 687, 1, 7.51%, 0, 0, 2, 5.20, 16, 119, 0, 370, 102940, 40196, 0, 0.000, 0, 0, 0.556011, 1.000000, 6507, 0, 0, 0, 0, 0, 10, 0
1776964431, 1, 1, 688, 687, 1, 7.51%, 0, 0, 2, 5.47, 16, 119, 0, 370, 102940, 40196, 0, 0.000, 0, 0, 0.557109, 1.000000, 6536, 0, 0, 0, 0, 0, 10, 0
1776964436, 1, 1, 688, 687, 1, 7.51%, 0, 0, 2, 5.77, 16, 119, 0, 370, 102940, 40196, 0, 0.000, 0, 0, 0.558163, 1.000000, 6564, 0, 0, 0, 0, 0, 10, 0
1776964442, 1, 1, 688, 687, 1, 7.51%, 0, 0, 2, 6.18, 16, 119, 0, 370, 102940, 40196, 0, 0.000, 0, 0, 0.559325, 1.000000, 6595, 0, 0, 0, 0, 0, 11, 0
1776964447, 1, 1, 688, 687, 1, 7.51%, 0, 0, 2, 6.82, 16, 119, 0, 370, 102940, 40196, 0, 0.000, 0, 0, 0.560257, 1.000000, 6620, 0, 0, 0, 0, 0, 11, 0
1776964452, 1, 1, 688, 687, 1, 7.51%, 0, 0, 2, 5.84, 16, 119, 0, 370, 102940, 40196, 0, 0.000, 0, 0, 0.561297, 1.000000, 6648, 0, 0, 0, 0, 0, 11, 0
1776964457, 1, 1, 690, 689, 1, 7.51%, 0, 0, 2, 4.59, 16, 120, 0, 370, 102940, 40196, 0, 0.000, 0, 0, 0.561778, 1.000000, 6661, 0, 0, 0, 0, 0, 11, 0
1776964463, 1, 1, 690, 689, 1, 7.51%, 0, 0, 2, 5.01, 16, 120, 0, 370, 102940, 40196, 0, 0.000, 0, 0, 0.562479, 1.000000, 6680, 0, 0, 0, 0, 0, 11, 0
1776964468, 1, 1, 692, 691, 1, 7.51%, 0, 0, 2, 5.07, 16, 121, 0, 370, 102940, 40196, 0, 0.000, 0, 0, 0.562773, 1.000000, 6688, 0, 0, 0, 0, 0, 11, 0
1776964473, 1, 1, 692, 691, 1, 7.51%, 0, 0, 2, 5.44, 16, 121, 0, 370, 102940, 40196, 0, 0.000, 0, 0, 0.563801, 1.000000, 6716, 0, 0, 0, 0, 0, 11, 0
1776964478, 1, 1, 692, 691, 1, 7.51%, 0, 0, 2, 5.37, 16, 121, 0, 370, 102940, 40196, 0, 0.000, 0, 0, 0.564751, 1.000000, 6742, 0, 0, 0, 0, 0, 11, 0
1776964483, 1, 1, 692, 691, 1, 7.51%, 0, 0, 2, 1.08, 16, 121, 0, 370, 102940, 40196, 0, 0.000, 0, 0, 0.565733, 1.000000, 6769, 0, 0, 0, 0, 0, 11, 0
1776964489, 1, 1, 693, 692, 1, 7.52%, 0, 0, 2, 6.15, 16, 121, 0, 370, 102940, 40196, 0, 0.000, 0, 0, 0.566603, 1.000000, 6793, 0, 0, 0, 0, 0, 11, 0
1776964494, 1, 1, 693, 692, 1, 7.52%, 0, 0, 2, 5.05, 16, 121, 0, 370, 102940, 40196, 0, 0.000, 0, 0, 0.567325, 1.000000, 6813, 0, 0, 0, 0, 0, 11, 0
1776964499, 1, 1, 693, 692, 1, 7.52%, 0, 0, 2, 5.24, 16, 121, 0, 370, 102940, 40196, 0, 0.000, 0, 0, 0.568295, 1.000000, 6840, 0, 0, 0, 0, 0, 11, 0
1776964504, 1, 1, 694, 693, 1, 7.52%, 0, 0, 2, 5.10, 16, 122, 0, 370, 102940, 40196, 0, 0.000, 0, 0, 0.569047, 0.806954, 6861, 0, 0, 0, 0, 0, 11, 0
1776964509, 1, 1, 694, 693, 1, 7.52%, 0, 0, 2, 5.27, 16, 122, 0, 370, 102940, 40196, 0, 0.000, 0, 0, 0.569868, 1.000000, 6884, 0, 0, 0, 0, 0, 11, 0
1776964515, 1, 1, 694, 693, 1, 7.52%, 0, 0, 2, 5.32, 16, 122, 0, 370, 102940, 40196, 0, 0.000, 0, 0, 0.570862, 1.000000, 6912, 0, 0, 0, 0, 0, 11, 0
1776964520, 1, 1, 694, 693, 1, 7.52%, 0, 0, 2, 5.24, 16, 122, 0, 370, 102940, 40196, 0, 0.000, 0, 0, 0.571852, 1.000000, 6940, 0, 0, 0, 0, 0, 11, 0
1776964525, 1, 1, 694, 693, 1, 7.52%, 0, 0, 2, 5.40, 16, 122, 0, 370, 102940, 40196, 0, 0.000, 0, 0, 0.572768, 1.000000, 6966, 0, 0, 0, 0, 0, 11, 0
1776964530, 1, 1, 694, 693, 1, 7.52%, 0, 0, 2, 5.70, 16, 122, 0, 370, 102940, 40196, 0, 0.000, 0, 0, 0.573819, 1.000000, 6996, 0, 0, 0, 0, 0, 11, 0
1776964536, 1, 1, 694, 693, 1, 7.52%, 0, 0, 2, 5.68, 16, 122, 0, 370, 102940, 40196, 0, 0.000, 0, 0, 0.574552, 1.000000, 7017, 0, 0, 0, 0, 0, 11, 0
1776964541, 1, 1, 694, 693, 1, 7.52%, 0, 0, 2, 5.45, 16, 122, 0, 370, 102940, 40196, 0, 0.000, 0, 0, 0.575560, 1.000000, 7046, 0, 0, 0, 0, 0, 11, 0
1776964546, 1, 1, 695, 694, 1, 7.52%, 0, 0, 2, 5.72, 16, 122, 0, 370, 102940, 40196, 0, 0.000, 0, 0, 0.576459, 0.950000, 7072, 0, 0, 0, 0, 0, 12, 0
1776964552, 1, 1, 695, 694, 1, 7.52%, 0, 0, 2, 5.56, 16, 122, 0, 370, 102940, 40196, 0, 0.000, 0, 0, 0.577252, 1.000000, 7095, 0, 0, 0, 0, 0, 12, 0
1776964557, 1, 1, 695, 694, 1, 7.52%, 0, 0, 2, 5.58, 16, 122, 0, 370, 102940, 40196, 0, 0.000, 0, 0, 0.578247, 1.000000, 7124, 0, 0, 0, 0, 0, 12, 0
1776964562, 1, 1, 695, 694, 1, 7.52%, 0, 0, 2, 5.90, 16, 122, 0, 370, 102940, 40196, 0, 0.000, 0, 0, 0.579067, 1.000000, 7148, 0, 0, 0, 0, 0, 12, 0
1776964567, 1, 1, 695, 694, 1, 7.52%, 0, 0, 2, 5.66, 16, 122, 0, 370, 102940, 40196, 0, 0.000, 0, 0, 0.580019, 1.000000, 7176, 0, 0, 0, 0, 0, 12, 0
1776964572, 1, 1, 695, 694, 1, 7.52%, 0, 0, 2, 3.96, 16, 122, 0, 370, 102940, 40196, 0, 0.000, 0, 0, 0.580765, 1.000000, 7198, 0, 0, 0, 0, 0, 12, 0
1776964577, 1, 1, 695, 694, 1, 7.52%, 0, 0, 2, 4.82, 16, 122, 0, 370, 102940, 40196, 0, 0.000, 0, 0, 0.581710, 1.000000, 7226, 0, 0, 0, 0, 0, 12, 0
1776964583, 1, 1, 695, 694, 1, 7.52%, 0, 0, 2, 5.11, 16, 122, 0, 370, 102940, 40196, 0, 0.000, 0, 0, 0.582584, 1.000000, 7252, 0, 0, 0, 0, 0, 12, 0
1776964588, 1, 1, 695, 694, 1, 7.52%, 0, 0, 2, 5.44, 16, 122, 0, 370, 102940, 40196, 0, 0.000, 0, 0, 0.583520, 1.000000, 7280, 0, 0, 0, 0, 0, 13, 0
1776964593, 1, 1, 695, 694, 1, 7.52%, 0, 0, 2, 5.07, 16, 122, 0, 370, 102940, 40196, 0, 0.000, 0, 0, 0.584320, 1.000000, 7304, 0, 0, 0, 0, 0, 13, 0
1776964598, 1, 1, 695, 694, 1, 7.52%, 0, 0, 2, 5.45, 16, 122, 0, 370, 102940, 40196, 0, 0.000, 0, 0, 0.585282, 1.000000, 7333, 0, 0, 0, 0, 0, 13, 0
1776964603, 1, 1, 696, 695, 1, 7.52%, 0, 0, 2, 5.63, 16, 122, 0, 370, 102940, 40196, 0, 0.000, 0, 0, 0.585844, 1.000000, 7350, 0, 0, 0, 0, 0, 13, 0
1776964608, 1, 1, 696, 695, 1, 7.52%, 0, 0, 2, 5.32, 16, 122, 0, 370, 102940, 40196, 0, 0.000, 0, 0, 0.586701, 1.000000, 7376, 0, 0, 0, 0, 0, 13, 0
1776964613, 1, 1, 696, 695, 1, 7.52%, 0, 0, 2, 6.19, 16, 122, 0, 370, 102940, 40196, 0, 0.000, 0, 0, 0.587423, 1.000000, 7398, 0, 0, 0, 0, 0, 13, 0
1776964618, 1, 1, 696, 695, 1, 7.52%, 0, 0, 2, 5.75, 16, 122, 0, 370, 102940, 40196, 0, 0.000, 0, 0, 0.588338, 1.000000, 7426, 0, 0, 0, 0, 0, 13, 0
