1777023908, 24, 44, 1136, 1111, 7, 8.13%, 0, 0, 5, 5.47, 17, 145, 14, 376, 119304, 37154, 0, 0.466, 528, 1012, 0.816821, 1.000000, 224759, 0, 0, 1, 1, 0, 1124, 2
1777023914, 24, 44, 1136, 1111, 7, 8.13%, 0, 0, 5, 5.56, 17, 145, 14, 376, 119304, 37154, 0, 0.466, 528, 1012, 0.816839, 1.000000, 224785, 0, 0, 1, 1, 0, 1124, 2
1777023919, 24, 44, 1136, 1111, 7, 8.13%, 0, 0, 5, 5.37, 17, 145, 14, 376, 119304, 37154, 0, 0.466, 528, 1012, 0.816857, 1.000000, 224812, 0, 0, 1, 1, 0, 1125, 2
1777023924, 24, 44, 1136, 1111, 7, 8.13%, 0, 0, 5, 5.77, 17, 145, 14, 376, 119304, 37154, 0, 0.466, 528, 1012, 0.816873, 1.000000, 224836, 0, 0, 1, 1, 0, 1125, 2
1777023929, 24, 44, 1136, 1111, 7, 8.13%, 0, 0, 5, 5.53, 17, 145, 14, 376, 119304, 37154, 0, 0.466, 528, 1012, 0.816891, 1.000000, 224864, 0, 0, 1, 1, 0, 1125, 2
1777023934, 24, 44, 1136, 1111, 7, 8.13%, 0, 0, 5, 5.22, 17, 145, 14, 376, 119304, 37154, 0, 0.466, 528, 1012, 0.816904, 1.000000, 224884, 0, 0, 1, 1, 0, 1125, 2
1777023939, 24, 44, 1136, 1111, 7, 8.13%, 0, 0, 5, 5.32, 17, 145, 14, 376, 119304, 37154, 0, 0.466, 528, 1012, 0.816923, 1.000000, 224912, 0, 0, 1, 1, 0, 1125, 2
1777023944, 24, 44, 1136, 1111, 7, 8.13%, 0, 0, 5, 5.11, 17, 145, 14, 376, 119304, 37154, 0, 0.466, 528, 1012, 0.816938, 1.000000, 224935, 0, 0, 1, 1, 0, 1125, 2
1777023949, 24, 44, 1136, 1111, 7, 8.13%, 0, 0, 5, 5.37, 17, 145, 14, 376, 119304, 37154, 0, 0.466, 528, 1012, 0.816957, 1.000000, 224963, 0, 0, 1, 1, 0, 1125, 2
1777023955, 24, 44, 1136, 1111, 7, 8.13%, 0, 0, 5, 5.41, 17, 145, 14, 376, 119304, 37154, 0, 0.466, 528, 1012, 0.816974, 1.000000, 224989, 0, 0, 1, 1, 0, 1125, 2
1777023960, 24, 44, 1137, 1112, 7, 8.13%, 0, 0, 5, 0.98, 17, 146, 14, 376, 119304, 37154, 0, 0.466, 528, 1014, 0.816992, 1.000000, 225016, 0, 0, 1, 1, 0, 1126, 2
1777023965, 24, 44, 1137, 1112, 7, 8.13%, 0, 0, 5, 3.48, 17, 146, 14, 376, 119304, 37154, 0, 0.466, 528, 1014, 0.817004, 1.000000, 225033, 0, 0, 1, 1, 0, 1126, 2
1777023971, 24, 44, 1137, 1112, 7, 8.13%, 0, 0, 5, 0.67, 17, 146, 14, 376, 119304, 37154, 0, 0.466, 528, 1014, 0.817020, 1.000000, 225058, 0, 0, 1, 1, 0, 1126, 2
1777023977, 24, 44, 1137, 1112, 7, 8.13%, 0, 0, 5, 4.96, 17, 146, 14, 376, 119304, 37154, 0, 0.466, 528, 1014, 0.817039, 1.000000, 225086, 0, 0, 1, 1, 0, 1126, 2
1777023982, 24, 44, 1137, 1112, 7, 8.13%, 0, 0, 5, 4.86, 17, 146, 14, 376, 119304, 37154, 0, 0.466, 528, 1014, 0.817055, 1.000000, 225110, 0, 0, 1, 1, 0, 1126, 2
1777023987, 24, 44, 1137, 1112, 7, 8.13%, 0, 0, 5, 4.99, 17, 146, 14, 376, 119304, 37154, 0, 0.466, 528, 1014, 0.817073, 1.000000, 225137, 0, 0, 1, 1, 0, 1126, 2
1777023992, 24, 44, 1137, 1112, 7, 8.13%, 0, 0, 5, 4.87, 17, 146, 14, 376, 119304, 37154, 0, 0.466, 528, 1014, 0.817089, 1.000000, 225161, 0, 0, 1, 1, 0, 1126, 2
1777023997, 24, 44, 1137, 1112, 7, 8.13%, 0, 0, 5, 5.28, 17, 146, 14, 376, 119304, 37154, 0, 0.466, 528, 1014, 0.817107, 1.000000, 225189, 0, 0, 1, 1, 0, 1126, 2
1777024003, 24, 44, 1137, 1112, 7, 8.13%, 0, 0, 5, 1.69, 17, 146, 14, 376, 119304, 37154, 0, 0.466, 528, 1014, 0.817122, 1.000000, 225212, 0, 0, 1, 1, 0, 1126, 2
1777024008, 24, 44, 1137, 1112, 7, 8.13%, 0, 0, 5, 4.01, 17, 146, 14, 376, 119304, 37154, 0, 0.466, 528, 1014, 0.817140, 1.000000, 225239, 0, 0, 1, 1, 0, 1127, 2
1777024013, 24, 44, 1137, 1112, 7, 8.13%, 0, 0, 5, 4.23, 17, 146, 14, 376, 119304, 37154, 0, 0.466, 528, 1014, 0.817153, 1.000000, 225258, 0, 0, 1, 1, 0, 1127, 2
1777024018, 24, 44, 1137, 1112, 7, 8.13%, 0, 0, 5, 4.95, 17, 146, 14, 376, 119304, 37154, 0, 0.466, 528, 1014, 0.817171, 1.000000, 225285, 0, 0, 1, 1, 0, 1127, 2
1777024023, 24, 44, 1137, 1112, 7, 8.13%, 0, 0, 5, 4.99, 17, 146, 14, 376, 119304, 37154, 0, 0.466, 528, 1014, 0.817187, 1.000000, 225310, 0, 0, 1, 1, 0, 1127, 2
1777024028, 24, 44, 1137, 1112, 7, 8.13%, 0, 0, 5, 5.32, 17, 146, 14, 376, 119304, 37154, 0, 0.466, 528, 1014, 0.817206, 1.000000, 225338, 0, 0, 1, 1, 0, 1127, 2
1777024033, 24, 44, 1137, 1112, 7, 8.13%, 0, 0, 5, 5.16, 17, 146, 14, 376, 119304, 37154, 0, 0.466, 528, 1014, 0.817223, 1.000000, 225364, 0, 0, 1, 1, 0, 1127, 2
1777024039, 24, 44, 1137, 1112, 7, 8.13%, 0, 0, 5, 5.60, 17, 146, 14, 376, 119304, 37154, 0, 0.466, 528, 1014, 0.817243, 1.000000, 225394, 0, 0, 1, 1, 0, 1127, 2
1777024044, 24, 44, 1137, 1112, 7, 8.13%, 0, 0, 5, 5.41, 17, 146, 14, 376, 119304, 37154, 0, 0.466, 528, 1014, 0.817258, 1.000000, 225417, 0, 0, 1, 1, 0, 1128, 2
1777024049, 24, 44, 1137, 1112, 7, 8.13%, 0, 0, 5, 5.36, 17, 146, 14, 376, 119304, 37154, 0, 0.466, 528, 1014, 0.817277, 1.000000, 225445, 0, 0, 1, 1, 0, 1128, 2
1777024054, 24, 44, 1137, 1112, 7, 8.13%, 0, 0, 5, 5.32, 17, 146, 14, 376, 119304, 37154, 0, 0.466, 528, 1014, 0.817291, 1.000000, 225466, 0, 0, 1, 1, 0, 1128, 2
1777024059, 24, 44, 1137, 1112, 7, 8.13%, 0, 0, 5, 5.39, 17, 146, 14, 376, 119304, 37154, 0, 0.466, 528, 1014, 0.817309, 1.000000, 225494, 0, 0, 1, 1, 0, 1128, 2
1777024064, 24, 44, 1137, 1112, 7, 8.13%, 0, 0, 5, 5.15, 17, 146, 14, 376, 119304, 37154, 0, 0.467, 528, 1015, 0.817325, 1.000000, 225518, 0, 0, 1, 1, 0, 1128, 2
1777024069, 24, 44, 1137, 1112, 7, 8.13%, 0, 0, 5, 5.29, 17, 146, 14, 376, 119304, 37154, 0, 0.467, 528, 1015, 0.817343, 1.000000, 225545, 0, 0, 1, 1, 0, 1128, 2
1777024074, 24, 44, 1137, 1112, 7, 8.13%, 0, 0, 5, 5.10, 17, 146, 14, 376, 119304, 37154, 0, 0.467, 528, 1015, 0.817359, 1.000000, 225569, 0, 0, 1, 1, 0, 1128, 2
1777024079, 24, 44, 1138, 1113, 7, 8.13%, 0, 0, 5, 5.72, 17, 146, 14, 376, 119304, 37154, 0, 0.467, 528, 1015, 0.817374, 1.000000, 225591, 0, 0, 1, 1, 0, 1128, 2
1777024084, 24, 44, 1138, 1113, 7, 8.13%, 0, 0, 5, 2.58, 17, 146, 14, 376, 119304, 37154, 0, 0.467, 528, 1015, 0.817388, 1.000000, 225613, 0, 0, 1, 1, 0, 1128, 2
1777024089, 24, 44, 1139, 1114, 7, 8.13%, 0, 0, 5, 4.16, 17, 146, 14, 376, 119304, 37154, 0, 0.467, 528, 1015, 0.817400, 1.000000, 225631, 0, 0, 1, 1, 0, 1128, 2
1777024094, 24, 44, 1139, 1114, 7, 8.13%, 0, 0, 5, 5.17, 17, 146, 14, 376, 119304, 37154, 0, 0.467, 528, 1015, 0.817413, 1.000000, 225651, 0, 0, 1, 1, 0, 1128, 2
1777024100, 24, 44, 1140, 1115, 7, 8.14%, 0, 0, 5, 5.60, 17, 146, 14, 376, 119304, 37154, 0, 0.467, 528, 1015, 0.817428, 1.000000, 225673, 0, 0, 1, 1, 0, 1128, 2
1777024105, 24, 44, 1140, 1115, 7, 8.14%, 0, 0, 5, 5.37, 17, 146, 14, 376, 119304, 37154, 0, 0.467, 528, 1015, 0.817445, 1.000000, 225699, 0, 0, 1, 1, 0, 1128, 2
1777024110, 24, 44, 1140, 1115, 7, 8.14%, 0, 0, 5, 5.31, 17, 146, 14, 376, 119304, 37154, 0, 0.467, 528, 1015, 0.817463, 1.000000, 225727, 0, 0, 1, 1, 0, 1128, 2
1777024115, 24, 44, 1140, 1115, 7, 8.14%, 0, 0, 5, 5.24, 17, 146, 14, 376, 119304, 37154, 0, 0.467, 528, 1015, 0.817480, 1.000000, 225752, 0, 0, 1, 1, 0, 1128, 2
1777024121, 24, 44, 1140, 1115, 7, 8.14%, 0, 0, 5, 5.33, 17, 146, 14, 376, 119304, 37154, 0, 0.467, 528, 1015, 0.817499, 1.000000, 225781, 0, 0, 1, 1, 0, 1128, 2
1777024126, 24, 44, 1140, 1115, 7, 8.14%, 0, 0, 5, 5.01, 17, 146, 14, 376, 119304, 37154, 0, 0.467, 528, 1015, 0.817514, 1.000000, 225803, 0, 0, 1, 1, 0, 1128, 2
1777024131, 24, 44, 1140, 1115, 7, 8.14%, 0, 0, 5, 5.66, 17, 146, 14, 376, 119304, 37154, 0, 0.467, 528, 1015, 0.817533, 1.000000, 225833, 0, 0, 1, 1, 0, 1128, 2
1777024136, 24, 44, 1140, 1115, 7, 8.14%, 0, 0, 5, 5.41, 17, 146, 14, 376, 119304, 37154, 0, 0.467, 528, 1015, 0.817547, 1.000000, 225853, 0, 0, 1, 1, 0, 1128, 2
1777024141, 24, 44, 1140, 1115, 7, 8.14%, 0, 0, 5, 5.41, 17, 146, 14, 376, 119304, 37154, 0, 0.467, 528, 1015, 0.817565, 1.000000, 225881, 0, 0, 1, 1, 0, 1129, 2
1777024146, 24, 44, 1140, 1115, 7, 8.14%, 0, 0, 5, 5.10, 17, 146, 14, 376, 119304, 37154, 0, 0.467, 528, 1015, 0.817580, 1.000000, 225904, 0, 0, 1, 1, 0, 1129, 2
1777024152, 24, 44, 1140, 1115, 7, 8.14%, 0, 0, 5, 5.41, 17, 146, 14, 376, 119304, 37154, 0, 0.467, 528, 1015, 0.817600, 1.000000, 225933, 0, 0, 1, 1, 0, 1129, 2
1777024157, 24, 44, 1140, 1115, 7, 8.14%, 0, 0, 5, 5.23, 17, 146, 14, 376, 119304, 37154, 0, 0.467, 528, 1015, 0.817615, 1.000000, 225957, 0, 0, 1, 1, 0, 1129, 2
1777024162, 24, 44, 1140, 1115, 7, 8.14%, 0, 0, 5, 5.14, 17, 146, 14, 376, 119304, 37154, 0, 0.466, 530, 1018, 0.817633, 1.000000, 225984, 0, 0, 1, 1, 0, 1129, 2
1777024167, 24, 44, 1140, 1115, 7, 8.14%, 0, 0, 5, 5.43, 17, 146, 14, 376, 119304, 37154, 0, 0.466, 530, 1018, 0.817652, 1.000000, 226012, 0, 0, 1, 1, 0, 1129, 2
1777024173, 24, 44, 1140, 1115, 7, 8.14%, 0, 0, 5, 0.65, 17, 146, 14, 376, 119304, 37154, 0, 0.466, 530, 1018, 0.817666, 1.000000, 226034, 0, 0, 1, 1, 0, 1129, 2
1777024178, 24, 44, 1140, 1115, 7, 8.14%, 0, 0, 5, 4.98, 17, 146, 14, 376, 119304, 37154, 0, 0.466, 530, 1018, 0.817685, 1.000000, 226063, 0, 0, 1, 1, 0, 1130, 2
1777024183, 24, 44, 1140, 1115, 7, 8.14%, 0, 0, 5, 5.10, 17, 146, 14, 376, 119304, 37154, 0, 0.466, 530, 1018, 0.817702, 1.000000, 226088, 0, 0, 1, 1, 0, 1130, 2
1777024188, 24, 44, 1140, 1115, 7, 8.14%, 0, 0, 5, 5.26, 17, 146, 14, 376, 119304, 37154, 0, 0.466, 530, 1018, 0.817720, 1.000000, 226115, 0, 0, 1, 1, 0, 1130, 2
1777024193, 24, 44, 1140, 1115, 7, 8.14%, 0, 0, 5, 5.31, 17, 146, 14, 376, 119304, 37154, 0, 0.466, 530, 1018, 0.817737, 1.000000, 226141, 0, 0, 1, 1, 0, 1130, 2
1777024199, 24, 44, 1140, 1115, 7, 8.14%, 0, 0, 5, 5.28, 17, 146, 14, 376, 119304, 37154, 0, 0.466, 530, 1018, 0.817755, 1.000000, 226168, 0, 0, 1, 1, 0, 1130, 2
1777024204, 24, 44, 1140, 1115, 7, 8.14%, 0, 0, 5, 1.95, 17, 146, 14, 376, 119304, 37154, 0, 0.466, 530, 1018, 0.817770, 1.000000, 226191, 0, 0, 1, 1, 0, 1130, 2
1777024209, 24, 44, 1140, 1115, 7, 8.14%, 0, 0, 5, 4.46, 17, 146, 14, 376, 119304, 37154, 0, 0.466, 530, 1018, 0.817789, 1.000000, 226221, 0, 0, 1, 1, 0, 1130, 2
1777024214, 24, 44, 1140, 1115, 7, 8.14%, 0, 0, 5, 5.15, 17, 146, 14, 376, 119304, 37154, 0, 0.466, 530, 1018, 0.817804, 1.000000, 226243, 0, 0, 1, 1, 0, 1130, 2
1777024219, 24, 44, 1140, 1115, 7, 8.14%, 0, 0, 5, 5.07, 17, 146, 14, 376, 119304, 37154, 0, 0.466, 530, 1018, 0.817821, 1.000000, 226269, 0, 0, 1, 1, 0, 1131, 2
1777024224, 24, 44, 1140, 1115, 7, 8.14%, 0, 0, 5, 5.03, 17, 146, 14, 376, 119304, 37154, 0, 0.466, 530, 1018, 0.817837, 1.000000, 226293, 0, 0, 1, 1, 0, 1131, 2
1777024230, 24, 44, 1140, 1115, 7, 8.14%, 0, 0, 5, 5.25, 17, 146, 14, 376, 119304, 37154, 0, 0.466, 530, 1018, 0.817855, 1.000000, 226321, 0, 0, 1, 1, 0, 1131, 2
1777024235, 24, 44, 1140, 1115, 7, 8.14%, 0, 0, 5, 5.10, 17, 146, 14, 376, 119304, 37154, 0, 0.466, 530, 1018, 0.817871, 1.000000, 226345, 0, 0, 1, 1, 0, 1131, 2
1777024240, 24, 44, 1140, 1115, 7, 8.14%, 0, 0, 5, 5.43, 17, 146, 14, 376, 119304, 37154, 0, 0.466, 530, 1018, 0.817891, 1.000000, 226375, 0, 0, 1, 1, 0, 1131, 2
1777024246, 24, 44, 1140, 1115, 7, 8.14%, 0, 0, 5, 5.72, 17, 146, 14, 376, 119304, 37154, 0, 0.466, 530, 1018, 0.817908, 1.000000, 226401, 0, 0, 1, 1, 0, 1131, 2
1777024251, 24, 44, 1140, 1115, 7, 8.14%, 0, 0, 5, 5.78, 17, 146, 14, 376, 119304, 37154, 0, 0.466, 530, 1018, 0.817928, 1.000000, 226431, 0, 0, 1, 1, 0, 1131, 2
1777024256, 24, 44, 1140, 1115, 7, 8.14%, 0, 0, 5, 4.96, 17, 146, 14, 376, 119304, 37154, 0, 0.466, 530, 1018, 0.817942, 1.000000, 226453, 0, 0, 1, 1, 0, 1131, 2
1777024261, 24, 44, 1140, 1115, 7, 8.14%, 0, 0, 5, 5.21, 17, 146, 14, 376, 119304, 37154, 0, 0.466, 530, 1018, 0.817961, 1.000000, 226481, 0, 0, 1, 1, 0, 1132, 2
1777024267, 24, 44, 1140, 1115, 7, 8.14%, 0, 0, 5, 5.33, 17, 146, 14, 376, 119304, 37154, 0, 0.466, 531, 1018, 0.817978, 1.000000, 226507, 0, 0, 1, 1, 0, 1132, 2
1777024272, 24, 44, 1140, 1115, 7, 8.14%, 0, 0, 5, 5.20, 17, 146, 14, 376, 119304, 37154, 0, 0.466, 531, 1018, 0.817995, 1.000000, 226534, 0, 0, 1, 1, 0, 1132, 2
1777024277, 24, 44, 1140, 1115, 7, 8.14%, 0, 0, 5, 5.28, 17, 146, 14, 376, 119304, 37154, 0, 0.466, 531, 1018, 0.818013, 1.000000, 226561, 0, 0, 1, 1, 0, 1132, 2
1777024282, 24, 44, 1140, 1115, 7, 8.14%, 0, 0, 5, 4.97, 17, 146, 14, 376, 119304, 37154, 0, 0.466, 531, 1018, 0.818028, 1.000000, 226584, 0, 0, 1, 1, 0, 1132, 2
1777024287, 24, 44, 1140, 1115, 7, 8.14%, 0, 0, 5, 5.55, 17, 146, 14, 376, 119304, 37154, 0, 0.466, 531, 1018, 0.818047, 1.000000, 226613, 0, 0, 1, 1, 0, 1132, 2
1777024293, 24, 44, 1140, 1115, 7, 8.14%, 0, 0, 5, 0.67, 17, 146, 14, 376, 119304, 37154, 0, 0.466, 531, 1018, 0.818061, 1.000000, 226634, 0, 0, 1, 1, 0, 1132, 2
1777024298, 24, 44, 1140, 1115, 7, 8.14%, 0, 0, 5, 5.17, 17, 146, 14, 376, 119304, 37154, 0, 0.466, 531, 1018, 0.818080, 1.000000, 226663, 0, 0, 1, 1, 0, 1133, 2
1777024303, 24, 44, 1140, 1115, 7, 8.14%, 0, 0, 5, 5.04, 17, 146, 14, 376, 119304, 37154, 0, 0.466, 531, 1018, 0.818096, 1.000000, 226687, 0, 0, 1, 1, 0, 1133, 2
1777024308, 24, 44, 1140, 1115, 7, 8.14%, 0, 0, 5, 5.17, 17, 146, 14, 376, 119304, 37154, 0, 0.466, 531, 1018, 0.818114, 1.000000, 226715, 0, 0, 1, 1, 0, 1133, 2
1777024314, 24, 44, 1140, 1115, 7, 8.14%, 0, 0, 5, 5.32, 17, 146, 14, 376, 119304, 37154, 0, 0.466, 531, 1018, 0.818131, 1.000000, 226741, 0, 0, 1, 1, 0, 1133, 2
1777024319, 24, 44, 1140, 1115, 7, 8.14%, 0, 0, 5, 5.30, 17, 146, 14, 376, 119304, 37154, 0, 0.466, 531, 1018, 0.818150, 1.000000, 226769, 0, 0, 1, 1, 0, 1133, 2
1777024324, 24, 44, 1140, 1115, 7, 8.14%, 0, 0, 5, 5.16, 17, 146, 14, 376, 119304, 37154, 0, 0.466, 531, 1018, 0.818165, 1.000000, 226793, 0, 0, 1, 1, 0, 1133, 2
1777024329, 24, 44, 1140, 1115, 7, 8.14%, 0, 0, 5, 5.50, 17, 146, 14, 376, 119304, 37154, 0, 0.466, 531, 1018, 0.818185, 1.000000, 226823, 0, 0, 1, 1, 0, 1133, 2
1777024335, 24, 44, 1140, 1115, 7, 8.14%, 0, 0, 5, 5.37, 17, 146, 14, 376, 119304, 37154, 0, 0.466, 531, 1018, 0.818198, 1.000000, 226843, 0, 0, 1, 1, 0, 1133, 2
1777024340, 24, 44, 1140, 1115, 7, 8.14%, 0, 0, 5, 5.18, 17, 146, 14, 376, 119304, 37154, 0, 0.466, 531, 1018, 0.818215, 1.000000, 226869, 0, 0, 1, 1, 0, 1134, 2
1777024345, 24, 44, 1140, 1115, 7, 8.14%, 0, 0, 5, 5.06, 17, 146, 14, 376, 119304, 37154, 0, 0.466, 531, 1018, 0.818231, 1.000000, 226893, 0, 0, 1, 1, 0, 1134, 2
1777024350, 24, 44, 1140, 1115, 7, 8.14%, 0, 0, 5, 5.41, 17, 146, 14, 376, 119304, 37154, 0, 0.466, 531, 1018, 0.818249, 1.000000, 226921, 0, 0, 1, 1, 0, 1134, 2
1777024355, 24, 44, 1140, 1115, 7, 8.14%, 0, 0, 5, 5.12, 17, 146, 14, 376, 119304, 37154, 0, 0.466, 531, 1018, 0.818265, 1.000000, 226945, 0, 0, 1, 1, 0, 1134, 2
1777024360, 24, 44, 1140, 1115, 7, 8.14%, 0, 0, 5, 5.13, 17, 146, 14, 376, 119304, 37154, 0, 0.466, 531, 1018, 0.818282, 1.000000, 226971, 0, 0, 1, 1, 0, 1134, 2
1777024365, 24, 44, 1140, 1115, 7, 8.14%, 0, 0, 5, 5.11, 17, 146, 14, 376, 119304, 37154, 0, 0.466, 534, 1021, 0.818298, 1.000000, 226995, 0, 0, 1, 1, 0, 1134, 2
1777024370, 24, 44, 1140, 1115, 7, 8.14%, 0, 0, 5, 5.25, 17, 146, 14, 376, 119304, 37154, 0, 0.466, 534, 1021, 0.818316, 1.000000, 227022, 0, 0, 1, 1, 0, 1134, 2
1777024375, 24, 44, 1140, 1115, 7, 8.14%, 0, 0, 5, 4.94, 17, 146, 14, 376, 119304, 37154, 0, 0.466, 534, 1021, 0.818329, 1.000000, 227043, 0, 0, 1, 1, 0, 1134, 2
1777024380, 24, 44, 1140, 1115, 7, 8.14%, 0, 0, 5, 5.14, 17, 146, 14, 376, 119304, 37154, 0, 0.466, 534, 1021, 0.818348, 1.000000, 227071, 0, 0, 1, 1, 0, 1135, 2
1777024386, 24, 44, 1140, 1115, 7, 8.14%, 0, 0, 5, 5.03, 17, 146, 14, 376, 119304, 37154, 0, 0.466, 534, 1021, 0.818363, 1.000000, 227095, 0, 0, 1, 1, 0, 1135, 2
1777024391, 24, 44, 1140, 1115, 7, 8.14%, 0, 0, 5, 5.23, 17, 146, 14, 376, 119304, 37154, 0, 0.466, 534, 1021, 0.818382, 1.000000, 227123, 0, 0, 1, 1, 0, 1135, 2
1777024396, 24, 44, 1140, 1115, 7, 8.14%, 0, 0, 5, 5.12, 17, 146, 14, 376, 119304, 37154, 0, 0.466, 534, 1021, 0.818397, 1.000000, 227147, 0, 0, 1, 1, 0, 1135, 2
1777024401, 24, 44, 1140, 1115, 7, 8.14%, 0, 0, 5, 5.29, 17, 146, 14, 376, 119304, 37154, 0, 0.466, 534, 1021, 0.818416, 1.000000, 227175, 0, 0, 1, 1, 0, 1135, 2
1777024406, 24, 44, 1140, 1115, 7, 8.14%, 0, 0, 5, 5.12, 17, 146, 14, 376, 119304, 37154, 0, 0.466, 534, 1021, 0.818431, 1.000000, 227199, 0, 0, 1, 1, 0, 1135, 2
1777024412, 24, 44, 1140, 1115, 7, 8.14%, 0, 0, 5, 5.08, 17, 146, 14, 376, 119304, 37154, 0, 0.466, 534, 1021, 0.818448, 1.000000, 227225, 0, 0, 1, 1, 0, 1135, 2
1777024417, 24, 44, 1140, 1115, 7, 8.14%, 0, 0, 5, 5.02, 17, 146, 14, 376, 119304, 37154, 0, 0.466, 534, 1021, 0.818461, 1.000000, 227245, 0, 0, 1, 1, 0, 1135, 2
1777024422, 24, 44, 1140, 1115, 7, 8.14%, 0, 0, 5, 5.29, 17, 146, 14, 376, 119304, 37154, 0, 0.466, 534, 1021, 0.818480, 1.000000, 227273, 0, 0, 1, 1, 0, 1136, 2
1777024427, 24, 44, 1140, 1115, 7, 8.14%, 0, 0, 5, 5.12, 17, 146, 14, 376, 119304, 37154, 0, 0.466, 534, 1021, 0.818495, 1.000000, 227297, 0, 0, 1, 1, 0, 1136, 2
1777024432, 24, 44, 1140, 1115, 7, 8.14%, 0, 0, 5, 5.20, 17, 146, 14, 376, 119304, 37154, 0, 0.466, 534, 1021, 0.818514, 1.000000, 227325, 0, 0, 1, 1, 0, 1136, 2
1777024437, 24, 44, 1140, 1115, 7, 8.14%, 0, 0, 5, 5.08, 17, 146, 14, 376, 119304, 37154, 0, 0.466, 534, 1021, 0.818529, 1.000000, 227349, 0, 0, 1, 1, 0, 1136, 2
1777024443, 24, 44, 1140, 1115, 7, 8.14%, 0, 0, 5, 5.25, 17, 146, 14, 376, 119304, 37154, 0, 0.466, 534, 1021, 0.818547, 1.000000, 227376, 0, 0, 1, 1, 0, 1136, 2
1777024448, 24, 44, 1140, 1115, 7, 8.14%, 0, 0, 5, 3.11, 17, 146, 14, 376, 119304, 37154, 0, 0.466, 534, 1021, 0.818562, 1.000000, 227399, 0, 0, 1, 1, 0, 1136, 2
1777024453, 24, 44, 1140, 1115, 7, 8.14%, 0, 0, 5, 4.54, 17, 146, 14, 376, 119304, 37154, 0, 0.466, 534, 1021, 0.818580, 1.000000, 227427, 0, 0, 1, 1, 0, 1136, 2
1777024458, 24, 44, 1140, 1115, 7, 8.14%, 0, 0, 5, 5.65, 17, 146, 14, 376, 119304, 37154, 0, 0.466, 534, 1021, 0.818593, 1.000000, 227447, 0, 0, 1, 1, 0, 1136, 2
1777024463, 24, 44, 1140, 1115, 7, 8.14%, 0, 0, 5, 5.40, 17, 146, 14, 376, 119304, 37154, 0, 0.466, 534, 1021, 0.818612, 1.000000, 227475, 0, 0, 1, 1, 0, 1137, 2
1777024468, 24, 44, 1140, 1115, 7, 8.14%, 0, 0, 5, 5.10, 17, 146, 14, 376, 119304, 37154, 0, 0.466, 534, 1022, 0.818627, 1.000000, 227499, 0, 0, 1, 1, 0, 1137, 2
1777024474, 24, 44, 1140, 1115, 7, 8.14%, 0, 0, 5, 5.18, 17, 146, 14, 376, 119304, 37154, 0, 0.466, 534, 1022, 0.818646, 1.000000, 227527, 0, 0, 1, 1, 0, 1137, 2
1777024479, 24, 44, 1140, 1115, 7, 8.14%, 0, 0, 5, 5.08, 17, 146, 14, 376, 119304, 37154, 0, 0.466, 534, 1022, 0.818661, 1.000000, 227551, 0, 0, 1, 1, 0, 1137, 2
1777024484, 24, 44, 1140, 1115, 7, 8.14%, 0, 0, 5, 5.31, 17, 146, 14, 376, 119304, 37154, 0, 0.466, 534, 1022, 0.818680, 1.000000, 227579, 0, 0, 1, 1, 0, 1137, 2
1777024489, 24, 44, 1140, 1115, 7, 8.14%, 0, 0, 5, 5.50, 17, 146, 14, 376, 119304, 37154, 0, 0.466, 534, 1022, 0.818695, 1.000000, 227603, 0, 0, 1, 1, 0, 1137, 2
1777024494, 24, 44, 1140, 1115, 7, 8.14%, 0, 0, 5, 5.53, 17, 146, 14, 376, 119304, 37154, 0, 0.466, 534, 1022, 0.818713, 1.000000, 227631, 0, 0, 1, 1, 0, 1137, 2
1777024499, 24, 44, 1140, 1115, 7, 8.14%, 0, 0, 5, 4.61, 17, 146, 14, 376, 119304, 37154, 0, 0.466, 534, 1022, 0.818727, 1.000000, 227651, 0, 0, 1, 1, 0, 1137, 2
1777024505, 24, 44, 1140, 1115, 7, 8.14%, 0, 0, 5, 5.14, 17, 146, 14, 376, 119304, 37154, 0, 0.466, 534, 1022, 0.818745, 1.000000, 227679, 0, 0, 1, 1, 0, 1138, 2
1777024510, 24, 44, 1140, 1115, 7, 8.14%, 0, 0, 5, 5.46, 17, 146, 14, 376, 119304, 37154, 0, 0.466, 534, 1022, 0.818762, 1.000000, 227706, 0, 0, 1, 1, 0, 1138, 2
1777024515, 24, 44, 1140, 1115, 7, 8.14%, 0, 0, 5, 5.44, 17, 146, 14, 376, 119304, 37154, 0, 0.466, 534, 1022, 0.818780, 1.000000, 227733, 0, 0, 1, 1, 0, 1138, 2
1777024520, 24, 44, 1140, 1115, 7, 8.14%, 0, 0, 5, 5.24, 17, 146, 14, 376, 119304, 37154, 0, 0.466, 534, 1022, 0.818796, 1.000000, 227757, 0, 0, 1, 1, 0, 1138, 2
1777024526, 24, 44, 1140, 1115, 7, 8.14%, 0, 0, 5, 5.10, 17, 146, 14, 376, 119304, 37154, 0, 0.466, 534, 1022, 0.818813, 1.000000, 227784, 0, 0, 1, 1, 0, 1138, 2
1777024531, 24, 44, 1140, 1115, 7, 8.14%, 0, 0, 5, 5.21, 17, 146, 14, 376, 119304, 37154, 0, 0.466, 534, 1022, 0.818831, 1.000000, 227811, 0, 0, 1, 1, 0, 1138, 2
1777024536, 24, 44, 1140, 1115, 7, 8.14%, 0, 0, 5, 0.67, 17, 146, 14, 376, 119304, 37154, 0, 0.466, 534, 1022, 0.818846, 1.000000, 227834, 0, 0, 1, 1, 0, 1138, 2
1777024542, 24, 44, 1140, 1115, 7, 8.14%, 0, 0, 5, 5.12, 17, 146, 14, 376, 119304, 37154, 0, 0.466, 534, 1022, 0.818864, 1.000000, 227862, 0, 0, 1, 1, 0, 1139, 2
1777024547, 24, 44, 1140, 1115, 7, 8.14%, 0, 0, 5, 5.04, 17, 146, 14, 376, 119304, 37154, 0, 0.466, 534, 1022, 0.818880, 1.000000, 227886, 0, 0, 1, 1, 0, 1139, 2
1777024552, 24, 44, 1140, 1115, 7, 8.14%, 0, 0, 5, 5.26, 17, 146, 14, 376, 119304, 37154, 0, 0.466, 534, 1022, 0.818897, 1.000000, 227913, 0, 0, 1, 1, 0, 1139, 2
1777024557, 24, 44, 1140, 1115, 7, 8.14%, 0, 0, 5, 5.03, 17, 146, 14, 376, 119304, 37154, 0, 0.466, 534, 1022, 0.818913, 1.000000, 227937, 0, 0, 1, 1, 0, 1139, 2
1777024562, 24, 44, 1140, 1115, 7, 8.14%, 0, 0, 5, 5.16, 17, 146, 14, 376, 119304, 37154, 0, 0.466, 534, 1022, 0.818930, 1.000000, 227964, 0, 0, 1, 1, 0, 1139, 2
1777024567, 24, 44, 1140, 1115, 7, 8.14%, 0, 0, 5, 5.12, 17, 146, 14, 376, 119304, 37154, 0, 0.466, 536, 1026, 0.818946, 1.000000, 227988, 0, 0, 1, 1, 0, 1139, 2
1777024572, 24, 44, 1140, 1115, 7, 8.14%, 0, 0, 5, 5.30, 17, 146, 14, 376, 119304, 37154, 0, 0.466, 536, 1026, 0.818964, 1.000000, 228015, 0, 0, 1, 1, 0, 1139, 2
1777024577, 24, 44, 1140, 1115, 7, 8.14%, 0, 0, 5, 5.18, 17, 146, 14, 376, 119304, 37154, 0, 0.466, 536, 1026, 0.818977, 1.000000, 228036, 0, 0, 1, 1, 0, 1139, 2
1777024583, 24, 44, 1140, 1115, 7, 8.14%, 0, 0, 5, 5.17, 17, 146, 14, 376, 119304, 37154, 0, 0.466, 536, 1026, 0.818995, 1.000000, 228063, 0, 0, 1, 1, 0, 1140, 2
1777024588, 24, 44, 1140, 1115, 7, 8.14%, 0, 0, 5, 4.95, 17, 146, 14, 376, 119304, 37154, 0, 0.466, 536, 1026, 0.819010, 1.000000, 228087, 0, 0, 1, 1, 0, 1140, 2
1777024593, 24, 44, 1140, 1115, 7, 8.14%, 0, 0, 5, 5.22, 17, 146, 14, 376, 119304, 37154, 0, 0.466, 536, 1026, 0.819028, 1.000000, 228114, 0, 0, 1, 1, 0, 1140, 2
1777024598, 24, 44, 1140, 1115, 7, 8.14%, 0, 0, 5, 4.97, 17, 146, 14, 376, 119304, 37154, 0, 0.466, 536, 1026, 0.819044, 1.000000, 228139, 0, 0, 1, 1, 0, 1140, 2
1777024603, 24, 44, 1140, 1115, 7, 8.14%, 0, 0, 5, 5.22, 17, 146, 14, 376, 119304, 37154, 0, 0.466, 536, 1026, 0.819062, 1.000000, 228167, 0, 0, 1, 1, 0, 1140, 2
1777024609, 24, 44, 1140, 1115, 7, 8.14%, 0, 0, 5, 5.80, 17, 146, 14, 376, 119304, 37154, 0, 0.466, 536, 1026, 0.819078, 1.000000, 228191, 0, 0, 1, 1, 0, 1140, 2
1777024614, 24, 44, 1140, 1115, 7, 8.14%, 0, 0, 5, 5.47, 17, 146, 14, 376, 119304, 37154, 0, 0.466, 536, 1026, 0.819095, 1.000000, 228217, 0, 0, 1, 1, 0, 1140, 2
1777024619, 24, 44, 1140, 1115, 7, 8.14%, 0, 0, 5, 4.48, 17, 146, 14, 376, 119304, 37154, 0, 0.466, 536, 1026, 0.819108, 1.000000, 228237, 0, 0, 1, 1, 0, 1140, 2
1777024682, 24, 52, 1140, 1114, 16, 8.14%, 0, 0, 5, 0.03, 17, 146, 15, 377, 119304, 37154, 0, 0.466, 536, 1026, 0.819119, 1.000000, 228255, 0, 0, 1, 1, 0, 1140, 2
1777024687, 24, 52, 1140, 1114, 16, 8.14%, 0, 0, 5, 5.26, 17, 146, 15, 377, 119304, 37154, 0, 0.466, 536, 1026, 0.819138, 1.000000, 228283, 0, 0, 1, 1, 0, 1140, 2
1777024692, 24, 52, 1140, 1114, 16, 8.14%, 0, 0, 5, 5.48, 17, 146, 15, 377, 119304, 37154, 0, 0.466, 536, 1026, 0.819154, 1.000000, 228309, 0, 0, 1, 1, 0, 1140, 2
1777024698, 24, 52, 1140, 1114, 16, 8.14%, 0, 0, 5, 5.25, 17, 146, 15, 377, 119304, 37154, 0, 0.466, 536, 1026, 0.819171, 1.000000, 228334, 0, 0, 1, 1, 0, 1141, 2
1777024703, 24, 52, 1140, 1114, 16, 8.14%, 0, 0, 5, 5.40, 17, 146, 15, 377, 119304, 37154, 0, 0.466, 536, 1026, 0.819190, 1.000000, 228363, 0, 0, 1, 1, 0, 1141, 2
1777024708, 24, 52, 1140, 1114, 16, 8.14%, 0, 0, 5, 1.45, 17, 146, 15, 377, 119304, 37154, 0, 0.466, 536, 1026, 0.819205, 1.000000, 228387, 0, 0, 1, 1, 0, 1141, 2
1777024713, 24, 52, 1140, 1114, 16, 8.14%, 0, 0, 5, 3.90, 17, 146, 15, 377, 119304, 37154, 0, 0.466, 536, 1026, 0.819223, 1.000000, 228415, 0, 0, 1, 1, 0, 1141, 2
1777024718, 24, 52, 1140, 1114, 16, 8.14%, 0, 0, 5, 4.59, 17, 146, 15, 377, 119304, 37154, 0, 0.466, 536, 1026, 0.819236, 1.000000, 228435, 0, 0, 1, 1, 0, 1141, 2
1777024723, 24, 52, 1140, 1114, 16, 8.14%, 0, 0, 5, 5.15, 17, 146, 15, 377, 119304, 37154, 0, 0.466, 536, 1026, 0.819254, 1.000000, 228463, 0, 0, 1, 1, 0, 1141, 2
1777024729, 24, 52, 1140, 1114, 16, 8.14%, 0, 0, 5, 5.46, 17, 146, 15, 377, 119304, 37154, 0, 0.466, 536, 1027, 0.819272, 1.000000, 228491, 0, 0, 1, 1, 0, 1141, 2
1777024734, 24, 52, 1140, 1114, 16, 8.14%, 0, 0, 5, 5.19, 17, 146, 15, 377, 119304, 37154, 0, 0.466, 536, 1027, 0.819289, 1.000000, 228517, 0, 0, 1, 1, 0, 1141, 2
1777024739, 24, 52, 1140, 1114, 16, 8.14%, 0, 0, 5, 5.11, 17, 146, 15, 377, 119304, 37154, 0, 0.466, 536, 1027, 0.819306, 1.000000, 228543, 0, 0, 1, 1, 0, 1142, 2
1777024744, 24, 52, 1140, 1114, 16, 8.14%, 0, 0, 5, 5.19, 17, 146, 15, 377, 119304, 37154, 0, 0.466, 536, 1027, 0.819324, 1.000000, 228571, 0, 0, 1, 1, 0, 1142, 2
1777024750, 24, 52, 1140, 1114, 16, 8.14%, 0, 0, 5, 5.09, 17, 146, 15, 377, 119304, 37154, 0, 0.466, 536, 1027, 0.819340, 1.000000, 228595, 0, 0, 1, 1, 0, 1142, 2
1777024755, 24, 52, 1140, 1114, 16, 8.14%, 0, 0, 5, 5.36, 17, 146, 15, 377, 119304, 37154, 0, 0.466, 536, 1027, 0.819358, 1.000000, 228623, 0, 0, 1, 1, 0, 1142, 2
1777024760, 24, 52, 1140, 1114, 16, 8.14%, 0, 0, 5, 5.26, 17, 146, 15, 377, 119304, 37154, 0, 0.466, 536, 1027, 0.819371, 1.000000, 228643, 0, 0, 1, 1, 0, 1142, 2
1777024765, 24, 52, 1140, 1114, 16, 8.14%, 0, 0, 5, 5.41, 17, 146, 15, 377, 119304, 37154, 0, 0.466, 536, 1027, 0.819389, 1.000000, 228671, 0, 0, 1, 1, 0, 1142, 2
1777024771, 24, 52, 1140, 1114, 16, 8.14%, 0, 0, 5, 5.36, 17, 146, 15, 377, 119304, 37154, 0, 0.466, 536, 1027, 0.819406, 1.000000, 228697, 0, 0, 1, 1, 0, 1142, 2
1777024776, 24, 52, 1140, 1114, 16, 8.14%, 0, 0, 5, 5.79, 17, 146, 15, 377, 119304, 37154, 0, 0.466, 536, 1027, 0.819425, 1.000000, 228727, 0, 0, 1, 1, 0, 1143, 2
1777024781, 24, 52, 1140, 1114, 16, 8.14%, 0, 0, 5, 5.31, 17, 146, 15, 377, 119304, 37154, 0, 0.466, 536, 1027, 0.819441, 1.000000, 228751, 0, 0, 1, 1, 0, 1143, 2
1777024786, 24, 52, 1140, 1114, 16, 8.14%, 0, 0, 5, 5.46, 17, 146, 15, 377, 119304, 37154, 0, 0.466, 536, 1027, 0.819459, 1.000000, 228779, 0, 0, 1, 1, 0, 1143, 2
1777024791, 24, 52, 1140, 1114, 16, 8.14%, 0, 0, 5, 5.55, 17, 146, 15, 377, 119304, 37154, 0, 0.466, 536, 1027, 0.819476, 1.000000, 228805, 0, 0, 1, 1, 0, 1143, 2
1777024796, 24, 52, 1140, 1114, 16, 8.14%, 0, 0, 5, 5.38, 17, 146, 15, 377, 119304, 37154, 0, 0.466, 536, 1027, 0.819494, 1.000000, 228833, 0, 0, 1, 1, 0, 1143, 2
1777024802, 24, 52, 1140, 1114, 16, 8.14%, 0, 0, 5, 5.39, 17, 146, 15, 377, 119304, 37154, 0, 0.466, 536, 1027, 0.819507, 1.000000, 228853, 0, 0, 1, 1, 0, 1143, 2
1777024807, 24, 52, 1140, 1114, 16, 8.14%, 0, 0, 5, 5.55, 17, 146, 15, 377, 119304, 37154, 0, 0.466, 536, 1027, 0.819526, 1.000000, 228882, 0, 0, 1, 1, 0, 1143, 2
1777024812, 24, 52, 1140, 1114, 16, 8.14%, 0, 0, 5, 5.21, 17, 146, 15, 377, 119304, 37154, 0, 0.466, 536, 1027, 0.819541, 1.000000, 228906, 0, 0, 1, 1, 0, 1143, 2
1777024817, 24, 52, 1140, 1114, 16, 8.14%, 0, 0, 5, 5.19, 17, 146, 15, 377, 119304, 37154, 0, 0.466, 536, 1027, 0.819558, 1.000000, 228933, 0, 0, 1, 1, 0, 1144, 2
1777024822, 24, 52, 1140, 1114, 16, 8.14%, 0, 0, 5, 5.05, 17, 146, 15, 377, 119304, 37154, 0, 0.466, 536, 1027, 0.819574, 1.000000, 228957, 0, 0, 1, 1, 0, 1144, 2
1777024828, 24, 52, 1140, 1114, 16, 8.14%, 0, 0, 5, 5.06, 17, 146, 15, 377, 119304, 37154, 0, 0.466, 536, 1027, 0.819591, 1.000000, 228984, 0, 0, 1, 1, 0, 1144, 2
1777024833, 24, 52, 1140, 1114, 16, 8.14%, 0, 0, 5, 5.28, 17, 146, 15, 377, 119304, 37154, 0, 0.466, 536, 1027, 0.819609, 1.000000, 229011, 0, 0, 1, 1, 0, 1144, 2
1777024838, 25, 958, 1140, 1114, 16, 8.14%, 0, 0, 5, 5.79, 17, 146, 15, 377, 119304, 37154, 0, 0.466, 536, 1027, 0.819629, 1.000000, 229042, 0, 0, 1, 1, 0, 1144, 2
1777024843, 25, 958, 1140, 1114, 16, 8.14%, 0, 0, 5, 6.85, 17, 146, 15, 377, 119304, 37154, 0, 0.466, 536, 1027, 0.819653, 1.000000, 229080, 0, 0, 1, 1, 0, 1144, 2
1777024848, 25, 958, 1140, 1114, 16, 8.14%, 0, 0, 5, 6.26, 17, 146, 15, 377, 119304, 37154, 0, 0.466, 536, 1027, 0.819671, 1.000000, 229108, 0, 0, 1, 1, 0, 1144, 2
1777024854, 25, 958, 1141, 1115, 16, 8.14%, 0, 0, 5, 7.29, 17, 147, 15, 377, 119304, 37154, 0, 0.466, 536, 1027, 0.819691, 1.000000, 229139, 0, 0, 1, 1, 0, 1144, 2
1777024859, 25, 958, 1141, 1115, 16, 8.14%, 0, 0, 5, 7.16, 17, 147, 15, 377, 119304, 37154, 0, 0.466, 536, 1027, 0.819715, 1.000000, 229176, 0, 0, 1, 1, 0, 1144, 2
1777024864, 25, 958, 1141, 1115, 16, 8.14%, 0, 0, 5, 7.42, 17, 147, 15, 377, 119304, 37154, 0, 0.466, 536, 1027, 0.819741, 1.000000, 229216, 0, 0, 1, 1, 0, 1144, 2
1777024869, 25, 958, 1141, 1115, 16, 8.14%, 0, 0, 5, 9.53, 17, 147, 15, 377, 119304, 37154, 0, 0.466, 536, 1027, 0.819758, 1.000000, 229242, 0, 0, 1, 1, 0, 1144, 2
1777024875, 25, 958, 1141, 1115, 16, 8.14%, 0, 0, 5, 8.04, 17, 147, 15, 377, 119304, 37154, 0, 0.466, 536, 1027, 0.819780, 1.000000, 229276, 0, 0, 1, 1, 0, 1144, 2
1777024880, 25, 958, 1141, 1115, 16, 8.14%, 0, 0, 5, 7.69, 17, 147, 15, 377, 119304, 37154, 0, 0.466, 536, 1027, 0.819804, 1.000000, 229314, 0, 0, 1, 1, 0, 1144, 2
1777024885, 25, 958, 1142, 1116, 16, 8.14%, 0, 0, 5, 6.61, 17, 147, 15, 377, 119304, 37154, 0, 0.466, 536, 1027, 0.819819, 1.000000, 229337, 0, 0, 1, 1, 0, 1144, 2
1777024890, 25, 958, 1142, 1116, 16, 8.14%, 0, 0, 5, 6.35, 17, 147, 15, 377, 119304, 37154, 0, 0.466, 536, 1027, 0.819839, 1.000000, 229368, 0, 0, 1, 1, 0, 1144, 2
1777024895, 25, 958, 1142, 1116, 16, 8.14%, 0, 0, 5, 6.94, 17, 147, 15, 377, 119304, 37154, 0, 0.466, 536, 1027, 0.819862, 1.000000, 229403, 0, 0, 1, 1, 0, 1144, 2
1777024901, 25, 958, 1142, 1116, 16, 8.14%, 0, 0, 5, 8.51, 17, 147, 15, 377, 119304, 37154, 0, 0.466, 536, 1027, 0.819878, 1.000000, 229429, 0, 0, 1, 1, 0, 1144, 2
1777024906, 25, 958, 1142, 1116, 16, 8.14%, 0, 0, 5, 7.49, 17, 147, 15, 377, 119304, 37154, 0, 0.466, 536, 1027, 0.819901, 1.000000, 229464, 0, 0, 1, 1, 0, 1144, 2
1777024911, 25, 958, 1142, 1116, 16, 8.14%, 0, 0, 5, 6.73, 17, 147, 15, 377, 119304, 37154, 0, 0.466, 536, 1027, 0.819919, 1.000000, 229493, 0, 0, 1, 1, 0, 1144, 2
1777024916, 25, 958, 1142, 1116, 16, 8.14%, 0, 0, 5, 6.16, 17, 147, 15, 377, 119304, 37154, 0, 0.466, 536, 1027, 0.819938, 1.000000, 229522, 0, 0, 1, 1, 0, 1144, 2
1777024921, 25, 958, 1142, 1116, 16, 8.14%, 0, 0, 5, 6.99, 17, 147, 15, 377, 119304, 37154, 0, 0.466, 536, 1027, 0.819962, 1.000000, 229559, 0, 0, 1, 1, 0, 1145, 2
1777024926, 25, 958, 1142, 1116, 16, 8.14%, 0, 0, 5, 9.60, 17, 147, 15, 377, 119304, 37154, 0, 0.466, 536, 1027, 0.819983, 1.000000, 229592, 0, 0, 1, 1, 0, 1145, 2
1777024931, 25, 958, 1143, 1117, 16, 8.14%, 0, 0, 5, 7.91, 17, 147, 15, 377, 119304, 37154, 0, 0.466, 536, 1027, 0.820000, 1.000000, 229619, 0, 0, 1, 1, 0, 1145, 2
1777024937, 25, 958, 1143, 1117, 16, 8.14%, 0, 0, 5, 7.53, 17, 147, 15, 377, 119304, 37154, 0, 0.466, 536, 1027, 0.820024, 1.000000, 229656, 0, 0, 1, 1, 0, 1145, 2
1777024942, 25, 958, 1143, 1117, 16, 8.14%, 0, 0, 5, 7.16, 17, 147, 15, 377, 119304, 37154, 0, 0.466, 536, 1027, 0.820044, 1.000000, 229687, 0, 0, 1, 1, 0, 1145, 2
1777024947, 25, 958, 1143, 1117, 16, 8.14%, 0, 0, 5, 6.71, 17, 147, 15, 377, 119304, 37154, 0, 0.466, 536, 1027, 0.820064, 1.000000, 229718, 0, 0, 1, 1, 0, 1145, 2
1777024952, 25, 958, 1143, 1117, 16, 8.14%, 0, 0, 5, 7.01, 17, 147, 15, 377, 119304, 37154, 0, 0.466, 536, 1027, 0.820087, 1.000000, 229754, 0, 0, 1, 1, 0, 1145, 2
1777024957, 25, 958, 1143, 1117, 16, 8.14%, 0, 0, 5, 7.20, 17, 147, 15, 377, 119304, 37154, 0, 0.466, 536, 1027, 0.820110, 1.000000, 229790, 0, 0, 1, 1, 0, 1145, 2
1777024962, 25, 958, 1143, 1117, 16, 8.14%, 0, 0, 5, 6.99, 17, 147, 15, 377, 119304, 37154, 0, 0.466, 536, 1027, 0.820127, 1.000000, 229816, 0, 0, 1, 1, 0, 1145, 2
1777024967, 25, 958, 1143, 1117, 16, 8.14%, 0, 0, 5, 6.68, 17, 147, 15, 377, 119304, 37154, 0, 0.466, 536, 1027, 0.820149, 1.000000, 229850, 0, 0, 1, 1, 0, 1146, 2
1777024972, 25, 958, 1143, 1117, 16, 8.14%, 0, 0, 5, 9.96, 17, 147, 15, 377, 119304, 37154, 0, 0.466, 536, 1027, 0.820169, 1.000000, 229882, 0, 0, 1, 1, 0, 1146, 2
1777024978, 25, 958, 1144, 1118, 16, 8.14%, 0, 0, 5, 8.07, 17, 147, 15, 377, 119304, 37154, 0, 0.466, 536, 1027, 0.820188, 1.000000, 229911, 0, 0, 1, 1, 0, 1146, 2
1777024983, 25, 958, 1144, 1118, 16, 8.14%, 0, 0, 5, 7.66, 17, 147, 15, 377, 119304, 37154, 0, 0.466, 536, 1027, 0.820212, 1.000000, 229949, 0, 0, 1, 1, 0, 1146, 2
1777024988, 25, 958, 1144, 1118, 16, 8.14%, 0, 0, 5, 6.97, 17, 147, 15, 377, 119304, 37154, 0, 0.467, 538, 1032, 0.820232, 1.000000, 229979, 0, 0, 1, 1, 0, 1146, 2
1777024993, 25, 958, 1144, 1118, 16, 8.14%, 0, 0, 5, 6.61, 17, 147, 15, 377, 119304, 37154, 0, 0.467, 538, 1032, 0.820253, 1.000000, 230012, 0, 0, 1, 1, 0, 1146, 2
1777024998, 25, 958, 1144, 1118, 16, 8.14%, 0, 0, 5, 7.02, 17, 147, 15, 377, 119304, 37154, 0, 0.467, 538, 1032, 0.820276, 1.000000, 230048, 0, 0, 1, 1, 0, 1146, 2
