# unix_time, cycles_done, cur_path, paths_total, pending_total, pending_favs, map_size, unique_crashes, unique_hangs, max_depth, execs_per_sec, n_nodes, n_edges, chat_times
1771345126, 0, 3, 92, 92, 14, 0.74%, 0, 0, 1, 7.20, 18, 67, 0
1771345131, 0, 3, 94, 94, 14, 0.75%, 0, 0, 2, 7.33, 18, 69, 0
1771345136, 0, 3, 95, 95, 14, 0.76%, 0, 0, 2, 7.25, 18, 69, 0
1771345141, 0, 3, 96, 96, 14, 0.76%, 0, 0, 2, 7.26, 18, 71, 0
1771345146, 0, 3, 97, 97, 14, 0.77%, 0, 0, 2, 7.40, 18, 71, 0
1771345156, 0, 3, 98, 98, 14, 0.77%, 0, 0, 2, 7.58, 18, 71, 0
1771345182, 0, 3, 99, 99, 14, 0.77%, 0, 0, 2, 7.34, 18, 71, 0
1771345187, 0, 3, 100, 100, 14, 0.77%, 0, 0, 2, 7.24, 18, 71, 0
1771345208, 0, 3, 102, 102, 14, 0.78%, 0, 0, 2, 7.17, 18, 73, 0
1771345218, 0, 3, 103, 103, 14, 0.78%, 0, 0, 2, 7.37, 18, 73, 0
1771345254, 0, 3, 105, 105, 14, 0.78%, 0, 0, 2, 7.42, 18, 76, 0
1771345259, 0, 3, 107, 107, 14, 0.78%, 0, 0, 2, 5.16, 18, 79, 0
1771345264, 0, 3, 110, 110, 14, 0.78%, 0, 0, 2, 5.09, 18, 80, 0
1771345269, 0, 3, 112, 112, 14, 0.78%, 0, 0, 2, 5.46, 18, 81, 0
1771345274, 0, 3, 114, 114, 14, 0.79%, 0, 0, 2, 5.48, 18, 82, 0
1771345279, 0, 3, 117, 117, 14, 0.79%, 0, 0, 2, 4.56, 18, 82, 0
1771345285, 0, 3, 119, 119, 14, 0.79%, 0, 0, 2, 5.23, 18, 83, 0
1771345290, 0, 3, 121, 121, 14, 0.79%, 0, 0, 2, 7.55, 18, 84, 0
1771345295, 0, 3, 123, 123, 14, 0.79%, 0, 0, 2, 5.82, 18, 84, 0
1771345300, 0, 3, 125, 125, 14, 0.79%, 0, 0, 2, 6.49, 18, 84, 0
1771345305, 0, 3, 128, 128, 14, 0.79%, 0, 0, 2, 5.51, 18, 84, 0
1771345310, 0, 3, 130, 130, 14, 0.79%, 0, 0, 2, 5.27, 18, 84, 0
1771345316, 0, 3, 133, 133, 14, 0.80%, 0, 0, 2, 6.59, 18, 84, 0
1771345321, 0, 3, 135, 135, 14, 0.81%, 0, 0, 2, 5.90, 18, 85, 0
1771345326, 0, 3, 137, 137, 14, 0.81%, 0, 0, 2, 7.13, 18, 85, 0
1771345331, 0, 3, 139, 139, 14, 0.81%, 0, 0, 2, 5.77, 18, 85, 0
1771345336, 0, 3, 140, 140, 14, 0.81%, 0, 0, 2, 5.80, 18, 85, 0
1771345341, 0, 3, 141, 141, 14, 0.81%, 0, 0, 2, 6.19, 18, 85, 0
1771345347, 0, 3, 143, 143, 14, 0.81%, 0, 0, 2, 6.90, 18, 86, 0
1771345352, 0, 3, 146, 146, 14, 0.81%, 0, 0, 2, 7.49, 18, 87, 0
1771345357, 0, 3, 147, 147, 14, 0.81%, 0, 0, 2, 6.47, 18, 87, 0
1771345362, 0, 3, 148, 148, 14, 0.81%, 0, 0, 2, 7.15, 18, 87, 0
1771345367, 0, 3, 150, 150, 14, 0.82%, 0, 0, 2, 5.60, 18, 87, 0
1771345372, 0, 3, 152, 152, 14, 0.86%, 0, 0, 2, 6.30, 18, 89, 0
1771345377, 0, 3, 153, 153, 14, 0.86%, 0, 0, 2, 5.51, 18, 90, 0
1771345383, 0, 3, 154, 154, 14, 0.86%, 0, 0, 2, 4.94, 18, 90, 0
1771345388, 0, 3, 155, 155, 14, 0.86%, 0, 0, 2, 6.32, 18, 90, 0
1771345393, 0, 3, 156, 156, 14, 0.87%, 0, 0, 2, 5.71, 18, 90, 0
1771345398, 0, 3, 157, 157, 14, 0.87%, 0, 0, 2, 4.76, 18, 90, 0
1771345408, 0, 3, 158, 158, 14, 0.87%, 0, 0, 2, 4.85, 18, 90, 0
1771345419, 0, 3, 159, 159, 14, 0.87%, 0, 0, 2, 5.96, 18, 90, 0
1771345424, 0, 3, 161, 161, 14, 0.87%, 0, 0, 2, 5.91, 18, 91, 0
1771345429, 0, 3, 162, 162, 14, 0.87%, 0, 0, 2, 5.54, 18, 91, 0
1771345434, 0, 3, 163, 163, 14, 0.87%, 0, 0, 2, 4.68, 18, 91, 0
1771345439, 0, 3, 165, 165, 14, 0.87%, 0, 0, 2, 6.27, 18, 91, 0
1771345444, 0, 3, 166, 166, 14, 0.87%, 0, 0, 2, 6.62, 18, 91, 0
1771345449, 0, 3, 167, 167, 14, 0.87%, 0, 0, 2, 6.75, 18, 92, 0
1771345455, 0, 3, 168, 168, 14, 0.87%, 0, 0, 2, 5.62, 18, 93, 0
1771345460, 0, 3, 169, 169, 14, 0.88%, 0, 0, 2, 5.18, 18, 93, 0
1771345480, 0, 3, 170, 170, 14, 0.88%, 0, 0, 2, 4.94, 18, 93, 0
1771345501, 0, 3, 171, 171, 14, 0.88%, 0, 0, 2, 5.26, 18, 93, 0
1771345506, 0, 3, 172, 172, 14, 0.88%, 0, 0, 2, 5.59, 18, 93, 0
1771345511, 0, 3, 173, 173, 14, 0.88%, 0, 0, 2, 5.16, 18, 93, 0
1771345522, 0, 3, 174, 174, 14, 0.89%, 0, 0, 2, 5.23, 18, 93, 0
1771345527, 0, 3, 175, 175, 14, 0.89%, 0, 0, 2, 5.80, 18, 93, 0
1771345532, 0, 3, 176, 176, 14, 0.89%, 0, 0, 2, 5.63, 18, 95, 0
1771345542, 0, 3, 178, 178, 14, 0.89%, 0, 0, 2, 4.49, 18, 95, 0
1771345547, 0, 3, 179, 179, 14, 0.89%, 0, 0, 2, 4.73, 18, 96, 0
1771345552, 0, 3, 180, 180, 14, 0.89%, 0, 0, 2, 5.08, 18, 96, 0
1771345563, 0, 3, 181, 181, 14, 0.89%, 0, 0, 2, 5.31, 18, 96, 0
1771345568, 0, 3, 182, 182, 14, 0.89%, 0, 0, 2, 5.21, 18, 97, 0
1771345573, 0, 3, 184, 184, 14, 0.89%, 0, 0, 2, 5.35, 18, 98, 0
1771345589, 0, 3, 185, 185, 14, 0.89%, 0, 0, 2, 5.91, 18, 98, 0
1771345605, 0, 3, 186, 186, 14, 0.90%, 0, 0, 2, 6.33, 18, 98, 0
1771345620, 0, 3, 187, 187, 14, 0.90%, 0, 0, 2, 6.82, 18, 99, 0
1771345636, 0, 3, 189, 189, 14, 0.91%, 0, 0, 2, 5.18, 18, 99, 0
1771345646, 0, 3, 190, 190, 14, 0.91%, 0, 0, 2, 6.00, 18, 99, 0
1771345656, 0, 3, 191, 191, 14, 0.91%, 0, 0, 2, 5.58, 18, 99, 0
1771345667, 0, 3, 192, 192, 14, 0.91%, 0, 0, 2, 4.84, 18, 99, 0
1771345672, 0, 3, 195, 195, 14, 0.91%, 0, 0, 2, 5.24, 18, 100, 0
1771345677, 0, 3, 196, 196, 14, 0.91%, 0, 0, 2, 4.02, 18, 101, 0
1771345682, 0, 3, 197, 197, 14, 0.91%, 0, 0, 2, 4.20, 18, 102, 0
1771345688, 0, 3, 199, 199, 14, 0.91%, 0, 0, 2, 5.38, 18, 102, 0
1771345698, 0, 3, 201, 201, 14, 0.92%, 0, 0, 2, 5.13, 18, 103, 0
1771345703, 0, 3, 202, 202, 14, 0.92%, 0, 0, 2, 5.08, 18, 103, 0
1771345708, 0, 3, 203, 203, 14, 0.92%, 0, 0, 2, 4.90, 18, 103, 0
1771345713, 0, 3, 204, 204, 14, 0.92%, 0, 0, 2, 5.69, 18, 103, 0
1771345718, 0, 3, 205, 205, 14, 0.92%, 0, 0, 2, 5.12, 18, 103, 0
1771345724, 0, 3, 206, 206, 14, 0.92%, 0, 0, 2, 4.80, 18, 103, 0
1771345734, 0, 3, 207, 207, 14, 0.92%, 0, 0, 2, 4.92, 18, 103, 0
1771345750, 0, 3, 208, 208, 14, 0.92%, 0, 0, 2, 4.79, 18, 104, 0
1771345755, 0, 3, 209, 209, 14, 0.92%, 0, 0, 2, 4.67, 18, 104, 0
1771345760, 0, 3, 210, 210, 14, 0.92%, 0, 0, 2, 4.53, 19, 106, 0
1771345776, 0, 3, 211, 211, 14, 0.92%, 0, 0, 2, 4.46, 19, 106, 0
1771345791, 0, 3, 212, 212, 14, 0.92%, 0, 0, 2, 6.85, 19, 106, 0
1771345796, 0, 3, 213, 213, 14, 0.92%, 0, 0, 2, 5.80, 19, 106, 0
1771345802, 0, 3, 214, 214, 14, 0.92%, 0, 0, 2, 3.89, 19, 108, 0
1771345807, 0, 3, 215, 215, 14, 0.92%, 0, 0, 2, 3.02, 19, 108, 0
1771345812, 0, 3, 216, 216, 14, 0.92%, 0, 0, 2, 2.82, 19, 108, 0
1771345817, 0, 3, 217, 217, 14, 0.92%, 0, 0, 2, 2.63, 19, 109, 0
1771345828, 0, 3, 218, 218, 14, 0.92%, 0, 0, 2, 2.38, 19, 109, 0
1771345849, 0, 3, 220, 220, 14, 0.92%, 0, 0, 2, 2.79, 19, 110, 0
1771345854, 0, 3, 221, 221, 14, 0.92%, 0, 0, 2, 2.55, 19, 110, 0
1771345859, 0, 3, 222, 222, 14, 0.92%, 0, 0, 2, 2.47, 19, 112, 0
1771345865, 0, 3, 223, 223, 14, 0.92%, 0, 0, 2, 2.44, 19, 112, 0
1771345870, 0, 3, 224, 224, 14, 0.92%, 0, 0, 2, 2.42, 19, 112, 0
1771345885, 0, 3, 225, 225, 14, 0.92%, 0, 0, 2, 2.51, 19, 112, 0
1771345891, 0, 3, 226, 226, 14, 0.92%, 0, 0, 2, 2.73, 19, 112, 0
1771345896, 0, 3, 227, 227, 14, 0.93%, 0, 0, 2, 2.55, 20, 114, 0
1771345906, 0, 3, 228, 228, 14, 0.93%, 0, 0, 2, 2.32, 20, 114, 0
1771345948, 0, 3, 229, 229, 14, 0.93%, 0, 0, 2, 2.63, 20, 114, 0
1771345958, 0, 3, 230, 230, 14, 0.93%, 0, 0, 2, 2.67, 20, 114, 0
1771345969, 0, 3, 231, 231, 14, 0.93%, 0, 0, 2, 2.53, 20, 114, 0
1771346006, 0, 3, 232, 232, 14, 0.94%, 0, 0, 2, 2.87, 21, 116, 0
1771346027, 0, 3, 233, 233, 14, 0.94%, 0, 0, 2, 2.89, 21, 116, 0
1771346032, 0, 3, 234, 234, 14, 0.94%, 0, 0, 2, 2.55, 21, 117, 0
1771346047, 0, 3, 235, 235, 14, 0.94%, 0, 0, 2, 2.48, 21, 117, 0
1771346053, 0, 3, 236, 236, 14, 0.94%, 0, 0, 2, 2.35, 21, 117, 0
1771346069, 0, 3, 237, 237, 14, 0.94%, 0, 0, 2, 2.35, 21, 117, 0
1771346095, 0, 3, 238, 238, 14, 0.94%, 0, 0, 2, 3.28, 21, 117, 0
1771346111, 0, 3, 239, 239, 14, 0.94%, 0, 0, 2, 2.39, 21, 117, 0
1771346116, 0, 3, 240, 240, 14, 0.94%, 0, 0, 2, 2.34, 21, 117, 0
1771346132, 0, 3, 241, 241, 14, 0.94%, 0, 0, 2, 2.29, 21, 117, 0
1771346163, 0, 3, 242, 242, 14, 0.94%, 0, 0, 2, 2.29, 21, 117, 0
1771346194, 0, 3, 243, 243, 14, 0.94%, 0, 0, 2, 2.34, 22, 119, 0
1771346205, 0, 3, 244, 244, 14, 0.94%, 0, 0, 2, 2.25, 22, 119, 0
1771346300, 0, 3, 245, 245, 14, 0.95%, 0, 0, 2, 2.62, 22, 119, 0
1771346342, 0, 3, 246, 246, 14, 0.95%, 0, 0, 2, 4.56, 22, 119, 0
1771346352, 0, 3, 247, 247, 14, 0.95%, 0, 0, 2, 3.34, 22, 119, 0
1771346358, 0, 3, 248, 248, 14, 0.95%, 0, 0, 2, 4.09, 22, 119, 0
1771346373, 0, 3, 249, 249, 14, 0.95%, 0, 0, 2, 4.39, 22, 120, 0
1771346393, 0, 3, 250, 250, 14, 0.96%, 0, 0, 2, 4.56, 22, 120, 0
1771346409, 0, 3, 251, 251, 14, 0.96%, 0, 0, 2, 4.03, 22, 120, 0
1771346414, 0, 3, 252, 252, 14, 0.96%, 0, 0, 2, 3.79, 22, 120, 0
1771346425, 0, 3, 253, 253, 14, 0.97%, 0, 0, 2, 4.08, 22, 120, 0
1771346476, 0, 3, 254, 254, 14, 0.97%, 0, 0, 2, 4.17, 22, 120, 0
1771346486, 0, 3, 255, 255, 14, 0.97%, 0, 0, 2, 6.81, 22, 120, 0
1771346496, 0, 3, 256, 256, 14, 0.97%, 0, 0, 2, 5.42, 22, 120, 0
1771346501, 0, 3, 257, 257, 14, 0.97%, 0, 0, 2, 5.70, 22, 120, 0
1771346507, 0, 3, 258, 258, 14, 0.97%, 0, 0, 2, 5.06, 22, 120, 0
1771346512, 0, 3, 259, 259, 14, 0.97%, 0, 0, 2, 5.80, 22, 120, 0
1771346517, 0, 3, 260, 260, 14, 0.97%, 0, 0, 2, 4.60, 22, 120, 0
1771346533, 0, 3, 261, 261, 14, 0.98%, 0, 0, 2, 4.72, 22, 120, 0
1771346584, 0, 3, 262, 262, 14, 0.98%, 0, 0, 2, 4.91, 22, 120, 0
1771346626, 0, 92, 263, 262, 0, 0.98%, 0, 0, 3, 6.50, 22, 120, 0
1771346636, 0, 92, 264, 263, 0, 0.98%, 0, 0, 3, 5.49, 22, 120, 0
1771346641, 0, 92, 265, 264, 0, 0.98%, 0, 0, 3, 5.11, 22, 120, 0
1771346646, 0, 92, 266, 265, 0, 0.98%, 0, 0, 3, 4.80, 22, 120, 0
1771346656, 0, 92, 267, 266, 0, 0.98%, 0, 0, 3, 6.43, 22, 120, 0
1771346688, 0, 92, 269, 268, 0, 0.98%, 0, 0, 3, 6.32, 22, 121, 0
1771346719, 0, 92, 270, 269, 0, 0.98%, 0, 0, 3, 3.89, 22, 121, 0
1771346750, 1, 1, 270, 268, 5, 0.98%, 0, 0, 3, 5.99, 22, 121, 0
1771346755, 1, 1, 271, 269, 5, 0.98%, 0, 0, 3, 8.86, 22, 121, 0
1771346760, 1, 1, 272, 270, 5, 0.98%, 0, 0, 3, 5.60, 22, 121, 0
1771346765, 1, 1, 273, 271, 5, 0.98%, 0, 0, 3, 4.72, 22, 121, 0
1771346770, 1, 1, 274, 272, 5, 0.98%, 0, 0, 3, 5.28, 22, 121, 0
1771346781, 1, 1, 275, 273, 5, 0.98%, 0, 0, 3, 5.03, 22, 121, 0
1771346796, 1, 1, 276, 274, 5, 0.98%, 0, 0, 3, 6.23, 22, 121, 0
1771346801, 1, 1, 277, 275, 5, 0.98%, 0, 0, 3, 7.14, 22, 121, 0
1771346812, 1, 1, 278, 276, 5, 0.98%, 0, 0, 3, 5.60, 22, 121, 0
1771346827, 1, 1, 279, 277, 5, 0.98%, 0, 0, 3, 6.74, 22, 121, 0
1771346858, 1, 1, 280, 278, 5, 0.98%, 0, 0, 3, 4.63, 22, 121, 0
1771346863, 1, 1, 281, 279, 5, 0.98%, 0, 0, 3, 4.67, 22, 121, 0
1771346878, 1, 1, 282, 280, 5, 0.98%, 0, 0, 3, 4.93, 22, 121, 0
1771346883, 1, 1, 283, 281, 5, 0.98%, 0, 0, 3, 5.18, 22, 121, 0
1771346888, 1, 1, 284, 282, 5, 0.98%, 0, 0, 3, 4.74, 22, 121, 0
1771346894, 1, 1, 285, 283, 5, 0.98%, 0, 0, 3, 4.06, 22, 123, 0
1771346899, 1, 1, 286, 284, 5, 0.98%, 0, 0, 3, 3.79, 22, 123, 0
1771346935, 1, 1, 287, 285, 5, 0.98%, 0, 0, 3, 3.98, 22, 123, 0
1771346961, 1, 1, 288, 286, 5, 0.98%, 0, 0, 3, 3.61, 22, 123, 0
1771347038, 1, 1, 289, 287, 5, 0.98%, 0, 0, 3, 4.48, 22, 123, 0
1771347049, 1, 1, 290, 288, 5, 0.98%, 0, 0, 3, 3.81, 22, 123, 0
1771347059, 1, 1, 291, 289, 5, 0.98%, 0, 0, 3, 2.92, 22, 123, 0
1771347070, 1, 1, 292, 290, 5, 0.98%, 0, 0, 3, 2.50, 22, 125, 0
1771347091, 1, 3, 292, 289, 3, 0.98%, 0, 0, 3, 4.68, 22, 125, 0
1771347096, 1, 3, 293, 290, 3, 0.98%, 0, 0, 3, 5.11, 22, 125, 0
1771347106, 1, 3, 294, 291, 3, 0.98%, 0, 0, 3, 4.63, 22, 125, 0
1771347132, 1, 3, 295, 292, 3, 0.98%, 0, 0, 3, 3.68, 22, 125, 0
1771347142, 1, 3, 296, 293, 3, 0.98%, 0, 0, 3, 2.57, 22, 125, 0
1771347153, 1, 3, 297, 294, 3, 0.98%, 0, 0, 3, 2.32, 22, 125, 0
1771347168, 1, 3, 298, 295, 3, 0.98%, 0, 0, 3, 2.38, 22, 125, 0
1771347179, 1, 3, 299, 296, 3, 0.98%, 0, 0, 3, 2.23, 22, 125, 0
1771347184, 1, 3, 300, 297, 3, 0.98%, 0, 0, 3, 2.27, 22, 127, 0
1771347226, 1, 3, 301, 298, 3, 0.99%, 0, 0, 3, 2.41, 22, 129, 0
1771347247, 1, 3, 302, 299, 3, 0.99%, 0, 0, 3, 2.38, 22, 129, 0
1771347319, 1, 3, 303, 300, 3, 0.99%, 0, 0, 3, 2.52, 22, 132, 0
1771347356, 1, 3, 304, 301, 3, 0.99%, 0, 0, 3, 2.31, 22, 132, 0
1771347397, 1, 3, 305, 302, 3, 0.99%, 0, 0, 3, 7.59, 22, 132, 0
1771347424, 1, 3, 306, 303, 3, 0.99%, 0, 0, 3, 2.88, 22, 132, 0
1771347434, 1, 3, 307, 304, 3, 0.99%, 0, 0, 3, 3.04, 22, 132, 0
1771347449, 1, 3, 308, 305, 3, 0.99%, 0, 0, 3, 2.71, 22, 132, 0
1771347454, 1, 3, 309, 306, 3, 0.99%, 0, 0, 3, 2.47, 22, 132, 0
1771347511, 1, 3, 310, 307, 3, 0.99%, 0, 0, 3, 3.02, 22, 132, 0
1771347542, 1, 3, 311, 308, 3, 0.99%, 0, 0, 3, 4.95, 22, 132, 0
1771347552, 1, 3, 312, 309, 3, 0.99%, 0, 0, 3, 4.85, 22, 132, 0
1771347563, 1, 3, 313, 310, 3, 1.01%, 0, 0, 3, 5.85, 22, 132, 0
1771347568, 1, 3, 314, 311, 3, 1.01%, 0, 0, 3, 5.06, 22, 132, 0
1771347573, 1, 3, 315, 312, 3, 1.01%, 0, 0, 3, 3.82, 22, 132, 0
1771347599, 1, 3, 316, 313, 3, 1.01%, 0, 0, 3, 3.30, 22, 133, 0
1771347620, 1, 3, 317, 314, 3, 1.01%, 0, 0, 3, 2.58, 22, 133, 0
1771347651, 1, 3, 318, 315, 3, 1.01%, 0, 0, 3, 3.40, 22, 133, 0
1771347656, 1, 3, 319, 316, 3, 1.01%, 0, 0, 3, 3.45, 22, 134, 0
1771347661, 1, 3, 320, 317, 3, 1.01%, 0, 0, 3, 3.51, 22, 134, 0
1771347666, 1, 3, 321, 318, 3, 1.01%, 0, 0, 3, 3.44, 22, 134, 0
1771347687, 1, 3, 322, 319, 3, 1.01%, 0, 0, 3, 3.79, 22, 136, 0
1771347707, 1, 3, 323, 320, 3, 1.02%, 0, 0, 3, 3.14, 22, 138, 0
1771347743, 1, 3, 324, 321, 3, 1.02%, 0, 0, 3, 2.91, 22, 138, 0
1771347764, 1, 3, 325, 322, 3, 1.02%, 0, 0, 3, 3.25, 22, 138, 0
1771347831, 1, 3, 326, 323, 3, 1.02%, 0, 0, 3, 2.83, 22, 138, 0
1771347836, 1, 3, 327, 324, 3, 1.02%, 0, 0, 3, 2.51, 22, 138, 0
1771347847, 1, 3, 328, 325, 3, 1.02%, 0, 0, 3, 2.33, 22, 139, 0
1771347878, 1, 3, 329, 326, 3, 1.02%, 0, 0, 3, 2.42, 22, 139, 0
1771347904, 1, 3, 330, 327, 3, 1.02%, 0, 0, 3, 2.28, 22, 139, 0
1771347914, 1, 3, 331, 328, 3, 1.03%, 0, 0, 3, 2.41, 22, 140, 0
1771347930, 1, 3, 332, 329, 3, 1.03%, 0, 0, 3, 2.39, 22, 140, 0
1771347972, 1, 3, 333, 330, 3, 1.03%, 0, 0, 3, 2.36, 22, 141, 0
1771348009, 1, 3, 334, 331, 3, 1.03%, 0, 0, 3, 2.32, 22, 141, 0
1771348035, 1, 3, 335, 332, 3, 1.03%, 0, 0, 3, 2.37, 23, 143, 0
1771348051, 1, 3, 336, 333, 3, 1.03%, 0, 0, 3, 2.27, 23, 143, 0
1771348104, 1, 3, 337, 334, 3, 1.03%, 0, 0, 3, 2.89, 23, 143, 0
1771348109, 1, 3, 338, 335, 3, 1.03%, 0, 0, 3, 2.93, 23, 144, 0
1771348125, 1, 3, 339, 336, 3, 1.03%, 0, 0, 3, 2.41, 23, 144, 0
1771348166, 1, 3, 340, 337, 3, 1.03%, 0, 0, 3, 2.58, 23, 144, 0
1771348171, 1, 3, 341, 338, 3, 1.03%, 0, 0, 3, 2.49, 23, 144, 0
1771348191, 1, 3, 342, 339, 3, 1.03%, 0, 0, 3, 2.70, 23, 144, 0
1771348196, 1, 3, 343, 340, 3, 1.03%, 0, 0, 3, 2.63, 23, 145, 0
1771348212, 1, 3, 344, 341, 3, 1.04%, 0, 0, 3, 2.83, 23, 145, 0
1771348222, 1, 3, 345, 342, 3, 1.04%, 0, 0, 3, 2.66, 23, 145, 0
1771348259, 1, 3, 346, 343, 3, 1.04%, 0, 0, 3, 2.54, 23, 145, 0
1771348332, 1, 3, 347, 344, 3, 1.04%, 0, 0, 3, 3.34, 23, 145, 0
1771348347, 1, 3, 348, 345, 3, 1.04%, 0, 0, 3, 2.95, 23, 145, 0
1771348363, 1, 3, 349, 346, 3, 1.04%, 0, 0, 3, 2.43, 23, 145, 0
1771348384, 1, 3, 350, 347, 3, 1.04%, 0, 0, 3, 2.71, 23, 145, 0
1771348394, 1, 3, 351, 348, 3, 1.04%, 0, 0, 3, 2.81, 23, 145, 0
1771348404, 1, 3, 352, 349, 3, 1.04%, 0, 0, 3, 2.52, 23, 145, 0
1771348420, 1, 3, 353, 350, 3, 1.04%, 0, 0, 3, 2.87, 23, 146, 0
1771348508, 1, 3, 354, 351, 3, 1.04%, 0, 0, 3, 2.70, 23, 147, 0
1771348514, 1, 3, 355, 352, 3, 1.04%, 0, 0, 3, 2.46, 23, 147, 0
1771348524, 1, 3, 356, 353, 3, 1.04%, 0, 0, 3, 2.31, 23, 148, 0
1771348550, 1, 3, 357, 354, 3, 1.04%, 0, 0, 3, 2.29, 23, 151, 0
1771348582, 1, 3, 358, 355, 3, 1.04%, 0, 0, 3, 2.31, 23, 151, 0
1771348666, 1, 3, 359, 356, 3, 1.04%, 0, 0, 3, 2.48, 23, 153, 0
1771348686, 1, 3, 360, 357, 3, 1.04%, 0, 0, 3, 2.38, 23, 153, 0
1771348733, 1, 3, 361, 358, 3, 1.04%, 0, 0, 3, 2.63, 23, 153, 0
1771348738, 1, 3, 362, 359, 3, 1.04%, 0, 0, 3, 2.51, 23, 153, 0
1771348770, 1, 3, 363, 360, 3, 1.04%, 0, 0, 3, 2.82, 23, 153, 0
1771348775, 1, 3, 364, 361, 3, 1.04%, 0, 0, 3, 2.88, 23, 153, 0
1771348785, 1, 3, 365, 362, 3, 1.04%, 0, 0, 3, 3.40, 23, 153, 0
1771348821, 1, 3, 366, 363, 3, 1.04%, 0, 0, 3, 3.32, 23, 155, 0
1771348863, 1, 3, 367, 364, 3, 1.04%, 0, 0, 3, 4.01, 23, 155, 0
1771348909, 1, 3, 368, 365, 3, 1.04%, 0, 0, 3, 2.51, 23, 155, 0
1771348925, 1, 3, 369, 366, 3, 1.04%, 0, 0, 3, 2.83, 23, 155, 0
1771348961, 1, 3, 370, 367, 3, 1.04%, 0, 0, 3, 2.71, 23, 155, 0
1771348998, 1, 3, 371, 368, 3, 1.04%, 0, 0, 3, 4.92, 23, 157, 0
1771349029, 1, 3, 372, 369, 3, 1.04%, 0, 0, 3, 3.17, 23, 157, 0
1771349056, 1, 4, 373, 370, 3, 1.04%, 0, 0, 3, 4.36, 23, 157, 0
1771349076, 1, 4, 374, 371, 3, 1.04%, 0, 0, 3, 4.58, 23, 157, 0
1771349113, 1, 4, 375, 372, 3, 1.04%, 0, 0, 3, 3.15, 23, 157, 0
1771349160, 2, 3, 375, 371, 3, 1.04%, 0, 0, 3, 5.39, 23, 157, 0
1771349175, 2, 3, 376, 372, 3, 1.04%, 0, 0, 3, 3.24, 23, 158, 0
1771349196, 2, 3, 377, 373, 3, 1.04%, 0, 0, 3, 5.07, 23, 158, 0
1771349206, 2, 3, 378, 374, 3, 1.04%, 0, 0, 3, 4.41, 23, 158, 0
1771349211, 2, 3, 379, 375, 3, 1.04%, 0, 0, 3, 4.09, 23, 158, 0
1771349222, 2, 3, 380, 376, 3, 1.04%, 0, 0, 3, 4.10, 23, 158, 0
1771349227, 2, 3, 381, 377, 3, 1.04%, 0, 0, 3, 4.41, 23, 158, 0
1771349237, 2, 3, 382, 378, 3, 1.04%, 0, 0, 3, 4.69, 23, 159, 0
1771349258, 2, 3, 383, 379, 3, 1.05%, 0, 0, 3, 4.70, 23, 160, 0
1771349319, 2, 3, 384, 380, 3, 1.05%, 0, 0, 3, 5.09, 23, 160, 0
1771349330, 2, 3, 385, 381, 3, 1.05%, 0, 0, 3, 3.83, 23, 160, 0
1771349335, 2, 3, 386, 382, 3, 1.05%, 0, 0, 3, 3.30, 23, 160, 0
1771349371, 2, 3, 386, 382, 1, 1.05%, 0, 0, 3, 4.36, 23, 160, 0
1771349417, 2, 3, 387, 383, 1, 1.05%, 0, 0, 3, 3.10, 23, 162, 0
1771349428, 2, 3, 388, 384, 1, 1.05%, 0, 0, 3, 2.87, 23, 162, 0
1771349439, 2, 3, 389, 385, 1, 1.05%, 0, 0, 3, 3.11, 23, 162, 0
1771349490, 2, 100, 389, 385, 0, 1.05%, 0, 0, 3, 4.74, 23, 162, 0
1771349496, 2, 100, 390, 386, 0, 1.05%, 0, 0, 3, 3.77, 23, 162, 0
1771349568, 3, 3, 390, 385, 2, 1.05%, 0, 0, 3, 6.11, 23, 162, 0
1771349604, 3, 6, 390, 385, 2, 1.05%, 0, 0, 3, 7.77, 23, 162, 0
1771349620, 3, 6, 391, 386, 2, 1.05%, 0, 0, 3, 3.55, 23, 162, 0
1771349625, 3, 6, 392, 387, 2, 1.05%, 0, 0, 3, 2.84, 23, 162, 0
1771349651, 3, 6, 393, 388, 2, 1.05%, 0, 0, 3, 2.41, 23, 163, 0
1771349656, 3, 6, 394, 389, 2, 1.05%, 0, 0, 3, 2.38, 23, 163, 0
1771349672, 3, 6, 395, 390, 2, 1.05%, 0, 0, 3, 2.32, 23, 163, 0
1771349682, 3, 6, 396, 391, 2, 1.05%, 0, 0, 3, 2.40, 23, 163, 0
1771349693, 3, 6, 397, 392, 2, 1.05%, 0, 0, 3, 2.47, 23, 164, 0
1771349782, 3, 6, 398, 393, 2, 1.05%, 0, 0, 3, 2.31, 23, 164, 0
1771349886, 3, 6, 399, 394, 2, 1.05%, 0, 0, 3, 4.04, 23, 164, 0
1771349901, 3, 6, 400, 395, 2, 1.05%, 0, 0, 3, 2.93, 23, 164, 0
1771349933, 3, 39, 401, 395, 0, 1.05%, 0, 0, 3, 4.59, 23, 164, 0
1771349990, 3, 39, 402, 396, 0, 1.05%, 0, 0, 3, 3.89, 23, 164, 0
1771349995, 3, 39, 403, 397, 0, 1.05%, 0, 0, 3, 3.67, 23, 164, 0
1771350000, 3, 39, 404, 398, 0, 1.05%, 0, 0, 3, 3.67, 23, 164, 0
1771350021, 3, 39, 405, 399, 0, 1.05%, 0, 0, 3, 3.84, 23, 164, 0
1771350041, 3, 39, 406, 400, 0, 1.05%, 0, 0, 3, 3.75, 23, 164, 0
1771350088, 3, 39, 407, 401, 0, 1.05%, 0, 0, 3, 3.83, 23, 164, 0
1771350099, 3, 39, 408, 402, 0, 1.05%, 0, 0, 3, 3.81, 23, 164, 0
1771350130, 3, 39, 409, 403, 0, 1.05%, 0, 0, 3, 3.60, 23, 164, 0
1771350140, 3, 39, 410, 404, 0, 1.05%, 0, 0, 3, 3.31, 23, 164, 0
1771350150, 3, 39, 411, 405, 0, 1.05%, 0, 0, 3, 3.40, 23, 164, 0
1771350166, 3, 39, 412, 406, 0, 1.05%, 0, 0, 3, 3.28, 23, 164, 0
1771350192, 4, 21, 412, 405, 1, 1.05%, 0, 0, 3, 3.67, 23, 164, 0
1771350197, 4, 21, 413, 406, 1, 1.05%, 0, 0, 3, 4.17, 23, 164, 0
1771350208, 4, 21, 414, 407, 1, 1.05%, 0, 0, 3, 3.48, 23, 164, 0
1771350239, 4, 21, 415, 408, 1, 1.05%, 0, 0, 3, 3.15, 23, 164, 0
1771350290, 4, 75, 415, 407, 3, 1.05%, 0, 0, 3, 5.87, 23, 164, 0
1771350311, 4, 75, 416, 408, 3, 1.05%, 0, 0, 3, 2.62, 23, 164, 0
1771350364, 4, 75, 417, 409, 3, 1.05%, 0, 0, 3, 2.72, 23, 164, 0
1771350374, 4, 75, 418, 410, 3, 1.05%, 0, 0, 3, 2.53, 23, 164, 0
1771350390, 4, 75, 419, 411, 3, 1.05%, 0, 0, 3, 2.69, 23, 164, 0
1771350405, 5, 60, 419, 410, 3, 1.05%, 0, 0, 3, 4.20, 23, 164, 0
1771350441, 5, 60, 420, 411, 3, 1.05%, 0, 0, 3, 2.77, 23, 164, 0
1771350457, 5, 60, 421, 412, 3, 1.05%, 0, 0, 3, 3.36, 23, 164, 0
1771350488, 5, 323, 421, 411, 0, 1.05%, 0, 0, 3, 4.16, 23, 164, 0
1771350493, 5, 323, 422, 412, 0, 1.05%, 0, 0, 3, 3.64, 23, 165, 0
1771350519, 5, 323, 423, 413, 0, 1.05%, 0, 0, 3, 2.75, 23, 165, 0
1771350535, 5, 323, 424, 414, 0, 1.05%, 0, 0, 3, 2.12, 23, 165, 0
1771350571, 5, 323, 425, 415, 0, 1.09%, 0, 0, 3, 1.73, 23, 166, 0
1771350609, 5, 323, 426, 416, 0, 1.09%, 0, 0, 3, 2.97, 23, 166, 0
1771350640, 5, 323, 427, 417, 0, 1.09%, 0, 0, 3, 2.39, 23, 166, 0
1771350667, 5, 323, 428, 418, 0, 1.10%, 0, 0, 3, 2.24, 23, 166, 0
1771350683, 5, 323, 429, 419, 0, 1.10%, 0, 0, 3, 2.45, 23, 166, 0
1771350693, 5, 323, 430, 420, 0, 1.10%, 0, 0, 3, 2.03, 23, 166, 0
1771350704, 5, 323, 431, 421, 0, 1.10%, 0, 0, 3, 1.89, 23, 166, 0
1771350714, 5, 323, 432, 422, 0, 1.10%, 0, 0, 3, 1.91, 23, 166, 0
1771350731, 5, 323, 433, 423, 0, 1.10%, 0, 0, 3, 1.72, 23, 166, 0
1771350752, 5, 323, 434, 424, 0, 1.10%, 0, 0, 3, 2.13, 23, 166, 0
1771350768, 5, 323, 435, 425, 0, 1.10%, 0, 0, 3, 1.63, 23, 166, 0
1771350836, 5, 323, 436, 426, 0, 1.10%, 0, 0, 3, 1.79, 23, 166, 0
1771350906, 5, 323, 437, 427, 0, 1.10%, 0, 0, 3, 2.42, 23, 166, 0
1771350917, 5, 323, 438, 428, 0, 1.10%, 0, 0, 3, 2.54, 23, 166, 0
1771350948, 5, 323, 439, 429, 0, 1.10%, 0, 0, 3, 2.32, 23, 166, 0
1771351005, 5, 323, 440, 430, 0, 1.10%, 0, 0, 3, 3.05, 23, 166, 0
1771351021, 6, 226, 440, 429, 0, 1.10%, 0, 0, 3, 3.22, 23, 166, 0
1771351043, 6, 226, 441, 430, 0, 1.10%, 0, 0, 3, 3.27, 23, 166, 0
1771351058, 6, 226, 442, 431, 0, 1.10%, 0, 0, 3, 2.79, 23, 166, 0
1771351091, 6, 226, 443, 432, 0, 1.10%, 0, 0, 3, 3.46, 23, 167, 0
1771351101, 6, 226, 444, 433, 0, 1.10%, 0, 0, 3, 2.59, 23, 167, 0
1771351144, 6, 226, 445, 434, 0, 1.10%, 0, 0, 3, 2.70, 23, 167, 0
1771351181, 6, 226, 446, 435, 0, 1.10%, 0, 0, 3, 1.91, 23, 167, 0
1771351197, 6, 231, 446, 434, 0, 1.10%, 0, 0, 3, 4.32, 23, 167, 0
1771351279, 6, 242, 446, 433, 0, 1.10%, 0, 0, 3, 3.27, 23, 167, 0
1771351369, 6, 242, 447, 434, 0, 1.10%, 0, 0, 3, 2.63, 23, 167, 0
1771351395, 6, 334, 447, 433, 0, 1.10%, 0, 0, 3, 2.92, 23, 167, 0
