# unix_time, cycles_done, cur_path, paths_total, pending_total, pending_favs, map_size, unique_crashes, unique_hangs, max_depth, execs_per_sec, n_nodes, n_edges, chat_times
1771328396, 0, 0, 92, 92, 14, 0.78%, 0, 0, 1, 7.10, 18, 68, 0
1771328401, 0, 0, 94, 94, 14, 0.79%, 0, 0, 2, 7.60, 18, 70, 0
1771328406, 0, 0, 96, 96, 14, 0.80%, 0, 0, 2, 7.85, 18, 72, 0
1771328411, 0, 0, 97, 97, 14, 0.80%, 0, 0, 2, 7.99, 18, 72, 0
1771328421, 0, 0, 99, 99, 14, 0.80%, 0, 0, 2, 8.61, 18, 72, 0
1771328437, 0, 0, 100, 100, 14, 0.82%, 0, 0, 2, 7.92, 18, 72, 0
1771328442, 0, 0, 102, 102, 14, 0.83%, 0, 0, 2, 7.87, 18, 72, 0
1771328468, 0, 0, 103, 103, 14, 0.83%, 0, 0, 2, 7.77, 18, 72, 0
1771328478, 0, 0, 104, 104, 14, 0.83%, 0, 0, 2, 7.81, 18, 72, 0
1771328504, 0, 0, 106, 106, 14, 0.84%, 0, 0, 2, 7.94, 18, 72, 0
1771328509, 0, 0, 107, 107, 14, 0.84%, 0, 0, 2, 10.04, 18, 72, 0
1771328514, 0, 0, 108, 108, 14, 0.84%, 0, 0, 2, 9.34, 18, 72, 0
1771328519, 0, 0, 111, 111, 14, 0.85%, 0, 0, 2, 9.17, 18, 79, 0
1771328524, 0, 0, 113, 113, 14, 0.86%, 0, 0, 2, 5.85, 18, 84, 0
1771328529, 0, 0, 115, 115, 14, 0.87%, 0, 0, 2, 4.51, 18, 87, 0
1771328534, 0, 0, 116, 116, 14, 0.87%, 0, 0, 2, 5.86, 18, 87, 0
1771328539, 0, 0, 117, 117, 14, 0.87%, 0, 0, 2, 5.06, 18, 87, 0
1771328545, 0, 0, 118, 118, 14, 0.87%, 0, 0, 2, 5.09, 19, 88, 0
1771328550, 0, 0, 120, 120, 14, 0.89%, 0, 0, 2, 6.20, 20, 92, 0
1771328555, 0, 0, 123, 123, 14, 0.89%, 0, 0, 2, 4.85, 20, 92, 0
1771328560, 0, 0, 126, 126, 14, 0.89%, 0, 0, 2, 7.52, 20, 92, 0
1771328565, 0, 0, 128, 128, 14, 0.89%, 0, 0, 2, 6.41, 20, 92, 0
1771328570, 0, 0, 130, 130, 14, 0.89%, 0, 0, 2, 6.50, 20, 92, 0
1771328575, 0, 0, 132, 132, 14, 0.90%, 0, 0, 2, 6.27, 20, 92, 0
1771328581, 0, 0, 134, 134, 14, 0.90%, 0, 0, 2, 7.99, 20, 92, 0
1771328586, 0, 0, 138, 138, 14, 0.90%, 0, 0, 2, 7.68, 20, 92, 0
1771328591, 0, 0, 140, 140, 14, 0.90%, 0, 0, 2, 5.77, 20, 92, 0
1771328596, 0, 0, 142, 142, 14, 0.90%, 0, 0, 2, 6.92, 20, 92, 0
1771328601, 0, 0, 143, 143, 14, 0.91%, 0, 0, 2, 7.16, 20, 93, 0
1771328606, 0, 0, 145, 145, 14, 0.91%, 0, 0, 2, 6.61, 20, 93, 0
1771328612, 0, 0, 146, 146, 14, 0.91%, 0, 0, 2, 6.26, 20, 93, 0
1771328617, 0, 0, 147, 147, 14, 0.91%, 0, 0, 2, 5.17, 20, 93, 0
1771328622, 0, 0, 149, 149, 14, 0.91%, 0, 0, 2, 6.34, 20, 93, 0
1771328627, 0, 0, 151, 151, 14, 0.91%, 0, 0, 2, 7.56, 20, 94, 0
1771328632, 0, 0, 153, 153, 14, 0.91%, 0, 0, 2, 7.70, 20, 94, 0
1771328637, 0, 0, 154, 154, 14, 0.91%, 0, 0, 2, 6.78, 20, 94, 0
1771328642, 0, 0, 155, 155, 14, 0.91%, 0, 0, 2, 6.73, 20, 94, 0
1771328647, 0, 0, 156, 156, 14, 0.91%, 0, 0, 2, 6.09, 20, 94, 0
1771328658, 0, 0, 157, 157, 14, 0.92%, 0, 0, 2, 5.36, 20, 94, 0
1771328663, 0, 0, 158, 158, 14, 0.92%, 0, 0, 2, 6.59, 20, 94, 0
1771328673, 0, 0, 160, 160, 14, 0.92%, 0, 0, 2, 6.67, 20, 94, 0
1771328678, 0, 0, 161, 161, 14, 0.92%, 0, 0, 2, 7.68, 20, 94, 0
1771328684, 0, 0, 163, 163, 14, 0.92%, 0, 0, 2, 6.74, 20, 95, 0
1771328689, 0, 0, 164, 164, 14, 0.92%, 0, 0, 2, 5.93, 20, 95, 0
1771328699, 0, 0, 166, 166, 14, 0.92%, 0, 0, 2, 5.83, 20, 95, 0
1771328704, 0, 0, 167, 167, 14, 0.92%, 0, 0, 2, 5.91, 20, 96, 0
1771328715, 0, 0, 168, 168, 14, 0.92%, 0, 0, 2, 5.63, 20, 96, 0
1771328730, 0, 0, 169, 169, 14, 0.92%, 0, 0, 2, 7.01, 20, 96, 0
1771328735, 0, 0, 170, 170, 14, 0.92%, 0, 0, 2, 6.24, 20, 96, 0
1771328740, 0, 0, 171, 171, 14, 0.92%, 0, 0, 2, 7.01, 20, 96, 0
1771328745, 0, 0, 172, 172, 14, 0.92%, 0, 0, 2, 7.35, 20, 96, 0
1771328756, 0, 0, 174, 174, 14, 0.92%, 0, 0, 2, 5.28, 20, 98, 0
1771328761, 0, 0, 175, 175, 14, 0.92%, 0, 0, 2, 6.39, 20, 99, 0
1771328771, 0, 0, 176, 176, 14, 0.92%, 0, 0, 2, 6.63, 20, 99, 0
1771328776, 0, 0, 178, 178, 14, 0.92%, 0, 0, 2, 5.85, 20, 99, 0
1771328781, 0, 0, 179, 179, 14, 0.92%, 0, 0, 2, 5.75, 20, 99, 0
1771328786, 0, 0, 181, 181, 14, 0.92%, 0, 0, 2, 5.28, 20, 100, 0
1771328797, 0, 0, 182, 182, 14, 0.92%, 0, 0, 2, 5.67, 20, 100, 0
1771328812, 0, 0, 183, 183, 14, 0.92%, 0, 0, 2, 5.22, 20, 100, 0
1771328817, 0, 0, 185, 185, 14, 0.93%, 0, 0, 2, 5.53, 20, 100, 0
1771328822, 0, 0, 186, 186, 14, 0.93%, 0, 0, 2, 6.09, 20, 100, 0
1771328827, 0, 0, 188, 188, 14, 0.93%, 0, 0, 2, 5.74, 20, 100, 0
1771328832, 0, 0, 189, 189, 14, 0.93%, 0, 0, 2, 6.19, 20, 100, 0
1771328848, 0, 0, 191, 191, 14, 0.93%, 0, 0, 2, 5.11, 20, 100, 0
1771328858, 0, 0, 193, 193, 14, 0.93%, 0, 0, 2, 6.16, 20, 100, 0
1771328869, 0, 0, 194, 194, 14, 0.93%, 0, 0, 2, 5.05, 20, 101, 0
1771328879, 0, 0, 195, 195, 14, 0.93%, 0, 0, 2, 5.81, 20, 101, 0
1771328884, 0, 0, 196, 196, 14, 0.93%, 0, 0, 2, 5.61, 20, 102, 0
1771328889, 0, 0, 197, 197, 14, 0.93%, 0, 0, 2, 3.99, 20, 102, 0
1771328894, 0, 0, 198, 198, 14, 0.93%, 0, 0, 2, 3.25, 20, 102, 0
1771328900, 0, 0, 199, 199, 14, 0.93%, 0, 0, 2, 2.88, 20, 103, 0
1771328905, 0, 0, 200, 200, 14, 0.93%, 0, 0, 2, 3.21, 20, 104, 0
1771328910, 0, 0, 202, 202, 14, 0.93%, 0, 0, 2, 3.26, 20, 104, 0
1771328915, 0, 0, 203, 203, 14, 0.93%, 0, 0, 2, 2.76, 20, 104, 0
1771328925, 0, 0, 204, 204, 14, 0.93%, 0, 0, 2, 2.98, 20, 104, 0
1771328935, 0, 0, 205, 205, 14, 0.93%, 0, 0, 2, 3.31, 20, 104, 0
1771328940, 0, 0, 206, 206, 14, 0.93%, 0, 0, 2, 2.98, 20, 104, 0
1771328951, 0, 0, 207, 207, 14, 0.94%, 0, 0, 2, 3.46, 20, 107, 0
1771328956, 0, 0, 208, 208, 14, 0.94%, 0, 0, 2, 3.05, 20, 108, 0
1771328961, 0, 0, 209, 209, 14, 0.94%, 0, 0, 2, 2.86, 20, 108, 0
1771328966, 0, 0, 210, 210, 14, 0.94%, 0, 0, 2, 2.98, 20, 108, 0
1771328972, 0, 0, 211, 211, 14, 0.94%, 0, 0, 2, 3.19, 20, 109, 0
1771328977, 0, 0, 212, 212, 14, 0.94%, 0, 0, 2, 3.12, 20, 109, 0
1771328982, 0, 0, 213, 213, 14, 0.94%, 0, 0, 2, 3.19, 21, 111, 0
1771328987, 0, 0, 214, 214, 14, 0.94%, 0, 0, 2, 3.34, 21, 112, 0
1771328997, 0, 0, 215, 215, 14, 0.94%, 0, 0, 2, 3.43, 21, 112, 0
1771329008, 0, 0, 216, 216, 14, 0.94%, 0, 0, 2, 3.49, 21, 112, 0
1771329029, 0, 0, 217, 217, 14, 0.94%, 0, 0, 2, 2.96, 21, 112, 0
1771329034, 0, 0, 218, 218, 14, 0.94%, 0, 0, 2, 2.83, 21, 112, 0
1771329050, 0, 0, 219, 219, 14, 0.95%, 0, 0, 2, 3.31, 21, 112, 0
1771329060, 0, 0, 220, 220, 14, 0.95%, 0, 0, 2, 3.18, 21, 112, 0
1771329070, 0, 0, 221, 221, 14, 0.95%, 0, 0, 2, 3.29, 21, 112, 0
1771329086, 0, 0, 222, 222, 14, 0.95%, 0, 0, 2, 3.51, 21, 112, 0
1771329096, 0, 0, 223, 223, 14, 0.95%, 0, 0, 2, 3.74, 21, 112, 0
1771329106, 0, 0, 224, 224, 14, 0.96%, 0, 0, 2, 2.95, 21, 114, 0
1771329132, 0, 0, 225, 225, 14, 0.96%, 0, 0, 2, 3.30, 21, 114, 0
1771329142, 0, 0, 226, 226, 14, 0.96%, 0, 0, 2, 3.05, 21, 114, 0
1771329147, 0, 0, 227, 227, 14, 0.97%, 0, 0, 2, 3.60, 21, 115, 0
1771329163, 0, 0, 228, 228, 14, 0.97%, 0, 0, 2, 3.28, 21, 115, 0
1771329205, 0, 0, 229, 229, 14, 0.97%, 0, 0, 2, 3.88, 21, 115, 0
1771329261, 0, 0, 230, 230, 14, 0.98%, 0, 0, 2, 3.53, 21, 115, 0
1771329292, 0, 0, 231, 231, 14, 0.98%, 0, 0, 2, 4.64, 21, 115, 0
1771329297, 0, 0, 233, 233, 14, 0.98%, 0, 0, 2, 4.23, 21, 117, 0
1771329302, 0, 0, 234, 234, 14, 0.98%, 0, 0, 2, 5.40, 21, 117, 0
1771329364, 0, 0, 235, 235, 14, 0.99%, 0, 0, 2, 6.98, 21, 118, 0
1771329369, 0, 92, 236, 235, 0, 0.99%, 0, 0, 3, 7.82, 21, 118, 0
1771329379, 0, 92, 237, 236, 0, 0.99%, 0, 0, 3, 5.15, 21, 118, 0
1771329384, 0, 92, 238, 237, 0, 0.99%, 0, 0, 3, 3.78, 21, 118, 0
1771329395, 0, 92, 239, 238, 0, 0.99%, 0, 0, 3, 3.60, 21, 119, 0
1771329410, 0, 92, 240, 239, 0, 0.99%, 0, 0, 3, 3.37, 21, 120, 0
1771329452, 0, 92, 241, 240, 0, 0.99%, 0, 0, 3, 3.53, 21, 120, 0
1771329478, 0, 92, 242, 241, 0, 0.99%, 0, 0, 3, 3.10, 21, 120, 0
1771329529, 0, 92, 243, 242, 0, 1.00%, 0, 0, 3, 3.58, 21, 120, 0
1771329534, 0, 92, 244, 243, 0, 1.00%, 0, 0, 3, 3.18, 21, 120, 0
1771329539, 0, 92, 245, 244, 0, 1.00%, 0, 0, 3, 3.15, 21, 121, 0
1771329550, 0, 92, 246, 245, 0, 1.00%, 0, 0, 3, 3.01, 21, 122, 0
1771329570, 0, 92, 247, 246, 0, 1.00%, 0, 0, 3, 5.76, 21, 122, 0
1771329575, 0, 92, 248, 247, 0, 1.00%, 0, 0, 3, 4.78, 21, 122, 0
1771329596, 0, 92, 249, 248, 0, 1.00%, 0, 0, 3, 5.72, 21, 122, 0
1771329601, 0, 92, 251, 250, 0, 1.00%, 0, 0, 3, 4.29, 21, 122, 0
1771329606, 0, 92, 252, 251, 0, 1.00%, 0, 0, 3, 4.78, 21, 122, 0
1771329611, 0, 92, 254, 253, 0, 1.00%, 0, 0, 3, 5.35, 21, 122, 0
1771329621, 0, 92, 255, 254, 0, 1.00%, 0, 0, 3, 5.18, 21, 122, 0
1771329636, 0, 92, 256, 255, 0, 1.00%, 0, 0, 3, 5.23, 21, 122, 0
1771329647, 0, 92, 257, 256, 0, 1.00%, 0, 0, 3, 5.22, 21, 122, 0
1771329673, 0, 92, 258, 257, 0, 1.00%, 0, 0, 3, 5.75, 21, 122, 0
1771329698, 0, 92, 259, 258, 0, 1.00%, 0, 0, 3, 5.33, 21, 122, 0
1771329709, 1, 0, 259, 257, 8, 1.00%, 0, 0, 3, 6.10, 21, 122, 0
1771329714, 1, 0, 260, 258, 8, 1.00%, 0, 0, 3, 9.91, 21, 122, 0
1771329724, 1, 0, 261, 259, 8, 1.00%, 0, 0, 3, 5.10, 21, 123, 0
1771329730, 1, 0, 262, 260, 8, 1.00%, 0, 0, 3, 4.61, 21, 123, 0
1771329740, 1, 0, 263, 261, 8, 1.00%, 0, 0, 3, 6.52, 21, 123, 0
1771329745, 1, 0, 264, 262, 8, 1.00%, 0, 0, 3, 4.58, 21, 123, 0
1771329750, 1, 0, 266, 264, 8, 1.00%, 0, 0, 3, 4.02, 21, 123, 0
1771329755, 1, 0, 267, 265, 8, 1.00%, 0, 0, 3, 3.95, 21, 123, 0
1771329771, 1, 0, 269, 267, 8, 1.00%, 0, 0, 3, 4.20, 21, 125, 0
1771329781, 1, 0, 270, 268, 8, 1.00%, 0, 0, 3, 4.53, 21, 125, 0
1771329812, 1, 0, 271, 269, 8, 1.01%, 0, 0, 3, 4.91, 21, 125, 0
1771329827, 1, 0, 272, 270, 8, 1.01%, 0, 0, 3, 4.21, 21, 125, 0
1771329832, 1, 0, 274, 272, 8, 1.01%, 0, 0, 3, 4.39, 21, 125, 0
1771329858, 1, 0, 275, 273, 8, 1.01%, 0, 0, 3, 4.93, 21, 125, 0
1771329868, 1, 0, 276, 274, 8, 1.01%, 0, 0, 3, 4.14, 21, 125, 0
1771329894, 1, 0, 277, 275, 8, 1.01%, 0, 0, 3, 5.47, 21, 126, 0
1771329905, 1, 0, 278, 276, 8, 1.01%, 0, 0, 3, 3.92, 21, 126, 0
1771329910, 1, 0, 279, 277, 8, 1.01%, 0, 0, 3, 3.47, 21, 126, 0
1771329931, 1, 0, 280, 278, 8, 1.01%, 0, 0, 3, 2.95, 21, 126, 0
1771329941, 1, 0, 281, 279, 8, 1.01%, 0, 0, 3, 3.87, 21, 126, 0
1771329951, 1, 0, 281, 279, 6, 1.01%, 0, 0, 3, 7.10, 21, 126, 0
1771329966, 1, 0, 282, 280, 6, 1.01%, 0, 0, 3, 4.72, 21, 126, 0
1771329972, 1, 0, 283, 281, 6, 1.01%, 0, 0, 3, 4.31, 21, 126, 0
1771329982, 1, 0, 284, 282, 6, 1.01%, 0, 0, 3, 3.83, 21, 127, 0
1771329987, 1, 0, 285, 283, 6, 1.01%, 0, 0, 3, 2.98, 21, 127, 0
1771329993, 1, 0, 286, 284, 6, 1.01%, 0, 0, 3, 2.60, 21, 127, 0
1771330003, 1, 0, 287, 285, 6, 1.01%, 0, 0, 3, 2.45, 21, 129, 0
1771330019, 1, 0, 288, 286, 6, 1.01%, 0, 0, 3, 2.70, 21, 129, 0
1771330024, 1, 0, 289, 287, 6, 1.01%, 0, 0, 3, 2.51, 21, 129, 0
1771330029, 1, 0, 290, 288, 6, 1.01%, 0, 0, 3, 2.52, 21, 129, 0
1771330039, 1, 0, 291, 289, 6, 1.01%, 0, 0, 3, 2.39, 21, 129, 0
1771330091, 1, 0, 292, 290, 6, 1.01%, 0, 0, 3, 2.52, 21, 129, 0
1771330112, 1, 0, 293, 291, 6, 1.01%, 0, 0, 3, 2.43, 21, 130, 0
1771330143, 1, 0, 294, 292, 6, 1.02%, 0, 0, 3, 2.44, 21, 130, 0
1771330153, 1, 0, 295, 293, 6, 1.02%, 0, 0, 3, 2.42, 21, 130, 0
1771330169, 1, 0, 296, 294, 6, 1.02%, 0, 0, 3, 2.53, 21, 130, 0
1771330190, 1, 0, 297, 295, 6, 1.02%, 0, 0, 3, 2.71, 21, 130, 0
1771330201, 1, 0, 298, 296, 6, 1.02%, 0, 0, 3, 2.65, 21, 130, 0
1771330242, 1, 0, 299, 297, 6, 1.02%, 0, 0, 3, 2.49, 21, 130, 0
1771330247, 1, 0, 300, 298, 6, 1.02%, 0, 0, 3, 2.40, 21, 130, 0
1771330252, 1, 0, 301, 299, 6, 1.03%, 0, 0, 3, 2.40, 22, 132, 0
1771330258, 1, 0, 302, 300, 6, 1.03%, 0, 0, 3, 2.42, 22, 133, 0
1771330283, 1, 0, 303, 301, 6, 1.03%, 0, 0, 3, 2.47, 22, 133, 0
1771330294, 1, 0, 304, 302, 6, 1.03%, 0, 0, 3, 2.51, 22, 133, 0
1771330310, 1, 0, 305, 303, 6, 1.03%, 0, 0, 3, 2.49, 22, 133, 0
1771330315, 1, 0, 306, 304, 6, 1.03%, 0, 0, 3, 2.63, 22, 134, 0
1771330351, 1, 0, 307, 305, 6, 1.03%, 0, 0, 3, 2.55, 22, 135, 0
1771330378, 1, 0, 308, 306, 6, 1.03%, 0, 0, 3, 2.49, 22, 135, 0
1771330409, 1, 0, 309, 307, 6, 1.03%, 0, 0, 3, 2.43, 22, 135, 0
1771330424, 1, 0, 310, 308, 6, 1.03%, 0, 0, 3, 2.64, 22, 135, 0
1771330435, 1, 0, 311, 309, 6, 1.03%, 0, 0, 3, 2.62, 22, 135, 0
1771330466, 1, 0, 312, 310, 6, 1.03%, 0, 0, 3, 2.39, 22, 137, 0
1771330497, 1, 0, 313, 311, 6, 1.03%, 0, 0, 3, 5.83, 22, 137, 0
1771330502, 1, 0, 314, 312, 6, 1.03%, 0, 0, 3, 5.09, 22, 138, 0
1771330507, 1, 0, 315, 313, 6, 1.03%, 0, 0, 3, 5.37, 22, 138, 0
1771330523, 1, 0, 316, 314, 6, 1.03%, 0, 0, 3, 4.37, 22, 138, 0
1771330539, 1, 0, 317, 315, 6, 1.03%, 0, 0, 3, 4.78, 22, 138, 0
1771330585, 1, 0, 318, 316, 6, 1.03%, 0, 0, 3, 5.65, 22, 138, 0
1771330616, 1, 0, 318, 316, 5, 1.03%, 0, 0, 3, 4.53, 22, 138, 0
1771330626, 1, 0, 319, 317, 5, 1.03%, 0, 0, 3, 4.55, 22, 138, 0
1771330637, 1, 0, 320, 318, 5, 1.03%, 0, 0, 3, 3.15, 22, 138, 0
1771330642, 1, 0, 321, 319, 5, 1.03%, 0, 0, 3, 2.79, 22, 138, 0
1771330658, 1, 0, 322, 320, 5, 1.03%, 0, 0, 3, 2.91, 22, 138, 0
1771330736, 1, 0, 323, 321, 5, 1.03%, 0, 0, 3, 2.56, 22, 138, 0
1771330773, 1, 0, 325, 323, 5, 1.03%, 0, 0, 3, 3.73, 22, 139, 0
1771330778, 1, 0, 326, 324, 5, 1.03%, 0, 0, 3, 2.96, 22, 139, 0
1771330788, 1, 0, 327, 325, 5, 1.03%, 0, 0, 3, 2.49, 22, 139, 0
1771330804, 1, 0, 328, 326, 5, 1.03%, 0, 0, 3, 2.71, 22, 139, 0
1771330814, 1, 0, 329, 327, 5, 1.03%, 0, 0, 3, 2.54, 22, 139, 0
1771330829, 1, 0, 330, 328, 5, 1.03%, 0, 0, 3, 2.41, 22, 139, 0
1771330845, 1, 0, 331, 329, 5, 1.03%, 0, 0, 3, 2.84, 22, 139, 0
1771330892, 1, 0, 332, 330, 5, 1.03%, 0, 0, 3, 2.60, 22, 140, 0
1771330970, 1, 0, 333, 331, 5, 1.03%, 0, 0, 3, 2.49, 22, 140, 0
1771330976, 1, 0, 334, 332, 5, 1.03%, 0, 0, 3, 2.57, 22, 140, 0
