1777003561, 21, 21, 1102, 1079, 38, 8.23%, 0, 0, 4, 5.60, 16, 129, 16, 380, 123632, 40995, 0, 0.136, 36, 1026, 0.987975, 1.000000, 198834, 0, 0, 1, 1, 0, 782, 27
1777003566, 21, 21, 1102, 1079, 38, 8.23%, 0, 0, 4, 5.70, 16, 129, 16, 380, 123632, 40995, 0, 0.136, 36, 1026, 0.987977, 1.000000, 198863, 0, 0, 1, 1, 0, 782, 27
1777003572, 21, 21, 1102, 1079, 38, 8.23%, 0, 0, 4, 6.69, 16, 129, 16, 380, 123632, 40995, 0, 0.136, 36, 1026, 0.987979, 1.000000, 198887, 0, 0, 1, 1, 0, 783, 27
1777003577, 21, 21, 1102, 1079, 38, 8.23%, 0, 0, 4, 6.09, 16, 129, 16, 380, 123632, 40995, 0, 0.136, 36, 1026, 0.987980, 1.000000, 198917, 0, 0, 1, 1, 0, 783, 27
1777003582, 21, 21, 1102, 1079, 38, 8.23%, 0, 0, 4, 7.22, 16, 129, 16, 380, 123632, 40995, 0, 0.136, 36, 1026, 0.987982, 1.000000, 198939, 0, 0, 1, 1, 0, 783, 27
1777003587, 21, 21, 1102, 1079, 38, 8.23%, 0, 0, 4, 6.24, 16, 129, 16, 380, 123632, 40995, 0, 0.136, 36, 1026, 0.987983, 1.000000, 198969, 0, 0, 1, 1, 0, 783, 27
1777003592, 21, 21, 1102, 1079, 38, 8.23%, 0, 0, 4, 5.88, 16, 129, 16, 380, 123632, 40995, 0, 0.136, 36, 1026, 0.987985, 1.000000, 198995, 0, 0, 1, 1, 0, 783, 27
1777003598, 21, 21, 1102, 1079, 38, 8.23%, 0, 0, 4, 5.39, 16, 129, 16, 380, 123632, 40995, 0, 0.136, 36, 1026, 0.987987, 1.000000, 199022, 0, 0, 1, 1, 0, 783, 27
1777003603, 21, 21, 1102, 1079, 38, 8.23%, 0, 0, 4, 5.88, 16, 129, 16, 380, 123632, 40995, 0, 0.136, 36, 1026, 0.987988, 1.000000, 199053, 0, 0, 1, 1, 0, 783, 27
1777003608, 21, 21, 1102, 1079, 38, 8.23%, 0, 0, 4, 8.65, 16, 129, 16, 380, 123632, 40995, 0, 0.136, 36, 1026, 0.987990, 1.000000, 199077, 0, 0, 1, 1, 0, 784, 27
1777003613, 21, 21, 1102, 1079, 38, 8.23%, 0, 0, 4, 6.78, 16, 129, 16, 380, 123632, 40995, 0, 0.136, 36, 1026, 0.987992, 1.000000, 199105, 0, 0, 1, 1, 0, 784, 27
1777003618, 21, 21, 1102, 1079, 38, 8.23%, 0, 0, 4, 4.89, 16, 129, 16, 380, 123632, 40995, 0, 0.136, 36, 1026, 0.987993, 1.000000, 199127, 0, 0, 1, 1, 0, 784, 27
1777003623, 21, 21, 1102, 1079, 38, 8.23%, 0, 0, 4, 5.40, 16, 129, 16, 380, 123632, 40995, 0, 0.136, 36, 1026, 0.987995, 1.000000, 199155, 0, 0, 1, 1, 0, 784, 27
1777003629, 21, 21, 1102, 1079, 38, 8.23%, 0, 0, 4, 5.68, 16, 129, 16, 380, 123632, 40995, 0, 0.136, 36, 1026, 0.987996, 1.000000, 199182, 0, 0, 1, 1, 0, 784, 27
1777003634, 21, 21, 1102, 1079, 38, 8.23%, 0, 0, 4, 5.85, 16, 129, 16, 380, 123632, 40995, 0, 0.136, 36, 1026, 0.987998, 1.000000, 199211, 0, 0, 1, 1, 0, 784, 27
1777003639, 21, 21, 1103, 1080, 38, 8.24%, 0, 0, 4, 5.53, 16, 129, 16, 380, 123632, 40995, 0, 0.136, 36, 1026, 0.987999, 1.000000, 199229, 0, 0, 1, 1, 0, 784, 27
1777003644, 21, 21, 1103, 1080, 38, 8.24%, 0, 0, 4, 5.73, 16, 129, 16, 380, 123632, 40995, 0, 0.136, 36, 1026, 0.988001, 1.000000, 199259, 0, 0, 1, 1, 0, 784, 27
1777003649, 21, 21, 1103, 1080, 38, 8.24%, 0, 0, 4, 3.17, 16, 129, 16, 380, 123632, 40995, 0, 0.136, 36, 1028, 0.988002, 1.000000, 199283, 0, 0, 1, 1, 0, 784, 27
1777003655, 21, 21, 1103, 1080, 38, 8.24%, 0, 0, 4, 4.72, 16, 129, 16, 380, 123632, 40995, 0, 0.136, 36, 1028, 0.988004, 1.000000, 199313, 0, 0, 1, 1, 0, 784, 27
1777003660, 21, 21, 1103, 1080, 38, 8.24%, 0, 0, 4, 5.55, 16, 129, 16, 380, 123632, 40995, 0, 0.136, 36, 1028, 0.988005, 1.000000, 199335, 0, 0, 1, 1, 0, 784, 27
1777003666, 21, 21, 1103, 1080, 38, 8.24%, 0, 0, 4, 5.38, 16, 129, 16, 380, 123632, 40995, 0, 0.136, 36, 1028, 0.988007, 1.000000, 199364, 0, 0, 1, 1, 0, 784, 27
1777003671, 21, 21, 1103, 1080, 38, 8.24%, 0, 0, 4, 5.63, 16, 129, 16, 380, 123632, 40995, 0, 0.136, 36, 1028, 0.988009, 1.000000, 199393, 0, 0, 1, 1, 0, 784, 27
1777003676, 21, 21, 1103, 1080, 38, 8.24%, 0, 0, 4, 5.29, 16, 129, 16, 380, 123632, 40995, 0, 0.136, 36, 1028, 0.988010, 1.000000, 199419, 0, 0, 1, 1, 0, 784, 27
1777003681, 21, 21, 1103, 1080, 38, 8.24%, 0, 0, 4, 5.39, 16, 129, 16, 380, 123632, 40995, 0, 0.136, 36, 1028, 0.988012, 1.000000, 199447, 0, 0, 1, 1, 0, 785, 27
1777003686, 21, 21, 1103, 1080, 38, 8.24%, 0, 0, 4, 5.20, 16, 129, 16, 380, 123632, 40995, 0, 0.136, 36, 1028, 0.988013, 1.000000, 199471, 0, 0, 1, 1, 0, 785, 27
1777003691, 21, 21, 1103, 1080, 38, 8.24%, 0, 0, 4, 5.50, 16, 129, 16, 380, 123632, 40995, 0, 0.136, 36, 1028, 0.988015, 1.000000, 199501, 0, 0, 1, 1, 0, 785, 27
1777003697, 21, 21, 1103, 1080, 38, 8.24%, 0, 0, 4, 5.99, 16, 129, 16, 380, 123632, 40995, 0, 0.136, 36, 1028, 0.988016, 1.000000, 199523, 0, 0, 1, 1, 0, 785, 27
1777003702, 21, 21, 1103, 1080, 38, 8.24%, 0, 0, 4, 5.99, 16, 129, 16, 380, 123632, 40995, 0, 0.136, 36, 1028, 0.988018, 1.000000, 199553, 0, 0, 1, 1, 0, 785, 27
1777003707, 21, 21, 1103, 1080, 38, 8.24%, 0, 0, 4, 5.67, 16, 129, 16, 380, 123632, 40995, 0, 0.136, 36, 1028, 0.988020, 1.000000, 199579, 0, 0, 1, 1, 0, 785, 27
1777003712, 21, 21, 1103, 1080, 38, 8.24%, 0, 0, 4, 5.68, 16, 129, 16, 380, 123632, 40995, 0, 0.136, 36, 1028, 0.988022, 1.000000, 199609, 0, 0, 1, 1, 0, 785, 27
1777003717, 21, 21, 1103, 1080, 38, 8.24%, 0, 0, 4, 5.84, 16, 129, 16, 380, 123632, 40995, 0, 0.136, 36, 1028, 0.988023, 1.000000, 199637, 0, 0, 1, 1, 0, 786, 27
1777003723, 21, 21, 1103, 1080, 38, 8.24%, 0, 0, 4, 1.10, 16, 129, 16, 380, 123632, 40995, 0, 0.136, 36, 1028, 0.988025, 1.000000, 199664, 0, 0, 1, 1, 0, 786, 27
1777003728, 21, 21, 1103, 1080, 38, 8.24%, 0, 0, 4, 5.81, 16, 129, 16, 380, 123632, 40995, 0, 0.136, 36, 1028, 0.988027, 1.000000, 199693, 0, 0, 1, 1, 0, 786, 27
1777003733, 21, 21, 1103, 1080, 38, 8.24%, 0, 0, 4, 4.78, 16, 129, 16, 380, 123632, 40995, 0, 0.136, 36, 1028, 0.988028, 1.000000, 199715, 0, 0, 1, 1, 0, 786, 27
1777003738, 21, 21, 1103, 1080, 38, 8.24%, 0, 0, 4, 5.23, 16, 129, 16, 380, 123632, 40995, 0, 0.136, 36, 1028, 0.988029, 1.000000, 199743, 0, 0, 1, 1, 0, 786, 27
1777003743, 21, 21, 1103, 1080, 38, 8.24%, 0, 0, 4, 5.25, 16, 129, 16, 380, 123632, 40995, 0, 0.137, 36, 1029, 0.988031, 1.000000, 199768, 0, 0, 1, 1, 0, 786, 27
1777003749, 21, 21, 1103, 1080, 38, 8.24%, 0, 0, 4, 5.64, 16, 129, 16, 380, 123632, 40995, 0, 0.137, 36, 1029, 0.988033, 1.000000, 199797, 0, 0, 1, 1, 0, 786, 27
1777003754, 21, 21, 1103, 1080, 38, 8.24%, 0, 0, 4, 5.48, 16, 129, 16, 380, 123632, 40995, 0, 0.137, 36, 1029, 0.988034, 1.000000, 199823, 0, 0, 1, 1, 0, 787, 27
1777003759, 21, 21, 1103, 1080, 38, 8.24%, 0, 0, 4, 5.56, 16, 129, 16, 380, 123632, 40995, 0, 0.137, 36, 1029, 0.988036, 1.000000, 199851, 0, 0, 1, 1, 0, 787, 27
1777003764, 21, 21, 1103, 1080, 38, 8.24%, 0, 0, 4, 5.35, 16, 129, 16, 380, 123632, 40995, 0, 0.137, 36, 1029, 0.988037, 1.000000, 199875, 0, 0, 1, 1, 0, 787, 27
1777003769, 21, 21, 1103, 1080, 38, 8.24%, 0, 0, 4, 5.44, 16, 129, 16, 380, 123632, 40995, 0, 0.137, 36, 1029, 0.988039, 1.000000, 199903, 0, 0, 1, 1, 0, 787, 27
1777003774, 21, 21, 1103, 1080, 38, 8.24%, 0, 0, 4, 4.89, 16, 129, 16, 380, 123632, 40995, 0, 0.137, 36, 1029, 0.988040, 1.000000, 199925, 0, 0, 1, 1, 0, 787, 27
1777003779, 21, 21, 1103, 1080, 38, 8.24%, 0, 0, 4, 5.69, 16, 129, 16, 380, 123632, 40995, 0, 0.137, 36, 1029, 0.988042, 1.000000, 199955, 0, 0, 1, 1, 0, 787, 27
1777003784, 21, 21, 1103, 1080, 38, 8.24%, 0, 0, 4, 5.51, 16, 129, 16, 380, 123632, 40995, 0, 0.137, 36, 1029, 0.988044, 1.000000, 199981, 0, 0, 1, 1, 0, 787, 27
1777003790, 21, 21, 1103, 1080, 38, 8.24%, 0, 0, 4, 5.50, 16, 129, 16, 380, 123632, 40995, 0, 0.137, 36, 1029, 0.988045, 1.000000, 200009, 0, 0, 1, 1, 0, 787, 27
1777003795, 21, 21, 1103, 1080, 38, 8.24%, 0, 0, 4, 5.65, 16, 129, 16, 380, 123632, 40995, 0, 0.137, 36, 1029, 0.988047, 1.000000, 200035, 0, 0, 1, 1, 0, 788, 27
1777003800, 21, 21, 1103, 1080, 38, 8.24%, 0, 0, 4, 1.12, 16, 129, 16, 380, 123632, 40995, 0, 0.137, 36, 1029, 0.988048, 1.000000, 200064, 0, 0, 1, 1, 0, 788, 27
1777003805, 21, 21, 1103, 1080, 38, 8.24%, 0, 0, 4, 4.06, 16, 129, 16, 380, 123632, 40995, 0, 0.137, 36, 1029, 0.988050, 1.000000, 200093, 0, 0, 1, 1, 0, 788, 27
1777003811, 21, 21, 1103, 1080, 38, 8.24%, 0, 0, 4, 0.65, 16, 129, 16, 380, 123632, 40995, 0, 0.137, 36, 1029, 0.988051, 1.000000, 200114, 0, 0, 1, 1, 0, 788, 27
1777003816, 21, 21, 1103, 1080, 38, 8.24%, 0, 0, 4, 5.52, 16, 129, 16, 380, 123632, 40995, 0, 0.137, 36, 1029, 0.988053, 1.000000, 200143, 0, 0, 1, 1, 0, 788, 27
1777003821, 21, 21, 1103, 1080, 38, 8.24%, 0, 0, 4, 5.18, 16, 129, 16, 380, 123632, 40995, 0, 0.137, 36, 1029, 0.988055, 1.000000, 200167, 0, 0, 1, 1, 0, 788, 27
1777003826, 21, 21, 1103, 1080, 38, 8.24%, 0, 0, 4, 5.51, 16, 129, 16, 380, 123632, 40995, 0, 0.137, 36, 1029, 0.988056, 1.000000, 200195, 0, 0, 1, 1, 0, 788, 27
1777003831, 21, 21, 1103, 1080, 38, 8.24%, 0, 0, 4, 5.36, 16, 129, 16, 380, 123632, 40995, 0, 0.137, 36, 1029, 0.988058, 1.000000, 200221, 0, 0, 1, 1, 0, 788, 27
1777003837, 21, 21, 1103, 1080, 38, 8.24%, 0, 0, 4, 5.52, 16, 129, 16, 380, 123632, 40995, 0, 0.137, 36, 1029, 0.988059, 1.000000, 200251, 0, 0, 1, 1, 0, 789, 27
1777003842, 21, 21, 1103, 1080, 38, 8.24%, 0, 0, 4, 6.06, 16, 129, 16, 380, 123632, 40995, 0, 0.137, 36, 1032, 0.988061, 1.000000, 200275, 0, 0, 1, 1, 0, 789, 27
1777003847, 21, 21, 1103, 1080, 38, 8.24%, 0, 0, 4, 5.85, 16, 129, 16, 380, 123632, 40995, 0, 0.137, 36, 1032, 0.988063, 1.000000, 200305, 0, 0, 1, 1, 0, 789, 27
1777003852, 21, 21, 1103, 1080, 38, 8.24%, 0, 0, 4, 5.03, 16, 129, 16, 380, 123632, 40995, 0, 0.137, 36, 1032, 0.988064, 1.000000, 200327, 0, 0, 1, 1, 0, 789, 27
1777003857, 21, 21, 1103, 1080, 38, 8.24%, 0, 0, 4, 5.41, 16, 129, 16, 380, 123632, 40995, 0, 0.137, 36, 1032, 0.988066, 1.000000, 200357, 0, 0, 1, 1, 0, 789, 27
1777003862, 21, 21, 1103, 1080, 38, 8.24%, 0, 0, 4, 5.53, 16, 129, 16, 380, 123632, 40995, 0, 0.137, 36, 1032, 0.988067, 1.000000, 200383, 0, 0, 1, 1, 0, 789, 27
1777003868, 21, 21, 1103, 1080, 38, 8.24%, 0, 0, 4, 5.54, 16, 129, 16, 380, 123632, 40995, 0, 0.137, 36, 1032, 0.988069, 1.000000, 200411, 0, 0, 1, 1, 0, 789, 27
1777003873, 21, 21, 1103, 1080, 38, 8.24%, 0, 0, 4, 5.32, 16, 129, 16, 380, 123632, 40995, 0, 0.137, 36, 1032, 0.988070, 1.000000, 200437, 0, 0, 1, 1, 0, 790, 27
1777003879, 21, 21, 1103, 1080, 38, 8.24%, 0, 0, 4, 5.12, 16, 129, 16, 380, 123632, 40995, 0, 0.137, 36, 1032, 0.988072, 1.000000, 200464, 0, 0, 1, 1, 0, 790, 27
1777003884, 21, 21, 1103, 1080, 38, 8.24%, 0, 0, 4, 5.69, 16, 129, 16, 380, 123632, 40995, 0, 0.137, 36, 1032, 0.988074, 1.000000, 200494, 0, 0, 1, 1, 0, 790, 27
1777003889, 21, 21, 1103, 1080, 38, 8.24%, 0, 0, 4, 5.39, 16, 129, 16, 380, 123632, 40995, 0, 0.137, 36, 1032, 0.988075, 1.000000, 200516, 0, 0, 1, 1, 0, 790, 27
1777003894, 21, 21, 1103, 1080, 38, 8.24%, 0, 0, 4, 5.73, 16, 129, 16, 380, 123632, 40995, 0, 0.137, 36, 1032, 0.988077, 1.000000, 200545, 0, 0, 1, 1, 0, 790, 27
1777003899, 21, 21, 1104, 1081, 38, 8.24%, 0, 0, 4, 5.34, 16, 129, 16, 380, 123632, 40995, 0, 0.137, 36, 1032, 0.988078, 0.713711, 200564, 0, 0, 1, 1, 0, 790, 27
1777003904, 21, 21, 1104, 1081, 38, 8.24%, 0, 0, 4, 5.53, 16, 129, 16, 380, 123632, 40995, 0, 0.137, 36, 1032, 0.988079, 1.000000, 200591, 0, 0, 1, 1, 0, 790, 27
1777003909, 21, 21, 1104, 1081, 38, 8.24%, 0, 0, 4, 5.65, 16, 129, 16, 380, 123632, 40995, 0, 0.137, 36, 1032, 0.988081, 1.000000, 200618, 0, 0, 1, 1, 0, 790, 27
1777003915, 21, 21, 1104, 1081, 38, 8.24%, 0, 0, 4, 5.73, 16, 129, 16, 380, 123632, 40995, 0, 0.137, 36, 1032, 0.988083, 1.000000, 200647, 0, 0, 1, 1, 0, 790, 27
1777003920, 21, 21, 1104, 1081, 38, 8.24%, 0, 0, 4, 2.85, 16, 129, 16, 380, 123632, 40995, 0, 0.137, 36, 1032, 0.988084, 1.000000, 200671, 0, 0, 1, 1, 0, 790, 27
1777003925, 21, 21, 1104, 1081, 38, 8.24%, 0, 0, 4, 4.48, 16, 129, 16, 380, 123632, 40995, 0, 0.137, 36, 1032, 0.988086, 1.000000, 200699, 0, 0, 1, 1, 0, 790, 27
1777003930, 21, 21, 1104, 1081, 38, 8.24%, 0, 0, 4, 5.63, 16, 129, 16, 380, 123632, 40995, 0, 0.137, 36, 1032, 0.988087, 1.000000, 200721, 0, 0, 1, 1, 0, 790, 27
1777003935, 21, 21, 1104, 1081, 38, 8.24%, 0, 0, 4, 5.64, 16, 129, 16, 380, 123632, 40995, 0, 0.137, 36, 1032, 0.988089, 1.000000, 200749, 0, 0, 1, 1, 0, 790, 27
1777003940, 21, 21, 1105, 1082, 38, 8.24%, 0, 0, 4, 5.47, 16, 129, 16, 380, 123632, 40995, 0, 0.137, 36, 1032, 0.988090, 1.000000, 200767, 0, 0, 1, 1, 0, 790, 27
1777003946, 21, 21, 1105, 1082, 38, 8.24%, 0, 0, 4, 5.60, 16, 129, 16, 380, 123632, 40995, 0, 0.137, 36, 1032, 0.988092, 1.000000, 200797, 0, 0, 1, 1, 0, 790, 27
1777003951, 21, 21, 1105, 1082, 38, 8.24%, 0, 0, 4, 5.35, 16, 129, 16, 380, 123632, 40995, 0, 0.137, 36, 1032, 0.988093, 1.000000, 200821, 0, 0, 1, 1, 0, 790, 27
1777003956, 21, 21, 1105, 1082, 38, 8.24%, 0, 0, 4, 1.12, 16, 129, 16, 380, 123632, 40995, 0, 0.137, 36, 1032, 0.988095, 1.000000, 200848, 0, 0, 1, 1, 0, 790, 27
1777003961, 21, 21, 1105, 1082, 38, 8.24%, 0, 0, 4, 5.69, 16, 129, 16, 380, 123632, 40995, 0, 0.137, 36, 1032, 0.988096, 1.000000, 200877, 0, 0, 1, 1, 0, 790, 27
1777003966, 21, 21, 1105, 1082, 38, 8.24%, 0, 0, 4, 0.66, 16, 129, 16, 380, 123632, 40995, 0, 0.137, 36, 1032, 0.988097, 1.000000, 200898, 0, 0, 1, 1, 0, 790, 27
1777003971, 21, 21, 1106, 1083, 38, 8.24%, 0, 0, 4, 4.99, 16, 129, 16, 380, 123632, 40995, 0, 0.137, 36, 1032, 0.988099, 1.000000, 200919, 0, 0, 1, 1, 0, 790, 27
1777003977, 21, 21, 1106, 1083, 38, 8.24%, 0, 0, 4, 5.16, 16, 129, 16, 380, 123632, 40995, 0, 0.137, 36, 1032, 0.988100, 1.000000, 200945, 0, 0, 1, 1, 0, 790, 27
1777003982, 21, 21, 1106, 1083, 38, 8.24%, 0, 0, 4, 5.42, 16, 129, 16, 380, 123632, 40995, 0, 0.137, 36, 1032, 0.988102, 1.000000, 200974, 0, 0, 1, 1, 0, 790, 27
1777003987, 21, 21, 1106, 1083, 38, 8.24%, 0, 0, 4, 5.26, 16, 129, 16, 380, 123632, 40995, 0, 0.137, 36, 1032, 0.988103, 1.000000, 200999, 0, 0, 1, 1, 0, 790, 27
1777003992, 21, 21, 1106, 1083, 38, 8.24%, 0, 0, 4, 5.45, 16, 129, 16, 380, 123632, 40995, 0, 0.137, 36, 1032, 0.988105, 1.000000, 201027, 0, 0, 1, 1, 0, 790, 27
1777003997, 21, 21, 1106, 1083, 38, 8.24%, 0, 0, 4, 5.44, 16, 129, 16, 380, 123632, 40995, 0, 0.137, 36, 1032, 0.988106, 1.000000, 201051, 0, 0, 1, 1, 0, 790, 27
1777004002, 21, 21, 1106, 1083, 38, 8.24%, 0, 0, 4, 5.45, 16, 129, 16, 380, 123632, 40995, 0, 0.137, 36, 1032, 0.988108, 1.000000, 201079, 0, 0, 1, 1, 0, 790, 27
1777004008, 21, 21, 1106, 1083, 38, 8.24%, 0, 0, 4, 5.44, 16, 129, 16, 380, 123632, 40995, 0, 0.137, 36, 1032, 0.988109, 1.000000, 201101, 0, 0, 1, 1, 0, 790, 27
1777004013, 21, 21, 1106, 1083, 38, 8.24%, 0, 0, 4, 5.58, 16, 129, 16, 380, 123632, 40995, 0, 0.137, 36, 1032, 0.988111, 1.000000, 201131, 0, 0, 1, 1, 0, 791, 27
1777004018, 21, 21, 1106, 1083, 38, 8.24%, 0, 0, 4, 5.33, 16, 129, 16, 380, 123632, 40995, 0, 0.137, 36, 1032, 0.988112, 1.000000, 201155, 0, 0, 1, 1, 0, 791, 27
1777004023, 21, 21, 1106, 1083, 38, 8.24%, 0, 0, 4, 5.55, 16, 129, 16, 380, 123632, 40995, 0, 0.137, 36, 1032, 0.988114, 1.000000, 201185, 0, 0, 1, 1, 0, 791, 27
1777004028, 21, 21, 1106, 1083, 38, 8.24%, 0, 0, 4, 5.42, 16, 129, 16, 380, 123632, 40995, 0, 0.137, 36, 1032, 0.988116, 1.000000, 201211, 0, 0, 1, 1, 0, 791, 27
1777004033, 21, 21, 1106, 1083, 38, 8.24%, 0, 0, 4, 5.56, 16, 129, 16, 380, 123632, 40995, 0, 0.137, 36, 1032, 0.988117, 1.000000, 201239, 0, 0, 1, 1, 0, 791, 27
1777004038, 21, 21, 1106, 1083, 38, 8.24%, 0, 0, 4, 5.70, 16, 129, 16, 380, 123632, 40995, 0, 0.137, 36, 1033, 0.988119, 1.000000, 201263, 0, 0, 1, 1, 0, 791, 27
1777004045, 21, 21, 1106, 1083, 38, 8.24%, 0, 0, 4, 0.65, 16, 129, 16, 380, 123632, 40995, 0, 0.137, 36, 1033, 0.988120, 1.000000, 201290, 0, 0, 1, 1, 0, 791, 27
1777004050, 21, 21, 1106, 1083, 38, 8.24%, 0, 0, 4, 5.68, 16, 129, 16, 380, 123632, 40995, 0, 0.137, 36, 1033, 0.988122, 1.000000, 201319, 0, 0, 1, 1, 0, 792, 27
1777004055, 21, 21, 1106, 1083, 38, 8.24%, 0, 0, 4, 5.35, 16, 129, 16, 380, 123632, 40995, 0, 0.137, 36, 1033, 0.988124, 1.000000, 201345, 0, 0, 1, 1, 0, 792, 27
1777004060, 21, 21, 1106, 1083, 38, 8.24%, 0, 0, 4, 5.51, 16, 129, 16, 380, 123632, 40995, 0, 0.137, 36, 1033, 0.988125, 1.000000, 201373, 0, 0, 1, 1, 0, 792, 27
1777004065, 21, 21, 1106, 1083, 38, 8.24%, 0, 0, 4, 5.35, 16, 129, 16, 380, 123632, 40995, 0, 0.137, 36, 1033, 0.988127, 1.000000, 201399, 0, 0, 1, 1, 0, 792, 27
1777004070, 21, 21, 1106, 1083, 38, 8.24%, 0, 0, 4, 5.48, 16, 129, 16, 380, 123632, 40995, 0, 0.137, 36, 1033, 0.988128, 1.000000, 201427, 0, 0, 1, 1, 0, 792, 27
1777004076, 21, 21, 1107, 1084, 38, 8.24%, 0, 0, 4, 5.28, 16, 129, 16, 380, 123632, 40995, 0, 0.137, 36, 1033, 0.988129, 1.000000, 201443, 0, 0, 1, 1, 0, 792, 27
1777004081, 21, 21, 1107, 1084, 38, 8.24%, 0, 0, 4, 5.43, 16, 129, 16, 380, 123632, 40995, 0, 0.137, 36, 1033, 0.988131, 1.000000, 201471, 0, 0, 1, 1, 0, 792, 27
1777004086, 21, 21, 1107, 1084, 38, 8.24%, 0, 0, 4, 6.33, 16, 129, 16, 380, 123632, 40995, 0, 0.137, 36, 1033, 0.988132, 1.000000, 201493, 0, 0, 1, 1, 0, 792, 27
1777004091, 21, 21, 1107, 1084, 38, 8.24%, 0, 0, 4, 5.95, 16, 129, 16, 380, 123632, 40995, 0, 0.137, 36, 1033, 0.988134, 1.000000, 201521, 0, 0, 1, 1, 0, 792, 27
1777004096, 21, 21, 1107, 1084, 38, 8.24%, 0, 0, 4, 5.65, 16, 129, 16, 380, 123632, 40995, 0, 0.137, 36, 1033, 0.988135, 1.000000, 201547, 0, 0, 1, 1, 0, 792, 27
1777004101, 21, 21, 1107, 1084, 38, 8.24%, 0, 0, 4, 5.66, 16, 129, 16, 380, 123632, 40995, 0, 0.137, 36, 1033, 0.988137, 1.000000, 201575, 0, 0, 1, 1, 0, 792, 27
1777004106, 21, 21, 1107, 1084, 38, 8.24%, 0, 0, 4, 5.48, 16, 129, 16, 380, 123632, 40995, 0, 0.137, 36, 1033, 0.988138, 1.000000, 201601, 0, 0, 1, 1, 0, 792, 27
1777004111, 21, 21, 1107, 1084, 38, 8.24%, 0, 0, 4, 5.45, 16, 129, 16, 380, 123632, 40995, 0, 0.137, 36, 1033, 0.988140, 1.000000, 201629, 0, 0, 1, 1, 0, 792, 27
1777004117, 21, 21, 1107, 1084, 38, 8.24%, 0, 0, 4, 5.33, 16, 129, 16, 380, 123632, 40995, 0, 0.137, 36, 1033, 0.988141, 1.000000, 201653, 0, 0, 1, 1, 0, 793, 27
1777004123, 21, 21, 1107, 1084, 38, 8.24%, 0, 0, 4, 0.67, 16, 129, 16, 380, 123632, 40995, 0, 0.137, 36, 1033, 0.988143, 1.000000, 201682, 0, 0, 1, 1, 0, 793, 27
1777004128, 21, 21, 1107, 1084, 38, 8.24%, 0, 0, 4, 5.79, 16, 129, 16, 380, 123632, 40995, 0, 0.137, 36, 1033, 0.988145, 1.000000, 201711, 0, 0, 1, 1, 0, 793, 27
1777004133, 21, 21, 1107, 1084, 38, 8.24%, 0, 0, 4, 5.46, 16, 129, 16, 380, 123632, 40995, 0, 0.137, 36, 1040, 0.988146, 1.000000, 201736, 0, 0, 1, 1, 0, 793, 27
1777004138, 21, 21, 1107, 1084, 38, 8.24%, 0, 0, 4, 5.75, 16, 129, 16, 380, 123632, 40995, 0, 0.137, 36, 1040, 0.988148, 1.000000, 201765, 0, 0, 1, 1, 0, 793, 27
1777004143, 21, 21, 1107, 1084, 38, 8.24%, 0, 0, 4, 5.49, 16, 129, 16, 380, 123632, 40995, 0, 0.137, 36, 1040, 0.988150, 1.000000, 201791, 0, 0, 1, 1, 0, 793, 27
1777004148, 21, 21, 1107, 1084, 38, 8.24%, 0, 0, 4, 5.55, 16, 129, 16, 380, 123632, 40995, 0, 0.137, 36, 1040, 0.988151, 1.000000, 201819, 0, 0, 1, 1, 0, 793, 27
1777004153, 21, 21, 1107, 1084, 38, 8.24%, 0, 0, 4, 3.03, 16, 129, 16, 380, 123632, 40995, 0, 0.137, 36, 1040, 0.988153, 1.000000, 201847, 0, 0, 1, 1, 0, 794, 27
1777004159, 21, 21, 1107, 1084, 38, 8.24%, 0, 0, 4, 4.75, 16, 129, 16, 380, 123632, 40995, 0, 0.137, 36, 1040, 0.988155, 1.000000, 201877, 0, 0, 1, 1, 0, 794, 27
1777004164, 21, 21, 1107, 1084, 38, 8.24%, 0, 0, 4, 5.62, 16, 129, 16, 380, 123632, 40995, 0, 0.137, 36, 1040, 0.988156, 1.000000, 201897, 0, 0, 1, 1, 0, 794, 27
1777004169, 21, 21, 1107, 1084, 38, 8.24%, 0, 0, 4, 5.68, 16, 129, 16, 380, 123632, 40995, 0, 0.137, 36, 1040, 0.988157, 1.000000, 201925, 0, 0, 1, 1, 0, 794, 27
1777004174, 21, 37, 1107, 1084, 21, 8.24%, 0, 0, 4, 5.40, 16, 129, 16, 380, 123632, 40995, 0, 0.137, 36, 1040, 0.988159, 1.000000, 201950, 0, 0, 1, 1, 0, 794, 27
1777004179, 21, 37, 1107, 1084, 21, 8.24%, 0, 0, 4, 5.54, 16, 129, 16, 380, 123632, 40995, 0, 0.137, 36, 1040, 0.988160, 1.000000, 201979, 0, 0, 1, 1, 0, 794, 27
1777004184, 21, 37, 1107, 1084, 21, 8.24%, 0, 0, 4, 5.43, 16, 129, 16, 380, 123632, 40995, 0, 0.137, 36, 1040, 0.988162, 1.000000, 202005, 0, 0, 1, 1, 0, 794, 27
1777004190, 21, 37, 1107, 1084, 21, 8.24%, 0, 0, 4, 5.30, 16, 129, 16, 380, 123632, 40995, 0, 0.137, 36, 1040, 0.988163, 1.000000, 202032, 0, 0, 1, 1, 0, 795, 27
1777004195, 21, 37, 1107, 1084, 21, 8.24%, 0, 0, 4, 5.45, 16, 129, 16, 380, 123632, 40995, 0, 0.137, 36, 1040, 0.988165, 1.000000, 202061, 0, 0, 1, 1, 0, 795, 27
1777004200, 21, 37, 1107, 1084, 21, 8.24%, 0, 0, 4, 0.65, 16, 129, 16, 380, 123632, 40995, 0, 0.137, 36, 1040, 0.988166, 1.000000, 202082, 0, 0, 1, 1, 0, 795, 27
1777004205, 21, 37, 1107, 1084, 21, 8.24%, 0, 0, 4, 5.38, 16, 129, 16, 380, 123632, 40995, 0, 0.137, 36, 1040, 0.988168, 1.000000, 202110, 0, 0, 1, 1, 0, 795, 27
1777004211, 21, 37, 1107, 1084, 21, 8.24%, 0, 0, 4, 5.17, 16, 129, 16, 380, 123632, 40995, 0, 0.137, 36, 1040, 0.988169, 1.000000, 202134, 0, 0, 1, 1, 0, 795, 27
1777004216, 21, 37, 1107, 1084, 21, 8.24%, 0, 0, 4, 5.49, 16, 129, 16, 380, 123632, 40995, 0, 0.137, 36, 1040, 0.988171, 1.000000, 202164, 0, 0, 1, 1, 0, 795, 27
1777004221, 21, 37, 1108, 1085, 21, 8.24%, 0, 0, 4, 5.59, 16, 129, 16, 380, 123632, 40995, 0, 0.137, 36, 1040, 0.988172, 0.664465, 202182, 0, 0, 1, 1, 0, 795, 27
1777004226, 21, 37, 1108, 1085, 21, 8.24%, 0, 0, 4, 5.66, 16, 129, 16, 380, 123632, 40995, 0, 0.137, 36, 1040, 0.988174, 1.000000, 202212, 0, 0, 1, 1, 0, 795, 27
1777004231, 21, 37, 1108, 1085, 21, 8.24%, 0, 0, 4, 5.35, 16, 129, 16, 380, 123632, 40995, 0, 0.137, 36, 1045, 0.988175, 1.000000, 202236, 0, 0, 1, 1, 0, 795, 27
1777004237, 21, 37, 1108, 1085, 21, 8.24%, 0, 0, 4, 5.51, 16, 129, 16, 380, 123632, 40995, 0, 0.137, 36, 1045, 0.988177, 1.000000, 202265, 0, 0, 1, 1, 0, 795, 27
1777004242, 21, 37, 1108, 1085, 21, 8.24%, 0, 0, 4, 5.85, 16, 129, 16, 380, 123632, 40995, 0, 0.137, 36, 1045, 0.988178, 1.000000, 202287, 0, 0, 1, 1, 0, 795, 27
1777004247, 21, 37, 1109, 1086, 21, 8.25%, 0, 0, 4, 5.90, 16, 129, 16, 380, 123632, 40995, 0, 0.137, 36, 1045, 0.988179, 1.000000, 202308, 0, 0, 1, 1, 0, 795, 27
1777004252, 21, 37, 1109, 1086, 21, 8.25%, 0, 0, 4, 5.53, 16, 129, 16, 380, 123632, 40995, 0, 0.137, 36, 1045, 0.988181, 1.000000, 202334, 0, 0, 1, 1, 0, 795, 27
1777004257, 21, 37, 1109, 1086, 21, 8.25%, 0, 0, 4, 5.95, 16, 129, 16, 380, 123632, 40995, 0, 0.137, 36, 1045, 0.988183, 1.000000, 202365, 0, 0, 1, 1, 0, 795, 27
1777004262, 21, 37, 1109, 1086, 21, 8.25%, 0, 0, 4, 5.76, 16, 129, 16, 380, 123632, 40995, 0, 0.137, 36, 1045, 0.988184, 1.000000, 202390, 0, 0, 1, 1, 0, 795, 27
1777004268, 21, 37, 1109, 1086, 21, 8.25%, 0, 0, 4, 5.39, 16, 129, 16, 380, 123632, 40995, 0, 0.137, 36, 1045, 0.988186, 1.000000, 202416, 0, 0, 1, 1, 0, 795, 27
1777004273, 21, 37, 1109, 1086, 21, 8.25%, 0, 0, 4, 5.48, 16, 129, 16, 380, 123632, 40995, 0, 0.137, 36, 1045, 0.988187, 1.000000, 202444, 0, 0, 1, 1, 0, 795, 27
1777004278, 21, 37, 1109, 1086, 21, 8.25%, 0, 0, 4, 0.64, 16, 129, 16, 380, 123632, 40995, 0, 0.137, 36, 1045, 0.988189, 1.000000, 202466, 0, 0, 1, 1, 0, 795, 27
1777004283, 21, 37, 1109, 1086, 21, 8.25%, 0, 0, 4, 5.69, 16, 129, 16, 380, 123632, 40995, 0, 0.137, 36, 1045, 0.988190, 1.000000, 202495, 0, 0, 1, 1, 0, 796, 27
1777004288, 21, 37, 1109, 1086, 21, 8.25%, 0, 0, 4, 5.46, 16, 129, 16, 380, 123632, 40995, 0, 0.137, 36, 1045, 0.988192, 1.000000, 202521, 0, 0, 1, 1, 0, 796, 27
1777004293, 21, 37, 1109, 1086, 21, 8.25%, 0, 0, 4, 6.00, 16, 129, 16, 380, 123632, 40995, 0, 0.137, 36, 1045, 0.988193, 1.000000, 202551, 0, 0, 1, 1, 0, 796, 27
1777004299, 21, 37, 1109, 1086, 21, 8.25%, 0, 0, 4, 5.54, 16, 129, 16, 380, 123632, 40995, 0, 0.137, 36, 1045, 0.988195, 1.000000, 202576, 0, 0, 1, 1, 0, 796, 27
1777004304, 21, 37, 1109, 1086, 21, 8.25%, 0, 0, 4, 5.43, 16, 129, 16, 380, 123632, 40995, 0, 0.137, 36, 1045, 0.988197, 1.000000, 202605, 0, 0, 1, 1, 0, 796, 27
1777004309, 21, 37, 1109, 1086, 21, 8.25%, 0, 0, 4, 5.34, 16, 129, 16, 380, 123632, 40995, 0, 0.137, 36, 1045, 0.988198, 1.000000, 202630, 0, 0, 1, 1, 0, 796, 27
1777004314, 21, 37, 1109, 1086, 21, 8.25%, 0, 0, 4, 5.57, 16, 129, 16, 380, 123632, 40995, 0, 0.137, 36, 1045, 0.988200, 1.000000, 202659, 0, 0, 1, 1, 0, 796, 27
1777004319, 21, 37, 1109, 1086, 21, 8.25%, 0, 0, 4, 5.53, 16, 129, 16, 380, 123632, 40995, 0, 0.137, 36, 1045, 0.988201, 1.000000, 202681, 0, 0, 1, 1, 0, 796, 27
1777004325, 21, 37, 1109, 1086, 21, 8.25%, 0, 0, 4, 5.53, 16, 129, 16, 380, 123632, 40995, 0, 0.137, 36, 1045, 0.988203, 1.000000, 202710, 0, 0, 1, 1, 0, 797, 27
1777004330, 21, 37, 1109, 1086, 21, 8.25%, 0, 0, 4, 5.46, 16, 129, 16, 380, 123632, 40995, 0, 0.137, 36, 1045, 0.988204, 1.000000, 202736, 0, 0, 1, 1, 0, 797, 27
1777004335, 21, 37, 1110, 1087, 21, 8.25%, 0, 0, 4, 5.97, 16, 129, 16, 380, 123632, 40995, 0, 0.137, 36, 1045, 0.988205, 0.664465, 202760, 0, 0, 1, 1, 0, 797, 27
1777004340, 21, 37, 1110, 1087, 21, 8.25%, 0, 0, 4, 5.57, 16, 129, 16, 380, 123632, 40995, 0, 0.137, 36, 1045, 0.988207, 1.000000, 202785, 0, 0, 1, 1, 0, 797, 27
1777004346, 21, 37, 1110, 1087, 21, 8.25%, 0, 0, 4, 5.85, 16, 129, 16, 380, 123632, 40995, 0, 0.137, 36, 1045, 0.988208, 1.000000, 202810, 0, 0, 1, 1, 0, 797, 27
1777004351, 21, 37, 1110, 1087, 21, 8.25%, 0, 0, 4, 5.81, 16, 129, 16, 380, 123632, 40995, 0, 0.137, 36, 1045, 0.988210, 1.000000, 202840, 0, 0, 1, 1, 0, 797, 27
1777004356, 21, 37, 1110, 1087, 21, 8.25%, 0, 0, 4, 5.32, 16, 129, 16, 380, 123632, 40995, 0, 0.137, 36, 1045, 0.988211, 1.000000, 202862, 0, 0, 1, 1, 0, 797, 27
1777004361, 21, 37, 1110, 1087, 21, 8.25%, 0, 0, 4, 5.56, 16, 129, 16, 380, 123632, 40995, 0, 0.137, 36, 1045, 0.988213, 1.000000, 202892, 0, 0, 1, 1, 0, 797, 27
1777004366, 21, 37, 1110, 1087, 21, 8.25%, 0, 0, 4, 5.42, 16, 129, 16, 380, 123632, 40995, 0, 0.137, 36, 1045, 0.988214, 1.000000, 202916, 0, 0, 1, 1, 0, 797, 27
1777004371, 21, 37, 1110, 1087, 21, 8.25%, 0, 0, 4, 5.56, 16, 129, 16, 380, 123632, 40995, 0, 0.137, 36, 1045, 0.988216, 1.000000, 202944, 0, 0, 1, 1, 0, 797, 27
1777004377, 21, 37, 1110, 1087, 21, 8.25%, 0, 0, 4, 5.35, 16, 129, 16, 380, 123632, 40995, 0, 0.137, 36, 1045, 0.988217, 1.000000, 202969, 0, 0, 1, 1, 0, 798, 27
1777004382, 21, 37, 1110, 1087, 21, 8.25%, 0, 0, 4, 5.44, 16, 129, 16, 380, 123632, 40995, 0, 0.137, 36, 1045, 0.988219, 1.000000, 202998, 0, 0, 1, 1, 0, 798, 27
1777004387, 21, 37, 1111, 1088, 21, 8.25%, 0, 0, 4, 5.44, 16, 129, 16, 380, 123632, 40995, 0, 0.137, 36, 1045, 0.988220, 1.000000, 203015, 0, 0, 1, 1, 0, 798, 27
1777004392, 21, 37, 1111, 1088, 21, 8.25%, 0, 0, 4, 5.54, 16, 129, 16, 380, 123632, 40995, 0, 0.137, 36, 1045, 0.988222, 1.000000, 203043, 0, 0, 1, 1, 0, 798, 27
1777004397, 21, 37, 1111, 1088, 21, 8.25%, 0, 0, 4, 5.53, 16, 129, 16, 380, 123632, 40995, 0, 0.137, 36, 1045, 0.988223, 1.000000, 203063, 0, 0, 1, 1, 0, 798, 27
1777004402, 21, 37, 1111, 1088, 21, 8.25%, 0, 0, 4, 5.46, 16, 129, 16, 380, 123632, 40995, 0, 0.137, 36, 1045, 0.988224, 1.000000, 203091, 0, 0, 1, 1, 0, 798, 27
1777004407, 21, 37, 1111, 1088, 21, 8.25%, 0, 0, 4, 5.49, 16, 129, 16, 380, 123632, 40995, 0, 0.137, 36, 1045, 0.988226, 1.000000, 203116, 0, 0, 1, 1, 0, 798, 27
1777004413, 21, 37, 1111, 1088, 21, 8.25%, 0, 0, 4, 5.52, 16, 129, 16, 380, 123632, 40995, 0, 0.137, 36, 1045, 0.988228, 1.000000, 203144, 0, 0, 1, 1, 0, 798, 27
1777004418, 21, 37, 1111, 1088, 21, 8.25%, 0, 0, 4, 5.59, 16, 129, 16, 380, 123632, 40995, 0, 0.137, 36, 1045, 0.988229, 1.000000, 203170, 0, 0, 1, 1, 0, 798, 27
1777004423, 21, 37, 1111, 1088, 21, 8.25%, 0, 0, 4, 5.53, 16, 129, 16, 380, 123632, 40995, 0, 0.137, 36, 1045, 0.988231, 1.000000, 203198, 0, 0, 1, 1, 0, 798, 27
1777004428, 21, 37, 1111, 1088, 21, 8.25%, 0, 0, 4, 5.65, 16, 129, 16, 380, 123632, 40995, 0, 0.137, 36, 1045, 0.988232, 1.000000, 203223, 0, 0, 1, 1, 0, 799, 27
1777004434, 21, 37, 1111, 1088, 21, 8.25%, 0, 0, 4, 5.27, 16, 129, 16, 380, 123632, 40995, 0, 0.137, 36, 1045, 0.988234, 1.000000, 203250, 0, 0, 1, 1, 0, 799, 27
1777004439, 21, 37, 1111, 1088, 21, 8.25%, 0, 0, 4, 5.48, 16, 129, 16, 380, 123632, 40995, 0, 0.137, 36, 1045, 0.988235, 1.000000, 203278, 0, 0, 1, 1, 0, 799, 27
1777004444, 21, 37, 1111, 1088, 21, 8.25%, 0, 0, 4, 5.81, 16, 129, 16, 380, 123632, 40995, 0, 0.137, 36, 1045, 0.988237, 1.000000, 203307, 0, 0, 1, 1, 0, 799, 27
1777004450, 21, 37, 1111, 1088, 21, 8.25%, 0, 0, 4, 5.95, 16, 129, 16, 380, 123632, 40995, 0, 0.137, 36, 1045, 0.988239, 1.000000, 203338, 0, 0, 1, 1, 0, 799, 27
1777004455, 21, 37, 1111, 1088, 21, 8.25%, 0, 0, 4, 5.70, 16, 129, 16, 380, 123632, 40995, 0, 0.137, 36, 1045, 0.988240, 1.000000, 203364, 0, 0, 1, 1, 0, 799, 27
1777004460, 21, 37, 1111, 1088, 21, 8.25%, 0, 0, 4, 5.69, 16, 129, 16, 380, 123632, 40995, 0, 0.137, 36, 1045, 0.988242, 1.000000, 203394, 0, 0, 1, 1, 0, 799, 27
1777004466, 21, 37, 1111, 1088, 21, 8.25%, 0, 0, 4, 5.42, 16, 129, 16, 380, 123632, 40995, 0, 0.137, 36, 1045, 0.988243, 1.000000, 203420, 0, 0, 1, 1, 0, 800, 27
1777004471, 21, 37, 1111, 1088, 21, 8.25%, 0, 0, 4, 5.48, 16, 129, 16, 380, 123632, 40995, 0, 0.137, 36, 1045, 0.988245, 1.000000, 203448, 0, 0, 1, 1, 0, 800, 27
1777004476, 21, 37, 1111, 1088, 21, 8.25%, 0, 0, 4, 5.61, 16, 129, 16, 380, 123632, 40995, 0, 0.137, 36, 1045, 0.988246, 1.000000, 203470, 0, 0, 1, 1, 0, 800, 27
1777004481, 21, 37, 1111, 1088, 21, 8.25%, 0, 0, 4, 5.46, 16, 129, 16, 380, 123632, 40995, 0, 0.137, 36, 1045, 0.988248, 1.000000, 203497, 0, 0, 1, 1, 0, 800, 27
1777004486, 21, 37, 1111, 1088, 21, 8.25%, 0, 0, 4, 5.77, 16, 129, 16, 380, 123632, 40995, 0, 0.137, 36, 1045, 0.988249, 1.000000, 203523, 0, 0, 1, 1, 0, 800, 27
1777004491, 21, 37, 1111, 1088, 21, 8.25%, 0, 0, 4, 5.49, 16, 129, 16, 380, 123632, 40995, 0, 0.137, 36, 1045, 0.988251, 1.000000, 203550, 0, 0, 1, 1, 0, 800, 27
1777004496, 21, 37, 1111, 1088, 21, 8.25%, 0, 0, 4, 5.62, 16, 129, 16, 380, 123632, 40995, 0, 0.137, 36, 1045, 0.988252, 1.000000, 203580, 0, 0, 1, 1, 0, 800, 27
1777004502, 21, 37, 1111, 1088, 21, 8.25%, 0, 0, 4, 1.79, 16, 129, 16, 380, 123632, 40995, 0, 0.137, 36, 1045, 0.988254, 1.000000, 203605, 0, 0, 1, 1, 0, 800, 27
1777004536, 21, 37, 1111, 1088, 21, 8.25%, 0, 1, 4, 0.07, 16, 129, 16, 380, 123632, 40995, 0, 0.137, 36, 1045, 0.988255, 1.000000, 203632, 0, 0, 1, 1, 0, 801, 28
1777004541, 21, 37, 1111, 1088, 21, 8.25%, 0, 1, 4, 6.96, 16, 129, 16, 380, 123632, 40995, 0, 0.137, 36, 1045, 0.988257, 1.000000, 203654, 0, 0, 1, 1, 0, 801, 28
1777004547, 21, 37, 1111, 1088, 21, 8.25%, 0, 1, 4, 6.24, 16, 129, 16, 380, 123632, 40995, 0, 0.137, 36, 1045, 0.988258, 1.000000, 203684, 0, 0, 1, 1, 0, 801, 28
1777004552, 21, 37, 1111, 1088, 21, 8.25%, 0, 1, 4, 5.66, 16, 129, 16, 380, 123632, 40995, 0, 0.137, 36, 1045, 0.988260, 1.000000, 203710, 0, 0, 1, 1, 0, 801, 28
1777004557, 21, 37, 1111, 1088, 21, 8.25%, 0, 1, 4, 5.59, 16, 129, 16, 380, 123632, 40995, 0, 0.137, 36, 1045, 0.988261, 1.000000, 203738, 0, 0, 1, 1, 0, 801, 28
1777004562, 21, 37, 1111, 1088, 21, 8.25%, 0, 1, 4, 5.40, 16, 129, 16, 380, 123632, 40995, 0, 0.137, 36, 1045, 0.988263, 1.000000, 203764, 0, 0, 1, 1, 0, 801, 28
1777004567, 21, 37, 1111, 1088, 21, 8.25%, 0, 1, 4, 5.58, 16, 129, 16, 380, 123632, 40995, 0, 0.137, 36, 1045, 0.988265, 1.000000, 203794, 0, 0, 1, 1, 0, 801, 28
1777004572, 21, 37, 1111, 1088, 21, 8.25%, 0, 1, 4, 5.47, 16, 129, 16, 380, 123632, 40995, 0, 0.137, 36, 1045, 0.988266, 1.000000, 203817, 0, 0, 1, 1, 0, 802, 29
1777004577, 21, 37, 1111, 1088, 21, 8.25%, 0, 1, 4, 5.35, 16, 129, 16, 380, 123632, 40995, 0, 0.137, 36, 1045, 0.988268, 1.000000, 203845, 0, 0, 1, 1, 0, 802, 29
1777004583, 21, 37, 1111, 1088, 21, 8.25%, 0, 1, 4, 5.49, 16, 129, 16, 380, 123632, 40995, 0, 0.137, 36, 1045, 0.988269, 1.000000, 203867, 0, 0, 1, 1, 0, 802, 29
1777004588, 21, 37, 1112, 1089, 21, 8.25%, 0, 1, 4, 5.77, 16, 129, 16, 380, 123632, 40995, 0, 0.137, 36, 1045, 0.988270, 1.000000, 203892, 0, 0, 1, 1, 0, 802, 29
1777004594, 21, 37, 1112, 1089, 21, 8.25%, 0, 1, 4, 5.71, 16, 129, 16, 380, 123632, 40995, 0, 0.137, 36, 1045, 0.988272, 1.000000, 203920, 0, 0, 1, 1, 0, 802, 29
1777004599, 21, 37, 1112, 1089, 21, 8.25%, 0, 1, 4, 5.43, 16, 129, 16, 380, 123632, 40995, 0, 0.137, 36, 1045, 0.988273, 1.000000, 203946, 0, 0, 1, 1, 0, 802, 29
1777004604, 21, 37, 1112, 1089, 21, 8.25%, 0, 1, 4, 5.70, 16, 129, 16, 380, 123632, 40995, 0, 0.137, 36, 1045, 0.988275, 1.000000, 203975, 0, 0, 1, 1, 0, 802, 29
1777004609, 21, 37, 1112, 1089, 21, 8.25%, 0, 1, 4, 5.31, 16, 129, 16, 380, 123632, 40995, 0, 0.137, 36, 1045, 0.988276, 1.000000, 203998, 0, 0, 1, 1, 0, 802, 29
1777004614, 21, 37, 1112, 1089, 21, 8.25%, 0, 1, 4, 5.76, 16, 129, 16, 380, 123632, 40995, 0, 0.137, 36, 1045, 0.988278, 1.000000, 204030, 0, 0, 1, 1, 0, 802, 29
1777004619, 21, 37, 1112, 1089, 21, 8.25%, 0, 1, 4, 7.08, 16, 129, 16, 380, 123632, 40995, 0, 0.137, 36, 1045, 0.988279, 1.000000, 204052, 0, 0, 1, 1, 0, 802, 29
1777004625, 21, 37, 1112, 1089, 21, 8.25%, 0, 1, 4, 5.94, 16, 129, 16, 380, 123632, 40995, 0, 0.137, 36, 1045, 0.988281, 1.000000, 204082, 0, 0, 1, 1, 0, 803, 29
