1777043070, 0, 1, 608, 608, 26, 7.27%, 0, 0, 2, 5.31, 16, 109, 0, 370, 103360, 38368, 0, 0.000, 0, 0, 0.000000, 0.000000, 0, 0, 0, 0, 0, 0, 6, 0
1777043085, 0, 1, 609, 609, 26, 7.28%, 0, 0, 2, 6.16, 16, 109, 0, 370, 103360, 38368, 0, 0.000, 0, 0, 0.000000, 0.000000, 0, 0, 0, 0, 0, 0, 6, 0
1777043101, 0, 1, 610, 610, 26, 7.28%, 0, 0, 2, 5.68, 16, 109, 0, 370, 103360, 38368, 0, 0.000, 0, 0, 0.000000, 0.000000, 0, 0, 0, 0, 0, 0, 6, 0
1777043122, 0, 1, 611, 611, 26, 7.28%, 0, 0, 2, 2.40, 16, 109, 0, 370, 103360, 38368, 0, 0.000, 0, 0, 0.000000, 0.000000, 0, 0, 0, 0, 0, 0, 6, 0
1777043143, 0, 1, 612, 612, 26, 7.28%, 0, 0, 2, 5.85, 16, 109, 0, 370, 103360, 38368, 0, 0.000, 0, 0, 0.000000, 0.000000, 0, 0, 0, 0, 0, 0, 6, 0
1777043154, 0, 1, 613, 613, 26, 7.28%, 0, 0, 2, 5.82, 16, 109, 0, 370, 103360, 38368, 0, 0.000, 0, 0, 0.000000, 0.000000, 0, 0, 0, 0, 0, 0, 6, 0
1777043159, 0, 1, 614, 614, 26, 7.28%, 0, 0, 2, 5.75, 16, 109, 0, 370, 103360, 38368, 0, 0.000, 0, 0, 0.000000, 0.000000, 0, 0, 0, 0, 0, 0, 6, 0
1777043195, 0, 1, 615, 615, 26, 7.29%, 0, 0, 2, 5.93, 16, 109, 0, 370, 103360, 38368, 0, 0.000, 0, 0, 0.000000, 0.000000, 0, 0, 0, 0, 0, 0, 6, 0
1777043222, 0, 1, 616, 616, 26, 7.29%, 0, 0, 2, 5.49, 16, 109, 0, 370, 103360, 38368, 0, 0.000, 0, 0, 0.000000, 0.000000, 0, 0, 0, 0, 0, 0, 6, 0
1777043227, 0, 1, 617, 617, 26, 7.30%, 0, 0, 2, 5.26, 16, 109, 0, 370, 103360, 38368, 0, 0.000, 0, 0, 0.000000, 0.000000, 0, 0, 0, 0, 0, 0, 6, 0
1777043238, 0, 1, 618, 618, 26, 7.30%, 0, 0, 2, 5.24, 16, 109, 0, 370, 103360, 38368, 0, 0.000, 0, 0, 0.000000, 0.000000, 0, 0, 0, 0, 0, 0, 6, 0
1777043243, 0, 1, 619, 619, 26, 7.30%, 0, 0, 2, 5.46, 16, 109, 0, 370, 103360, 38368, 0, 0.000, 0, 0, 0.000000, 0.000000, 0, 0, 0, 0, 0, 0, 6, 0
1777043248, 0, 1, 620, 620, 26, 7.32%, 0, 0, 2, 5.27, 16, 110, 0, 370, 103360, 38368, 0, 0.000, 0, 0, 0.000000, 0.000000, 0, 0, 0, 0, 0, 0, 6, 0
1777043253, 0, 1, 622, 622, 26, 7.33%, 0, 0, 2, 5.41, 16, 110, 0, 370, 103360, 38368, 0, 0.000, 0, 0, 0.000000, 0.000000, 0, 0, 0, 0, 0, 0, 6, 0
1777043264, 0, 1, 623, 623, 26, 7.33%, 0, 0, 2, 5.39, 16, 110, 0, 370, 103360, 38368, 0, 0.000, 0, 0, 0.000000, 0.000000, 0, 0, 0, 0, 0, 0, 6, 0
1777043269, 0, 1, 625, 625, 26, 7.34%, 0, 0, 2, 5.31, 16, 110, 0, 370, 103360, 38368, 0, 0.000, 0, 0, 0.000000, 0.000000, 0, 0, 0, 0, 0, 0, 6, 0
1777043274, 0, 1, 626, 626, 26, 7.34%, 0, 0, 2, 5.35, 16, 110, 0, 370, 103360, 38368, 0, 0.000, 0, 0, 0.000000, 0.000000, 0, 0, 0, 0, 0, 0, 6, 0
1777043284, 0, 1, 628, 628, 26, 7.34%, 0, 0, 2, 5.35, 16, 110, 0, 370, 103360, 38368, 0, 0.000, 0, 0, 0.000000, 0.000000, 0, 0, 0, 0, 0, 0, 6, 0
1777043290, 0, 1, 629, 629, 26, 7.34%, 0, 0, 2, 5.07, 16, 110, 0, 370, 103360, 38368, 0, 0.000, 0, 0, 0.000000, 0.000000, 0, 0, 0, 0, 0, 0, 6, 0
1777043300, 0, 1, 630, 630, 26, 7.34%, 0, 0, 2, 5.23, 16, 110, 0, 370, 103360, 38368, 0, 0.000, 0, 0, 0.000000, 0.000000, 0, 0, 0, 0, 0, 0, 6, 0
1777043305, 0, 1, 631, 631, 26, 7.34%, 0, 0, 2, 5.40, 16, 111, 0, 370, 103360, 38368, 0, 0.000, 0, 0, 0.000000, 0.000000, 0, 0, 0, 0, 0, 0, 6, 0
1777043311, 0, 1, 632, 632, 26, 7.34%, 0, 0, 2, 5.31, 16, 111, 0, 370, 103360, 38368, 0, 0.000, 0, 0, 0.000000, 0.000000, 0, 0, 0, 0, 0, 0, 6, 0
1777043316, 0, 1, 633, 633, 26, 7.34%, 0, 0, 2, 5.07, 16, 111, 0, 370, 103360, 38368, 0, 0.000, 0, 0, 0.000000, 0.000000, 0, 0, 0, 0, 0, 0, 6, 0
1777043368, 0, 1, 634, 634, 26, 7.34%, 0, 0, 2, 5.51, 16, 111, 0, 370, 103360, 38368, 0, 0.000, 0, 0, 0.000000, 0.000000, 0, 0, 0, 0, 0, 0, 7, 0
1777043400, 0, 1, 635, 635, 26, 7.35%, 0, 0, 2, 5.10, 16, 112, 0, 370, 103360, 38368, 0, 0.000, 0, 0, 0.000000, 0.000000, 0, 0, 0, 0, 0, 0, 7, 0
1777043405, 0, 1, 636, 636, 26, 7.35%, 0, 0, 2, 5.31, 16, 114, 0, 370, 103360, 38368, 0, 0.000, 0, 0, 0.000000, 0.000000, 0, 0, 0, 0, 0, 0, 7, 0
1777043425, 0, 1, 637, 637, 26, 7.35%, 0, 0, 2, 5.66, 16, 114, 0, 370, 103360, 38368, 0, 0.000, 0, 0, 0.000000, 0.000000, 0, 0, 0, 0, 0, 0, 7, 0
1777043452, 0, 1, 638, 638, 26, 7.35%, 0, 0, 2, 5.46, 16, 114, 0, 370, 103360, 38368, 0, 0.000, 0, 0, 0.000000, 0.000000, 0, 0, 0, 0, 0, 0, 7, 0
1777043493, 0, 1, 639, 639, 26, 7.36%, 0, 0, 2, 5.58, 16, 114, 0, 370, 103360, 38368, 0, 0.000, 0, 0, 0.000000, 0.000000, 0, 0, 0, 0, 0, 0, 8, 0
1777043503, 0, 1, 640, 640, 26, 7.36%, 0, 0, 2, 5.26, 16, 114, 0, 370, 103360, 38368, 0, 0.000, 0, 0, 0.000000, 0.000000, 0, 0, 0, 0, 0, 0, 8, 0
1777043534, 0, 1, 641, 641, 26, 7.36%, 0, 0, 2, 5.03, 16, 114, 0, 370, 103360, 38368, 0, 0.000, 0, 0, 0.000000, 0.000000, 0, 0, 0, 0, 0, 0, 8, 0
1777043560, 0, 1, 642, 642, 26, 7.37%, 0, 0, 2, 5.38, 16, 114, 0, 370, 103360, 38368, 0, 0.000, 0, 0, 0.000000, 0.000000, 0, 0, 0, 0, 0, 0, 8, 0
1777043649, 0, 1, 643, 643, 26, 7.37%, 0, 0, 2, 4.82, 16, 114, 0, 370, 103360, 38368, 0, 0.000, 0, 0, 0.000000, 0.000000, 0, 0, 0, 0, 0, 0, 10, 0
1777043659, 0, 1, 644, 644, 26, 7.42%, 0, 0, 2, 5.37, 16, 114, 0, 370, 103360, 38368, 0, 0.000, 0, 0, 0.000000, 0.000000, 0, 0, 0, 0, 0, 0, 10, 0
1777043712, 0, 1, 646, 646, 26, 7.42%, 0, 0, 2, 5.29, 16, 114, 0, 370, 103360, 38368, 0, 0.000, 0, 0, 0.000000, 0.000000, 0, 0, 0, 0, 0, 0, 11, 0
1777043800, 0, 1, 647, 647, 26, 7.42%, 0, 0, 2, 0.66, 16, 114, 0, 370, 103360, 38368, 0, 0.000, 0, 0, 0.000000, 0.000000, 0, 0, 0, 0, 0, 0, 13, 0
1777043815, 0, 1, 649, 649, 26, 7.49%, 0, 0, 2, 5.22, 16, 114, 0, 370, 103360, 38368, 0, 0.000, 0, 0, 0.000000, 0.000000, 0, 0, 0, 0, 0, 0, 13, 0
1777043826, 0, 1, 650, 650, 26, 7.49%, 0, 0, 2, 5.56, 16, 116, 0, 370, 103360, 38368, 0, 0.000, 0, 0, 0.000000, 0.000000, 0, 0, 0, 0, 0, 0, 13, 0
1777043889, 0, 1, 651, 651, 26, 7.49%, 0, 0, 2, 5.04, 16, 116, 0, 370, 103360, 38368, 0, 0.000, 0, 0, 0.000000, 0.000000, 0, 0, 0, 0, 0, 0, 14, 0
1777043899, 0, 1, 653, 653, 26, 7.49%, 0, 0, 2, 5.25, 16, 117, 0, 370, 103360, 38368, 0, 0.000, 0, 0, 0.000000, 0.000000, 0, 0, 0, 0, 0, 0, 14, 0
1777043904, 0, 1, 655, 655, 26, 7.50%, 0, 0, 2, 5.41, 16, 119, 0, 370, 103360, 38368, 0, 0.000, 0, 0, 0.000000, 0.000000, 0, 0, 0, 0, 0, 0, 14, 0
1777043936, 0, 1, 656, 656, 26, 7.50%, 0, 0, 2, 5.55, 16, 119, 0, 370, 103360, 38368, 0, 0.000, 0, 0, 0.000000, 0.000000, 0, 0, 0, 0, 0, 0, 14, 0
1777043941, 0, 1, 657, 657, 26, 7.50%, 0, 0, 2, 5.23, 16, 119, 0, 370, 103360, 38368, 0, 0.000, 0, 0, 0.000000, 0.000000, 0, 0, 0, 0, 0, 0, 14, 0
1777043946, 0, 1, 658, 658, 26, 7.50%, 0, 0, 2, 5.38, 16, 119, 0, 370, 103360, 38368, 0, 0.000, 0, 0, 0.000000, 0.000000, 0, 0, 0, 0, 0, 0, 14, 0
1777043963, 0, 1, 659, 659, 26, 7.50%, 0, 0, 2, 6.65, 16, 119, 0, 370, 103360, 38368, 0, 0.000, 0, 0, 0.000000, 0.000000, 0, 0, 0, 0, 0, 0, 14, 0
1777043978, 0, 1, 660, 660, 26, 7.50%, 0, 0, 2, 5.47, 16, 119, 0, 370, 103360, 38368, 0, 0.000, 0, 0, 0.000000, 0.000000, 0, 0, 0, 0, 0, 0, 14, 0
1777044024, 0, 1, 661, 661, 26, 7.51%, 0, 0, 2, 5.46, 16, 119, 0, 370, 103360, 38368, 0, 0.000, 0, 0, 0.000000, 0.000000, 0, 0, 0, 0, 0, 0, 15, 0
1777044072, 1, 2, 662, 661, 2, 7.51%, 0, 0, 2, 4.35, 16, 119, 0, 370, 103360, 38368, 0, 0.000, 0, 0, 0.000000, 0.000000, 0, 0, 0, 0, 0, 0, 16, 0
1777044077, 1, 2, 663, 662, 2, 7.51%, 0, 0, 2, 5.11, 16, 119, 0, 370, 103360, 38368, 0, 0.000, 0, 0, 0.000000, 0.000000, 0, 0, 0, 0, 0, 0, 16, 0
1777044082, 1, 2, 665, 664, 2, 7.51%, 0, 0, 2, 5.39, 16, 119, 0, 370, 103360, 38368, 0, 0.000, 0, 0, 0.000000, 0.000000, 0, 0, 0, 0, 0, 0, 16, 0
1777044088, 1, 2, 667, 666, 2, 7.51%, 0, 0, 2, 5.28, 16, 119, 0, 370, 103360, 38368, 0, 0.000, 0, 0, 0.000000, 0.000000, 0, 0, 0, 0, 0, 0, 16, 0
1777044093, 1, 2, 669, 668, 2, 7.51%, 0, 0, 2, 6.33, 16, 119, 0, 370, 103360, 38368, 0, 0.000, 0, 0, 0.000000, 0.000000, 0, 0, 0, 0, 0, 0, 16, 0
1777044098, 1, 2, 670, 669, 2, 7.51%, 0, 0, 2, 6.07, 16, 119, 0, 370, 103360, 38368, 0, 0.000, 0, 0, 0.000000, 0.000000, 0, 0, 0, 0, 0, 0, 16, 0
1777044103, 1, 2, 671, 670, 2, 7.51%, 0, 0, 2, 1.11, 16, 119, 0, 370, 103360, 38368, 0, 0.000, 0, 0, 0.000000, 0.000000, 0, 0, 0, 0, 0, 0, 16, 0
1777044108, 1, 2, 672, 671, 2, 7.52%, 0, 0, 2, 4.26, 16, 119, 0, 370, 103360, 38368, 0, 0.000, 0, 0, 0.000000, 0.000000, 0, 0, 0, 0, 0, 0, 16, 0
1777044118, 1, 2, 673, 672, 2, 7.52%, 0, 0, 2, 5.86, 16, 119, 0, 370, 103360, 38368, 0, 0.000, 0, 0, 0.000000, 0.000000, 0, 0, 0, 0, 0, 0, 16, 0
1777044124, 1, 2, 674, 673, 2, 7.52%, 0, 0, 2, 6.94, 16, 119, 0, 370, 103360, 38368, 0, 0.000, 0, 0, 0.000000, 0.000000, 0, 0, 0, 0, 0, 0, 16, 0
1777044129, 1, 2, 675, 674, 2, 7.52%, 0, 0, 2, 6.19, 16, 119, 0, 370, 103360, 38368, 0, 0.000, 0, 0, 0.000000, 0.000000, 0, 0, 0, 0, 0, 0, 16, 0
1777044134, 1, 2, 676, 675, 2, 7.52%, 0, 0, 2, 5.38, 16, 119, 0, 370, 103360, 38368, 0, 0.000, 0, 0, 0.000000, 0.000000, 0, 0, 0, 0, 0, 0, 16, 0
1777044145, 1, 2, 677, 676, 2, 7.52%, 0, 0, 2, 8.37, 16, 119, 0, 370, 103360, 38368, 0, 0.000, 0, 0, 0.000000, 0.000000, 0, 0, 0, 0, 0, 0, 16, 0
1777044155, 1, 2, 678, 677, 2, 7.52%, 0, 0, 2, 5.36, 16, 119, 0, 370, 103360, 38368, 0, 0.000, 0, 0, 0.000000, 0.000000, 0, 0, 0, 0, 0, 0, 16, 0
1777044161, 1, 2, 679, 678, 2, 7.53%, 0, 0, 2, 5.32, 16, 119, 0, 370, 103360, 38368, 0, 0.000, 0, 0, 0.000000, 0.000000, 0, 0, 0, 0, 0, 0, 16, 0
1777044166, 1, 2, 680, 679, 2, 7.53%, 0, 0, 2, 5.64, 16, 119, 0, 370, 103360, 38368, 0, 0.000, 0, 0, 0.000000, 0.000000, 0, 0, 0, 0, 0, 0, 16, 0
1777044171, 1, 2, 681, 680, 2, 7.53%, 0, 0, 2, 5.49, 16, 119, 0, 370, 103360, 38368, 0, 0.000, 0, 0, 0.000000, 0.000000, 0, 0, 0, 0, 0, 0, 16, 0
1777044186, 1, 2, 682, 681, 2, 7.53%, 0, 0, 2, 6.91, 16, 119, 0, 370, 103360, 38368, 0, 0.000, 0, 0, 0.000000, 0.000000, 0, 0, 0, 0, 0, 0, 16, 0
1777044191, 1, 2, 683, 682, 2, 7.54%, 0, 0, 2, 4.72, 16, 119, 0, 370, 103360, 38368, 0, 0.000, 0, 0, 0.000000, 0.000000, 0, 0, 0, 0, 0, 0, 16, 0
1777044197, 1, 2, 685, 684, 2, 7.54%, 0, 0, 2, 5.34, 16, 119, 0, 370, 103360, 38368, 0, 0.000, 0, 0, 0.000000, 0.000000, 0, 0, 0, 0, 0, 0, 16, 0
1777044202, 1, 2, 686, 685, 2, 7.54%, 0, 0, 2, 5.09, 16, 119, 0, 370, 103360, 38368, 0, 0.000, 0, 0, 0.000000, 0.000000, 0, 0, 0, 0, 0, 0, 16, 0
1777044208, 1, 2, 687, 686, 2, 7.54%, 0, 0, 2, 5.27, 16, 119, 0, 370, 103360, 38368, 0, 0.000, 0, 0, 0.000000, 0.000000, 0, 0, 0, 0, 0, 0, 16, 0
1777044218, 1, 2, 688, 687, 2, 7.54%, 0, 0, 2, 11.50, 16, 119, 0, 370, 103360, 38368, 0, 0.000, 0, 0, 0.000000, 0.000000, 0, 0, 0, 0, 0, 0, 16, 0
1777044223, 1, 2, 690, 689, 2, 7.55%, 0, 0, 2, 8.77, 16, 119, 0, 370, 103360, 38368, 0, 0.000, 0, 0, 0.000000, 0.000000, 0, 0, 0, 0, 0, 0, 16, 0
1777044233, 1, 2, 691, 690, 2, 7.55%, 0, 0, 2, 5.59, 16, 119, 0, 370, 103360, 38368, 0, 0.000, 0, 0, 0.000000, 0.000000, 0, 0, 0, 0, 0, 0, 16, 0
1777044238, 1, 2, 692, 691, 2, 7.55%, 0, 0, 2, 5.35, 16, 119, 0, 370, 103360, 38368, 0, 0.000, 0, 0, 0.000000, 0.000000, 0, 0, 0, 0, 0, 0, 16, 0
1777044270, 1, 2, 693, 692, 2, 7.55%, 0, 0, 2, 5.46, 16, 119, 0, 370, 103360, 38368, 0, 0.000, 0, 0, 0.000000, 0.000000, 0, 0, 0, 0, 0, 0, 16, 0
1777044275, 1, 2, 694, 693, 2, 7.55%, 0, 0, 2, 5.32, 16, 119, 0, 370, 103360, 38368, 0, 0.000, 0, 0, 0.000000, 0.000000, 0, 0, 0, 0, 0, 0, 16, 0
1777044280, 1, 2, 695, 694, 2, 7.55%, 0, 0, 2, 5.46, 16, 119, 0, 370, 103360, 38368, 0, 0.000, 0, 0, 0.000000, 0.000000, 0, 0, 0, 0, 0, 0, 16, 0
1777044285, 1, 2, 696, 695, 2, 7.56%, 0, 0, 2, 5.87, 16, 119, 0, 370, 103360, 38368, 0, 0.000, 0, 0, 0.000000, 0.000000, 0, 0, 0, 0, 0, 0, 16, 0
1777044296, 1, 2, 697, 696, 2, 7.56%, 0, 0, 2, 3.61, 16, 119, 0, 370, 103360, 38368, 0, 0.000, 0, 0, 0.000000, 0.000000, 0, 0, 0, 0, 0, 0, 16, 0
1777044312, 1, 2, 698, 697, 2, 7.56%, 0, 0, 2, 5.74, 16, 119, 0, 370, 103360, 38368, 0, 0.000, 0, 0, 0.000000, 0.000000, 0, 0, 0, 0, 0, 0, 16, 0
1777044317, 1, 2, 699, 698, 2, 7.56%, 0, 0, 2, 5.65, 16, 119, 0, 370, 103360, 38368, 0, 0.000, 0, 0, 0.000000, 0.000000, 0, 0, 0, 0, 0, 0, 16, 0
1777044328, 1, 2, 700, 699, 2, 7.56%, 0, 0, 2, 5.43, 16, 121, 0, 370, 103360, 38368, 0, 0.000, 0, 0, 0.000000, 0.000000, 0, 0, 0, 0, 0, 0, 16, 0
1777044333, 1, 2, 701, 700, 2, 7.56%, 0, 0, 2, 5.36, 16, 121, 0, 370, 103360, 38368, 0, 0.000, 0, 0, 0.000000, 0.000000, 0, 0, 0, 0, 0, 0, 16, 0
1777044343, 1, 2, 702, 701, 2, 7.56%, 0, 0, 2, 5.53, 16, 121, 0, 370, 103360, 38368, 0, 0.000, 0, 0, 0.000000, 0.000000, 0, 0, 0, 0, 0, 0, 16, 0
1777044353, 1, 2, 703, 702, 2, 7.56%, 0, 0, 2, 5.07, 16, 121, 0, 370, 103360, 38368, 0, 0.000, 0, 0, 0.000000, 0.000000, 0, 0, 0, 0, 0, 0, 16, 0
1777044385, 1, 2, 704, 703, 2, 7.56%, 0, 0, 2, 5.50, 16, 121, 0, 370, 103360, 38368, 0, 0.000, 0, 0, 0.000000, 0.000000, 0, 0, 0, 0, 0, 0, 16, 0
1777044395, 1, 2, 705, 704, 2, 7.56%, 0, 0, 2, 5.50, 16, 121, 0, 370, 103360, 38368, 0, 0.000, 0, 0, 0.000000, 0.000000, 0, 0, 0, 0, 0, 0, 16, 0
1777044410, 1, 2, 706, 705, 2, 7.56%, 0, 0, 2, 5.55, 16, 121, 0, 370, 103360, 38368, 0, 0.000, 0, 0, 0.000000, 0.000000, 0, 0, 0, 0, 0, 0, 16, 0
1777044421, 1, 2, 707, 706, 2, 7.56%, 0, 0, 2, 5.70, 16, 121, 0, 370, 103360, 38368, 0, 0.000, 0, 0, 0.000000, 0.000000, 0, 0, 0, 0, 0, 0, 16, 0
1777044431, 1, 2, 708, 707, 2, 7.57%, 0, 0, 2, 5.61, 16, 121, 0, 370, 103360, 38368, 0, 0.000, 0, 0, 0.000000, 0.000000, 0, 0, 0, 0, 0, 0, 16, 0
1777044441, 1, 2, 709, 708, 2, 7.57%, 0, 0, 2, 5.61, 16, 121, 0, 370, 103360, 38368, 0, 0.000, 0, 0, 0.000000, 0.000000, 0, 0, 0, 0, 0, 0, 16, 0
1777044447, 1, 2, 710, 709, 2, 7.57%, 0, 0, 2, 10.78, 16, 121, 0, 370, 103360, 38368, 0, 0.000, 0, 0, 0.000000, 0.000000, 0, 0, 0, 0, 0, 0, 16, 0
1777044462, 1, 2, 711, 710, 2, 7.57%, 0, 0, 2, 6.14, 16, 121, 0, 370, 103360, 38368, 0, 0.000, 0, 0, 0.000000, 0.000000, 0, 0, 0, 0, 0, 0, 16, 0
1777044467, 1, 2, 712, 711, 2, 7.57%, 0, 0, 2, 5.74, 16, 121, 0, 370, 103360, 38368, 0, 0.000, 0, 0, 0.000000, 0.000000, 0, 0, 0, 0, 0, 0, 16, 0
1777044472, 1, 2, 713, 712, 2, 7.57%, 0, 0, 2, 5.54, 16, 121, 0, 370, 103360, 38368, 0, 0.000, 0, 0, 0.000000, 0.000000, 0, 0, 0, 0, 0, 0, 16, 0
1777044478, 1, 2, 714, 713, 2, 7.57%, 0, 0, 2, 5.51, 16, 121, 0, 370, 103360, 38368, 0, 0.000, 0, 0, 0.000000, 0.000000, 0, 0, 0, 0, 0, 0, 16, 0
1777044519, 1, 2, 715, 714, 2, 7.57%, 0, 0, 2, 5.66, 16, 121, 0, 370, 103360, 38368, 0, 0.000, 0, 0, 0.000000, 0.000000, 0, 0, 0, 0, 0, 0, 16, 0
1777044530, 1, 2, 716, 715, 2, 7.58%, 0, 0, 2, 6.13, 16, 121, 0, 370, 103360, 38368, 0, 0.000, 0, 0, 0.000000, 0.000000, 0, 0, 0, 0, 0, 0, 16, 0
1777044540, 1, 2, 718, 717, 2, 7.58%, 0, 0, 2, 6.70, 16, 121, 0, 370, 103360, 38368, 0, 0.000, 0, 0, 0.000000, 0.000000, 0, 0, 0, 0, 0, 0, 16, 0
1777044550, 1, 2, 719, 718, 2, 7.58%, 0, 0, 2, 6.01, 16, 121, 0, 370, 103360, 38368, 0, 0.000, 0, 0, 0.000000, 0.000000, 0, 0, 0, 0, 0, 0, 16, 0
1777044581, 1, 2, 720, 719, 2, 7.58%, 0, 0, 2, 5.74, 16, 121, 0, 370, 103360, 38368, 0, 0.000, 0, 0, 0.000000, 0.000000, 0, 0, 0, 0, 0, 0, 16, 0
1777044591, 1, 2, 721, 720, 2, 7.60%, 0, 0, 2, 5.72, 16, 121, 0, 370, 103360, 38368, 0, 0.000, 0, 0, 0.000000, 0.000000, 0, 0, 0, 0, 0, 0, 16, 0
1777044622, 1, 2, 722, 721, 2, 7.60%, 0, 0, 2, 5.76, 16, 121, 0, 370, 103360, 38368, 0, 0.000, 0, 0, 0.000000, 0.000000, 0, 0, 0, 0, 0, 0, 16, 0
1777044664, 1, 2, 723, 722, 2, 7.60%, 0, 0, 2, 5.26, 16, 122, 0, 370, 103360, 38368, 0, 0.000, 0, 0, 0.000000, 0.000000, 0, 0, 0, 0, 0, 0, 17, 0
1777044670, 1, 2, 724, 723, 2, 7.60%, 0, 0, 2, 5.31, 16, 122, 0, 370, 103360, 38368, 0, 0.000, 0, 0, 0.000000, 0.000000, 0, 0, 0, 0, 0, 0, 17, 0
1777044680, 1, 2, 725, 724, 2, 7.60%, 0, 0, 2, 5.71, 16, 122, 0, 370, 103360, 38368, 0, 0.000, 0, 0, 0.000000, 0.000000, 0, 0, 0, 0, 0, 0, 17, 0
1777044685, 1, 2, 726, 725, 2, 7.60%, 0, 0, 2, 4.55, 16, 122, 0, 370, 103360, 38368, 0, 0.000, 0, 0, 0.000000, 0.000000, 0, 0, 0, 0, 0, 0, 17, 0
1777044706, 1, 2, 727, 726, 2, 7.60%, 0, 0, 2, 5.80, 16, 122, 0, 370, 103360, 38368, 0, 0.000, 0, 0, 0.000000, 0.000000, 0, 0, 0, 0, 0, 0, 17, 0
1777044753, 1, 2, 728, 727, 2, 7.60%, 0, 0, 2, 4.57, 16, 122, 0, 370, 103360, 38368, 0, 0.000, 0, 0, 0.000000, 0.000000, 0, 0, 0, 0, 0, 0, 18, 0
1777044799, 1, 2, 729, 728, 2, 7.60%, 0, 0, 2, 5.72, 16, 122, 0, 370, 103360, 38368, 0, 0.000, 0, 0, 0.000000, 0.000000, 0, 0, 0, 0, 0, 0, 19, 0
1777044805, 1, 2, 730, 729, 2, 7.60%, 0, 0, 2, 5.22, 16, 122, 0, 370, 103360, 38368, 0, 0.000, 0, 0, 0.000000, 0.000000, 0, 0, 0, 0, 0, 0, 19, 0
1777044810, 1, 2, 731, 730, 2, 7.61%, 0, 0, 2, 5.60, 16, 122, 0, 370, 103360, 38368, 0, 0.000, 0, 0, 0.000000, 0.000000, 0, 0, 0, 0, 0, 0, 19, 0
1777044886, 1, 2, 732, 731, 2, 7.61%, 0, 0, 2, 6.67, 16, 122, 0, 370, 103360, 38368, 0, 0.000, 0, 0, 0.000000, 0.000000, 0, 0, 0, 0, 0, 0, 20, 0
1777044897, 1, 2, 733, 732, 2, 7.61%, 0, 0, 2, 5.51, 16, 122, 0, 370, 103360, 38368, 0, 0.000, 0, 0, 0.000000, 0.000000, 0, 0, 0, 0, 0, 0, 20, 0
1777044965, 1, 2, 734, 733, 2, 7.61%, 0, 0, 2, 6.69, 16, 122, 0, 370, 103360, 38368, 0, 0.000, 0, 0, 0.000000, 0.000000, 0, 0, 0, 0, 0, 0, 21, 0
1777044976, 1, 2, 735, 734, 2, 7.61%, 0, 0, 2, 3.78, 16, 122, 0, 370, 103360, 38368, 0, 0.000, 0, 0, 0.000000, 0.000000, 0, 0, 0, 0, 0, 0, 21, 0
1777044981, 1, 2, 736, 735, 2, 7.61%, 0, 0, 2, 4.76, 16, 122, 0, 370, 103360, 38368, 0, 0.000, 0, 0, 0.000000, 0.000000, 0, 0, 0, 0, 0, 0, 21, 0
1777044986, 1, 2, 737, 736, 2, 7.62%, 0, 0, 2, 5.85, 16, 122, 0, 370, 103360, 38368, 0, 0.000, 0, 0, 0.000000, 0.000000, 0, 0, 0, 0, 0, 0, 21, 0
1777044997, 1, 2, 739, 738, 2, 7.62%, 0, 0, 2, 7.20, 16, 122, 0, 370, 103360, 38368, 0, 0.000, 0, 0, 0.000000, 0.000000, 0, 0, 0, 0, 0, 0, 21, 0
1777045049, 1, 2, 740, 739, 2, 7.62%, 0, 0, 2, 6.52, 16, 122, 0, 370, 103360, 38368, 0, 0.000, 0, 0, 0.000000, 0.000000, 0, 0, 0, 0, 0, 0, 22, 0
1777045086, 1, 2, 741, 740, 2, 7.63%, 0, 0, 2, 6.63, 16, 122, 0, 370, 103360, 38368, 0, 0.000, 0, 0, 0.000000, 0.000000, 0, 0, 0, 0, 0, 0, 23, 0
1777045101, 1, 2, 742, 741, 2, 7.63%, 0, 0, 2, 7.07, 16, 122, 0, 370, 103360, 38368, 0, 0.000, 0, 0, 0.000000, 0.000000, 0, 0, 0, 0, 0, 0, 23, 0
1777045117, 1, 2, 744, 743, 2, 7.63%, 0, 0, 2, 5.60, 16, 122, 0, 370, 103360, 38368, 0, 0.000, 0, 0, 0.000000, 0.000000, 0, 0, 0, 0, 0, 0, 23, 0
1777045122, 1, 2, 745, 744, 2, 7.63%, 0, 0, 2, 5.32, 16, 122, 0, 370, 103360, 38368, 0, 0.000, 0, 0, 0.000000, 0.000000, 0, 0, 0, 0, 0, 0, 23, 0
1777045128, 1, 2, 746, 745, 2, 7.63%, 0, 0, 2, 0.67, 16, 122, 0, 370, 103360, 38368, 0, 0.000, 0, 0, 0.000000, 0.000000, 0, 0, 0, 0, 0, 0, 23, 0
1777045133, 1, 2, 747, 746, 2, 7.63%, 0, 0, 2, 5.50, 16, 123, 0, 370, 103360, 38368, 0, 0.000, 0, 0, 0.000000, 0.000000, 0, 0, 0, 0, 0, 0, 23, 0
1777045164, 1, 2, 748, 747, 2, 7.63%, 0, 0, 2, 7.20, 16, 123, 0, 370, 103360, 38368, 0, 0.000, 0, 0, 0.000000, 0.000000, 0, 0, 0, 0, 0, 0, 23, 0
1777045190, 1, 2, 749, 748, 2, 7.64%, 0, 0, 2, 5.77, 16, 123, 0, 370, 103360, 38368, 0, 0.000, 0, 0, 0.000000, 0.000000, 0, 0, 0, 0, 0, 0, 23, 0
1777045216, 1, 2, 750, 749, 2, 7.64%, 0, 0, 2, 5.35, 16, 123, 0, 370, 103360, 38368, 0, 0.000, 0, 0, 0.000000, 0.000000, 0, 0, 0, 0, 0, 0, 23, 0
1777045236, 1, 2, 751, 750, 2, 7.64%, 0, 0, 2, 5.69, 16, 123, 0, 370, 103360, 38368, 0, 0.000, 0, 0, 0.000000, 0.000000, 0, 0, 0, 0, 0, 0, 23, 0
1777045247, 1, 2, 752, 751, 2, 7.64%, 0, 0, 2, 5.39, 16, 123, 0, 370, 103360, 38368, 0, 0.000, 0, 0, 0.000000, 0.000000, 0, 0, 0, 0, 0, 0, 23, 0
1777045252, 1, 2, 753, 752, 2, 7.64%, 0, 0, 2, 5.29, 16, 123, 0, 370, 103360, 38368, 0, 0.000, 0, 0, 0.000000, 0.000000, 0, 0, 0, 0, 0, 0, 23, 0
1777045262, 1, 2, 754, 753, 2, 7.64%, 0, 0, 2, 5.79, 16, 123, 0, 370, 103360, 38368, 0, 0.000, 0, 0, 0.000000, 0.000000, 0, 0, 0, 0, 0, 0, 23, 0
1777045330, 1, 2, 755, 754, 2, 7.64%, 0, 0, 2, 6.19, 16, 123, 0, 370, 103360, 38368, 0, 0.000, 0, 0, 0.000000, 0.000000, 0, 0, 0, 0, 0, 0, 24, 0
1777045341, 1, 2, 756, 755, 2, 7.64%, 0, 0, 2, 5.53, 16, 124, 0, 370, 103360, 38368, 0, 0.000, 0, 0, 0.000000, 0.000000, 0, 0, 0, 0, 0, 0, 24, 0
1777045367, 1, 2, 757, 756, 2, 7.64%, 0, 0, 2, 5.56, 16, 124, 0, 370, 103360, 38368, 0, 0.000, 0, 0, 0.000000, 0.000000, 0, 0, 0, 0, 0, 0, 24, 0
1777045492, 1, 2, 758, 757, 2, 7.64%, 0, 0, 2, 5.47, 16, 124, 0, 370, 103360, 38368, 0, 0.000, 0, 0, 0.000000, 0.000000, 0, 0, 0, 0, 0, 0, 27, 0
1777045513, 1, 2, 759, 758, 2, 7.64%, 0, 0, 2, 5.55, 16, 124, 0, 370, 103360, 38368, 0, 0.000, 0, 0, 0.000000, 0.000000, 0, 0, 0, 0, 0, 0, 27, 0
1777045571, 1, 2, 760, 759, 2, 7.64%, 0, 0, 2, 5.34, 16, 124, 0, 370, 103360, 38368, 0, 0.000, 0, 0, 0.000000, 0.000000, 0, 0, 0, 0, 0, 0, 28, 0
1777045592, 1, 2, 761, 760, 2, 7.64%, 0, 0, 2, 5.22, 16, 124, 0, 370, 103360, 38368, 0, 0.000, 0, 0, 0.000000, 0.000000, 0, 0, 0, 0, 0, 0, 28, 0
1777045613, 1, 2, 762, 761, 2, 7.64%, 0, 0, 2, 6.13, 16, 124, 0, 370, 103360, 38368, 0, 0.000, 0, 0, 0.000000, 0.000000, 0, 0, 0, 0, 0, 0, 28, 0
1777045660, 1, 2, 763, 762, 2, 7.65%, 0, 0, 2, 5.54, 16, 124, 0, 370, 103360, 38368, 0, 0.000, 0, 0, 0.000000, 0.000000, 0, 0, 0, 0, 0, 0, 29, 0
1777045676, 1, 2, 764, 763, 2, 7.65%, 0, 0, 2, 5.70, 16, 124, 0, 370, 103360, 38368, 0, 0.000, 0, 0, 0.000000, 0.000000, 0, 0, 0, 0, 0, 0, 29, 0
1777045748, 1, 2, 765, 764, 2, 7.65%, 0, 0, 2, 5.53, 16, 124, 0, 370, 103360, 38368, 0, 0.000, 0, 0, 0.000000, 0.000000, 0, 0, 0, 0, 0, 0, 30, 0
1777045770, 1, 2, 766, 765, 2, 7.65%, 0, 0, 2, 1.00, 16, 124, 0, 370, 103360, 38368, 0, 0.000, 0, 0, 0.000000, 0.000000, 0, 0, 0, 0, 0, 0, 30, 0
1777045848, 1, 2, 767, 766, 2, 7.65%, 0, 0, 2, 5.32, 16, 124, 0, 370, 103360, 38368, 0, 0.000, 0, 0, 0.000000, 0.000000, 0, 0, 0, 0, 0, 0, 31, 0
1777045863, 1, 2, 768, 767, 2, 7.65%, 0, 0, 2, 5.01, 16, 124, 0, 370, 103360, 38368, 0, 0.000, 0, 0, 0.000000, 0.000000, 0, 0, 0, 0, 0, 0, 31, 0
1777045920, 1, 2, 769, 768, 2, 7.65%, 0, 0, 2, 5.07, 16, 124, 0, 370, 103360, 38368, 0, 0.000, 0, 0, 0.000000, 0.000000, 0, 0, 0, 0, 0, 0, 32, 0
1777045951, 1, 2, 770, 769, 2, 7.65%, 0, 0, 2, 5.28, 16, 124, 0, 370, 103360, 38368, 0, 0.000, 0, 0, 0.000000, 0.000000, 0, 0, 0, 0, 0, 0, 32, 0
1777046003, 1, 2, 771, 770, 2, 7.66%, 0, 0, 2, 5.39, 16, 124, 0, 370, 103360, 38368, 0, 0.000, 0, 0, 0.000000, 0.000000, 0, 0, 0, 0, 0, 0, 33, 0
1777046054, 1, 28, 772, 770, 2, 7.66%, 0, 0, 2, 5.56, 16, 124, 0, 370, 103360, 38368, 0, 0.000, 0, 0, 0.000000, 0.000000, 0, 0, 0, 0, 0, 0, 34, 0
1777046060, 1, 28, 773, 771, 2, 7.66%, 0, 0, 2, 8.49, 16, 124, 0, 370, 103360, 38368, 0, 0.000, 0, 0, 0.000000, 0.000000, 0, 0, 0, 0, 0, 0, 34, 0
1777046090, 1, 28, 775, 773, 2, 7.66%, 0, 0, 2, 4.99, 16, 124, 0, 370, 103360, 38368, 0, 0.000, 0, 0, 0.000000, 0.000000, 0, 0, 0, 0, 0, 0, 34, 0
1777046106, 1, 28, 776, 774, 2, 7.66%, 0, 0, 2, 5.32, 16, 124, 0, 370, 103360, 38368, 0, 0.000, 0, 0, 0.000000, 0.000000, 0, 0, 0, 0, 0, 0, 34, 0
1777046111, 1, 28, 777, 775, 2, 7.66%, 0, 0, 2, 5.35, 16, 124, 0, 370, 103360, 38368, 0, 0.000, 0, 0, 0.000000, 0.000000, 0, 0, 0, 0, 0, 0, 34, 0
1777046116, 1, 28, 778, 776, 2, 7.67%, 0, 0, 2, 5.21, 16, 124, 0, 370, 103360, 38368, 0, 0.000, 0, 0, 0.000000, 0.000000, 0, 0, 0, 0, 0, 0, 34, 0
1777046121, 1, 28, 779, 777, 2, 7.67%, 0, 0, 2, 4.97, 16, 124, 0, 370, 103360, 38368, 0, 0.000, 0, 0, 0.000000, 0.000000, 0, 0, 0, 0, 0, 0, 34, 0
1777046126, 1, 28, 780, 778, 2, 7.67%, 0, 0, 2, 5.14, 16, 124, 0, 370, 103360, 38368, 0, 0.000, 0, 0, 0.000000, 0.000000, 0, 0, 0, 0, 0, 0, 34, 0
1777046149, 1, 28, 781, 779, 2, 7.67%, 0, 0, 2, 5.33, 16, 124, 0, 370, 103360, 38368, 0, 0.000, 0, 0, 0.000000, 0.000000, 0, 0, 0, 0, 0, 0, 34, 0
1777046159, 1, 28, 782, 780, 2, 7.67%, 0, 0, 2, 5.36, 16, 124, 0, 370, 103360, 38368, 0, 0.000, 0, 0, 0.000000, 0.000000, 0, 0, 0, 0, 0, 0, 34, 0
1777046169, 1, 28, 783, 781, 2, 7.67%, 0, 0, 2, 5.98, 16, 124, 0, 370, 103360, 38368, 0, 0.000, 0, 0, 0.000000, 0.000000, 0, 0, 0, 0, 0, 0, 34, 0
1777046185, 1, 28, 784, 782, 2, 7.67%, 0, 0, 2, 5.37, 16, 124, 0, 370, 103360, 38368, 0, 0.000, 0, 0, 0.000000, 0.000000, 0, 0, 0, 0, 0, 0, 34, 0
1777046211, 1, 28, 785, 783, 2, 7.67%, 0, 0, 2, 3.67, 16, 124, 0, 370, 103360, 38368, 0, 0.000, 0, 0, 0.000000, 0.000000, 0, 0, 0, 0, 0, 0, 34, 0
1777046223, 1, 28, 786, 784, 2, 7.68%, 0, 0, 2, 5.13, 16, 124, 0, 370, 103360, 38368, 0, 0.000, 0, 0, 0.000000, 0.000000, 0, 0, 0, 0, 0, 0, 34, 0
1777046279, 1, 28, 787, 785, 2, 7.68%, 0, 0, 2, 5.28, 16, 124, 0, 370, 103360, 38368, 0, 0.000, 0, 0, 0.000000, 0.000000, 0, 0, 0, 0, 0, 0, 35, 0
1777046284, 1, 28, 788, 786, 2, 7.68%, 0, 0, 2, 5.08, 16, 124, 0, 370, 103360, 38368, 0, 0.000, 0, 0, 0.000000, 0.000000, 0, 0, 0, 0, 0, 0, 35, 0
1777046295, 1, 28, 789, 787, 2, 7.68%, 0, 0, 2, 5.55, 16, 124, 0, 370, 103360, 38368, 0, 0.000, 0, 0, 0.000000, 0.000000, 0, 0, 0, 0, 0, 0, 35, 0
1777046315, 1, 28, 790, 788, 2, 7.68%, 0, 0, 2, 5.39, 16, 124, 0, 370, 103360, 38368, 0, 0.000, 0, 0, 0.000000, 0.000000, 0, 0, 0, 0, 0, 0, 35, 0
1777046331, 1, 28, 791, 789, 2, 7.69%, 0, 0, 2, 5.71, 16, 125, 0, 370, 103360, 38368, 0, 0.000, 0, 0, 0.000000, 0.000000, 0, 0, 0, 0, 0, 0, 35, 0
1777046357, 1, 28, 792, 790, 2, 7.69%, 0, 0, 2, 5.15, 16, 125, 0, 370, 103360, 38368, 0, 0.000, 0, 0, 0.000000, 0.000000, 0, 0, 0, 0, 0, 0, 35, 0
1777046372, 1, 28, 793, 791, 2, 7.69%, 0, 0, 2, 5.52, 16, 125, 0, 370, 103360, 38368, 0, 0.000, 0, 0, 0.000000, 0.000000, 0, 0, 0, 0, 0, 0, 35, 0
1777046377, 1, 28, 794, 792, 2, 7.69%, 0, 0, 2, 5.28, 16, 125, 0, 370, 103360, 38368, 0, 0.000, 0, 0, 0.000000, 0.000000, 0, 0, 0, 0, 0, 0, 35, 0
1777046470, 1, 28, 795, 793, 2, 7.69%, 0, 0, 2, 5.29, 16, 125, 0, 370, 103360, 38368, 0, 0.000, 0, 0, 0.000000, 0.000000, 0, 0, 0, 0, 0, 0, 37, 0
1777046475, 1, 28, 796, 794, 2, 7.69%, 0, 0, 2, 5.07, 16, 125, 0, 370, 103360, 38368, 0, 0.000, 0, 0, 0.000000, 0.000000, 0, 0, 0, 0, 0, 0, 37, 0
1777046481, 1, 28, 797, 795, 2, 7.70%, 0, 0, 2, 5.22, 16, 125, 0, 370, 103360, 38368, 0, 0.000, 0, 0, 0.000000, 0.000000, 0, 0, 0, 0, 0, 0, 37, 0
1777046491, 1, 28, 798, 796, 2, 7.70%, 0, 0, 2, 5.36, 16, 125, 0, 370, 103360, 38368, 0, 0.000, 0, 0, 0.000000, 0.000000, 0, 0, 0, 0, 0, 0, 37, 0
1777046496, 1, 28, 799, 797, 2, 7.70%, 0, 0, 2, 6.66, 16, 125, 0, 370, 103360, 38368, 0, 0.000, 0, 0, 0.000000, 0.000000, 0, 0, 0, 0, 0, 0, 37, 0
1777046517, 1, 28, 800, 798, 2, 7.70%, 0, 0, 2, 5.04, 16, 125, 0, 370, 103360, 38368, 0, 0.000, 0, 0, 0.000000, 0.000000, 0, 0, 0, 0, 0, 0, 37, 0
1777046574, 1, 28, 801, 799, 2, 7.70%, 0, 0, 2, 5.12, 16, 125, 0, 370, 103360, 38368, 0, 0.000, 0, 0, 0.000000, 0.000000, 0, 0, 0, 0, 0, 0, 38, 0
1777046584, 1, 28, 802, 800, 2, 7.70%, 0, 0, 2, 5.26, 16, 125, 0, 370, 103360, 38368, 0, 0.000, 0, 0, 0.000000, 0.000000, 0, 0, 0, 0, 0, 0, 38, 0
1777046652, 1, 28, 803, 801, 2, 7.70%, 0, 0, 2, 5.69, 16, 125, 0, 370, 103360, 38368, 0, 0.000, 0, 0, 0.000000, 0.000000, 0, 0, 0, 0, 0, 0, 39, 0
1777046662, 1, 28, 804, 802, 2, 7.71%, 0, 0, 2, 5.67, 16, 125, 0, 370, 103360, 38368, 0, 0.000, 0, 0, 0.000000, 0.000000, 0, 0, 0, 0, 0, 0, 39, 0
1777046667, 1, 28, 805, 803, 2, 7.71%, 0, 0, 2, 5.14, 16, 125, 0, 370, 103360, 38368, 0, 0.000, 0, 0, 0.000000, 0.000000, 0, 0, 0, 0, 0, 0, 39, 0
1777046672, 1, 28, 806, 804, 2, 7.71%, 0, 0, 2, 5.52, 16, 125, 0, 370, 103360, 38368, 0, 0.000, 0, 0, 0.000000, 0.000000, 0, 0, 0, 0, 0, 0, 39, 0
1777046725, 1, 28, 807, 805, 2, 7.71%, 0, 0, 2, 5.01, 16, 126, 0, 370, 103360, 38368, 0, 0.000, 0, 0, 0.000000, 0.000000, 0, 0, 0, 0, 0, 0, 40, 0
1777046762, 1, 28, 808, 806, 2, 7.71%, 0, 0, 2, 5.46, 16, 126, 0, 370, 103360, 38368, 0, 0.000, 0, 0, 0.000000, 0.000000, 0, 0, 0, 0, 0, 0, 40, 0
1777046783, 1, 28, 809, 807, 2, 7.71%, 0, 0, 2, 5.12, 16, 126, 0, 370, 103360, 38368, 0, 0.000, 0, 0, 0.000000, 0.000000, 0, 0, 0, 0, 0, 0, 40, 0
1777046799, 1, 28, 810, 808, 2, 7.71%, 0, 0, 2, 5.25, 16, 126, 0, 370, 103360, 38368, 0, 0.000, 0, 0, 0.000000, 0.000000, 0, 0, 0, 0, 0, 0, 40, 0
1777046804, 1, 28, 811, 809, 2, 7.71%, 0, 0, 2, 5.31, 16, 126, 0, 370, 103360, 38368, 0, 0.000, 0, 0, 0.000000, 0.000000, 0, 0, 0, 0, 0, 0, 40, 0
1777046846, 1, 28, 812, 810, 2, 7.71%, 0, 0, 2, 3.11, 16, 126, 0, 370, 103360, 38368, 0, 0.000, 0, 0, 0.000000, 0.000000, 0, 0, 0, 0, 0, 0, 40, 0
1777046851, 1, 28, 813, 811, 2, 7.72%, 0, 0, 2, 4.77, 16, 126, 0, 370, 103360, 38368, 0, 0.000, 0, 0, 0.000000, 0.000000, 0, 0, 0, 0, 0, 0, 40, 0
1777046866, 1, 28, 814, 812, 2, 7.72%, 0, 0, 2, 5.05, 16, 126, 0, 370, 103360, 38368, 0, 0.000, 0, 0, 0.000000, 0.000000, 0, 0, 0, 0, 0, 0, 40, 0
1777046877, 1, 28, 815, 813, 2, 7.72%, 0, 0, 2, 5.09, 16, 126, 0, 370, 103360, 38368, 0, 0.000, 0, 0, 0.000000, 0.000000, 0, 0, 0, 0, 0, 0, 40, 0
1777046971, 1, 28, 816, 814, 2, 7.72%, 0, 0, 2, 5.82, 16, 126, 0, 370, 103360, 38368, 0, 0.000, 0, 0, 0.000000, 0.000000, 0, 0, 0, 0, 0, 0, 42, 0
1777047007, 1, 28, 817, 815, 2, 7.72%, 0, 0, 2, 5.66, 16, 126, 0, 370, 103360, 38368, 0, 0.000, 0, 0, 0.000000, 0.000000, 0, 0, 0, 0, 0, 0, 42, 0
1777047112, 1, 28, 818, 816, 2, 7.73%, 0, 0, 2, 5.38, 16, 126, 0, 370, 103360, 38368, 0, 0.000, 0, 0, 0.000000, 0.000000, 0, 0, 0, 0, 0, 0, 44, 0
1777047138, 1, 28, 819, 817, 2, 7.73%, 0, 0, 2, 5.19, 16, 126, 0, 370, 103360, 38368, 0, 0.000, 0, 0, 0.000000, 0.000000, 0, 0, 0, 0, 0, 0, 44, 0
1777047143, 1, 28, 820, 818, 2, 7.73%, 0, 0, 2, 5.19, 16, 126, 0, 370, 103360, 38368, 0, 0.000, 0, 0, 0.000000, 0.000000, 0, 0, 0, 0, 0, 0, 44, 0
1777047226, 1, 28, 821, 819, 2, 7.73%, 0, 0, 2, 5.27, 16, 126, 0, 370, 103360, 38368, 0, 0.000, 0, 0, 0.000000, 0.000000, 0, 0, 0, 0, 0, 0, 46, 0
1777047262, 1, 28, 822, 820, 2, 7.73%, 0, 0, 2, 5.28, 16, 126, 0, 370, 103360, 38368, 0, 0.000, 0, 0, 0.000000, 0.000000, 0, 0, 0, 0, 0, 0, 46, 0
1777047278, 1, 28, 823, 821, 2, 7.73%, 0, 0, 2, 5.20, 16, 126, 0, 370, 103360, 38368, 0, 0.000, 0, 0, 0.000000, 0.000000, 0, 0, 0, 0, 0, 0, 46, 0
