# unix_time, cycles_done, cur_path, paths_total, pending_total, pending_favs, map_size, unique_crashes, unique_hangs, max_depth, execs_per_sec, n_nodes, n_edges, chat_times
1768732000, 0, 0, 3, 3, 2, 0.58%, 0, 0, 2, 10.77, 11, 15, 0
1768732005, 0, 0, 9, 9, 2, 0.61%, 0, 0, 2, 12.50, 13, 21, 0
1768732010, 0, 0, 12, 12, 2, 0.63%, 0, 0, 2, 12.86, 13, 22, 0
1768732015, 0, 0, 16, 16, 2, 0.63%, 0, 0, 2, 12.58, 13, 22, 0
1768732026, 0, 0, 18, 18, 2, 0.63%, 0, 0, 2, 13.51, 13, 23, 0
1768732031, 0, 0, 19, 19, 2, 0.63%, 0, 0, 2, 13.35, 13, 23, 0
1768732041, 0, 0, 20, 20, 2, 0.64%, 0, 0, 2, 13.15, 13, 23, 0
1768732046, 0, 0, 22, 22, 2, 0.64%, 0, 0, 2, 12.29, 13, 24, 0
1768732051, 0, 0, 23, 23, 2, 0.65%, 0, 0, 2, 12.69, 13, 24, 0
1768732057, 0, 0, 24, 24, 2, 0.65%, 0, 0, 2, 13.62, 13, 25, 0
1768732072, 0, 0, 25, 25, 2, 0.65%, 0, 0, 2, 13.74, 13, 25, 0
1768732077, 0, 0, 26, 26, 2, 0.65%, 0, 0, 2, 13.09, 13, 25, 0
1768732082, 0, 0, 32, 32, 2, 0.66%, 0, 0, 2, 11.95, 13, 28, 0
1768732087, 0, 0, 36, 36, 2, 0.66%, 0, 0, 2, 10.37, 13, 30, 0
1768732093, 0, 0, 39, 39, 2, 0.66%, 0, 0, 2, 11.45, 13, 30, 0
1768732098, 0, 0, 42, 42, 2, 0.66%, 0, 0, 2, 15.25, 13, 32, 0
1768732103, 0, 0, 44, 44, 2, 0.66%, 0, 0, 2, 13.20, 13, 32, 0
1768732108, 0, 0, 45, 45, 2, 0.66%, 0, 0, 2, 10.91, 13, 33, 0
1768732123, 0, 0, 47, 47, 2, 0.67%, 0, 0, 2, 12.64, 13, 34, 0
1768732133, 0, 0, 48, 48, 2, 0.67%, 0, 0, 2, 13.01, 13, 35, 0
1768732139, 0, 0, 50, 50, 2, 0.67%, 0, 0, 2, 10.54, 13, 36, 0
1768732144, 0, 0, 52, 52, 2, 0.67%, 0, 0, 2, 9.05, 13, 36, 0
1768732149, 0, 0, 54, 54, 2, 0.68%, 0, 0, 2, 8.80, 13, 36, 0
1768732154, 0, 0, 55, 55, 2, 0.68%, 0, 0, 2, 9.08, 13, 36, 0
1768732159, 0, 0, 57, 57, 2, 0.68%, 0, 0, 2, 8.90, 13, 36, 0
1768732169, 0, 0, 58, 58, 2, 0.68%, 0, 0, 2, 10.50, 13, 37, 0
1768732174, 0, 0, 59, 59, 2, 0.68%, 0, 0, 2, 9.92, 13, 37, 0
1768732180, 0, 0, 61, 61, 2, 0.68%, 0, 0, 2, 8.54, 13, 37, 0
1768732195, 0, 0, 63, 63, 2, 0.69%, 0, 0, 2, 9.15, 13, 39, 0
1768732205, 0, 0, 65, 65, 2, 0.69%, 0, 0, 2, 9.08, 13, 39, 0
1768732210, 0, 0, 67, 67, 2, 0.69%, 0, 0, 2, 11.03, 13, 39, 0
1768732215, 0, 0, 69, 69, 2, 0.69%, 0, 0, 2, 10.33, 13, 40, 0
1768732231, 0, 0, 71, 71, 2, 0.69%, 0, 0, 2, 8.60, 13, 40, 0
1768732236, 0, 0, 72, 72, 2, 0.69%, 0, 0, 2, 8.56, 13, 40, 0
1768732241, 0, 0, 74, 74, 2, 0.70%, 0, 0, 2, 9.52, 13, 40, 0
1768732246, 0, 0, 76, 76, 2, 0.70%, 0, 0, 2, 8.82, 13, 40, 0
1768732252, 0, 0, 77, 77, 2, 0.71%, 0, 0, 2, 8.62, 14, 42, 0
1768732257, 0, 0, 78, 78, 2, 0.71%, 0, 0, 2, 9.36, 14, 42, 0
1768732267, 0, 0, 79, 79, 2, 0.72%, 0, 0, 2, 9.39, 14, 42, 0
1768732272, 0, 0, 80, 80, 2, 0.72%, 0, 0, 2, 9.20, 15, 44, 0
1768732282, 0, 0, 81, 81, 2, 0.72%, 0, 0, 2, 10.06, 15, 44, 0
1768732298, 0, 0, 82, 82, 2, 0.72%, 0, 0, 2, 8.00, 15, 45, 0
1768732308, 0, 13, 83, 82, 0, 0.72%, 0, 0, 3, 10.51, 15, 45, 0
1768732334, 0, 71, 83, 81, 0, 0.72%, 0, 0, 3, 10.69, 15, 45, 0
1768732339, 0, 71, 84, 82, 0, 0.73%, 0, 0, 3, 8.70, 15, 45, 0
1768732344, 0, 71, 86, 84, 0, 0.73%, 0, 0, 3, 5.97, 15, 45, 0
1768732349, 0, 71, 87, 85, 0, 0.73%, 0, 0, 3, 5.56, 15, 45, 0
1768732359, 0, 71, 88, 86, 0, 0.73%, 0, 0, 3, 5.69, 15, 45, 0
1768732411, 0, 71, 89, 87, 0, 0.73%, 0, 0, 3, 5.93, 15, 45, 0
1768732431, 0, 71, 90, 88, 0, 0.73%, 0, 0, 3, 5.71, 15, 45, 0
1768732447, 0, 71, 91, 89, 0, 0.73%, 0, 0, 3, 5.50, 15, 45, 0
1768732452, 0, 71, 92, 90, 0, 0.73%, 0, 0, 3, 5.60, 15, 45, 0
1768732462, 0, 71, 94, 92, 0, 0.73%, 0, 0, 3, 7.47, 15, 45, 0
1768732468, 0, 71, 95, 93, 0, 0.73%, 0, 0, 3, 9.27, 15, 45, 0
1768732473, 0, 71, 97, 95, 0, 0.73%, 0, 0, 3, 7.95, 15, 45, 0
1768732493, 0, 71, 98, 96, 0, 0.73%, 0, 0, 3, 12.37, 15, 45, 0
1768732519, 0, 71, 99, 97, 0, 0.73%, 0, 0, 3, 9.35, 15, 45, 0
1768732529, 0, 71, 100, 98, 0, 0.73%, 0, 0, 3, 6.48, 15, 45, 0
1768732550, 1, 0, 101, 98, 2, 0.74%, 0, 0, 3, 12.64, 15, 47, 0
1768732555, 1, 0, 104, 101, 2, 0.74%, 0, 0, 3, 10.85, 15, 55, 0
1768732560, 1, 0, 106, 103, 2, 0.74%, 0, 0, 3, 8.85, 15, 61, 0
1768732565, 1, 0, 108, 105, 2, 0.74%, 0, 0, 3, 8.76, 15, 61, 0
1768732570, 1, 0, 112, 109, 2, 0.78%, 0, 0, 3, 8.05, 17, 65, 0
1768732575, 1, 0, 114, 111, 2, 0.78%, 0, 0, 3, 8.22, 17, 66, 0
1768732580, 1, 0, 117, 114, 2, 0.79%, 0, 0, 3, 8.32, 17, 67, 0
1768732586, 1, 0, 120, 117, 2, 0.79%, 0, 0, 3, 9.07, 17, 67, 0
1768732591, 1, 0, 122, 119, 2, 0.79%, 0, 0, 3, 8.60, 17, 68, 0
