time,subject,fuzzer,run,cov_type,cov
1772025730,live555,chatafl,1,l_per,7.6
1772025730,live555,chatafl,1,l_abs,1806
1772025730,live555,chatafl,1,b_per,4.6
1772025730,live555,chatafl,1,b_abs,843
1772025734,live555,chatafl,1,l_per,7.6
1772025734,live555,chatafl,1,l_abs,1806
1772025734,live555,chatafl,1,b_per,4.6
1772025734,live555,chatafl,1,b_abs,843
1772025737,live555,chatafl,1,l_per,7.6
1772025737,live555,chatafl,1,l_abs,1806
1772025737,live555,chatafl,1,b_per,4.6
1772025737,live555,chatafl,1,b_abs,843
1772025741,live555,chatafl,1,l_per,7.6
1772025741,live555,chatafl,1,l_abs,1806
1772025741,live555,chatafl,1,b_per,4.6
1772025741,live555,chatafl,1,b_abs,843
1772025746,live555,chatafl,1,l_per,7.6
1772025746,live555,chatafl,1,l_abs,1806
1772025746,live555,chatafl,1,b_per,4.6
1772025746,live555,chatafl,1,b_abs,843
1772025750,live555,chatafl,1,l_per,14.2
1772025750,live555,chatafl,1,l_abs,3374
1772025750,live555,chatafl,1,b_per,8.7
1772025750,live555,chatafl,1,b_abs,1620
1772025751,live555,chatafl,1,l_per,16.2
1772025751,live555,chatafl,1,l_abs,3840
1772025751,live555,chatafl,1,b_per,10.0
1772025751,live555,chatafl,1,b_abs,1858
1772025751,live555,chatafl,1,l_per,16.7
1772025751,live555,chatafl,1,l_abs,3971
1772025751,live555,chatafl,1,b_per,10.3
1772025751,live555,chatafl,1,b_abs,1911
1772025755,live555,chatafl,1,l_per,17.2
1772025755,live555,chatafl,1,l_abs,4086
1772025755,live555,chatafl,1,b_per,10.5
1772025755,live555,chatafl,1,b_abs,1946
1772025756,live555,chatafl,1,l_per,18.1
1772025756,live555,chatafl,1,l_abs,4317
1772025756,live555,chatafl,1,b_per,11.1
1772025756,live555,chatafl,1,b_abs,2051
1772025756,live555,chatafl,1,l_per,20.3
1772025756,live555,chatafl,1,l_abs,4840
1772025756,live555,chatafl,1,b_per,12.3
1772025756,live555,chatafl,1,b_abs,2273
1772025757,live555,chatafl,1,l_per,22.0
1772025757,live555,chatafl,1,l_abs,5252
1772025757,live555,chatafl,1,b_per,13.1
1772025757,live555,chatafl,1,b_abs,2425
1772025758,live555,chatafl,1,l_per,22.0
1772025758,live555,chatafl,1,l_abs,5252
1772025758,live555,chatafl,1,b_per,13.1
1772025758,live555,chatafl,1,b_abs,2425
1772025759,live555,chatafl,1,l_per,22.0
1772025759,live555,chatafl,1,l_abs,5252
1772025759,live555,chatafl,1,b_per,13.1
1772025759,live555,chatafl,1,b_abs,2425
1772025760,live555,chatafl,1,l_per,22.0
1772025760,live555,chatafl,1,l_abs,5255
1772025760,live555,chatafl,1,b_per,13.1
1772025760,live555,chatafl,1,b_abs,2430
1772025761,live555,chatafl,1,l_per,22.0
1772025761,live555,chatafl,1,l_abs,5255
1772025761,live555,chatafl,1,b_per,13.1
1772025761,live555,chatafl,1,b_abs,2431
1772025765,live555,chatafl,1,l_per,22.1
1772025765,live555,chatafl,1,l_abs,5273
1772025765,live555,chatafl,1,b_per,13.2
1772025765,live555,chatafl,1,b_abs,2437
1772025766,live555,chatafl,1,l_per,22.1
1772025766,live555,chatafl,1,l_abs,5273
1772025766,live555,chatafl,1,b_per,13.2
1772025766,live555,chatafl,1,b_abs,2437
1772025771,live555,chatafl,1,l_per,22.1
1772025771,live555,chatafl,1,l_abs,5273
1772025771,live555,chatafl,1,b_per,13.2
1772025771,live555,chatafl,1,b_abs,2439
1772025771,live555,chatafl,1,l_per,22.1
1772025771,live555,chatafl,1,l_abs,5273
1772025771,live555,chatafl,1,b_per,13.2
1772025771,live555,chatafl,1,b_abs,2439
1772025777,live555,chatafl,1,l_per,22.1
1772025777,live555,chatafl,1,l_abs,5273
1772025777,live555,chatafl,1,b_per,13.2
1772025777,live555,chatafl,1,b_abs,2439
1772025777,live555,chatafl,1,l_per,22.1
1772025777,live555,chatafl,1,l_abs,5273
1772025777,live555,chatafl,1,b_per,13.2
1772025777,live555,chatafl,1,b_abs,2439
1772025778,live555,chatafl,1,l_per,22.1
1772025778,live555,chatafl,1,l_abs,5273
1772025778,live555,chatafl,1,b_per,13.2
1772025778,live555,chatafl,1,b_abs,2441
1772025779,live555,chatafl,1,l_per,22.8
1772025779,live555,chatafl,1,l_abs,5435
1772025779,live555,chatafl,1,b_per,13.6
1772025779,live555,chatafl,1,b_abs,2519
1772025780,live555,chatafl,1,l_per,22.8
1772025780,live555,chatafl,1,l_abs,5440
1772025780,live555,chatafl,1,b_per,13.6
1772025780,live555,chatafl,1,b_abs,2521
1772025780,live555,chatafl,1,l_per,22.8
1772025780,live555,chatafl,1,l_abs,5446
1772025780,live555,chatafl,1,b_per,13.6
1772025780,live555,chatafl,1,b_abs,2523
1772025781,live555,chatafl,1,l_per,22.8
1772025781,live555,chatafl,1,l_abs,5446
1772025781,live555,chatafl,1,b_per,13.6
1772025781,live555,chatafl,1,b_abs,2523
1772025785,live555,chatafl,1,l_per,22.8
1772025785,live555,chatafl,1,l_abs,5450
1772025785,live555,chatafl,1,b_per,13.6
1772025785,live555,chatafl,1,b_abs,2525
1772025785,live555,chatafl,1,l_per,22.8
1772025785,live555,chatafl,1,l_abs,5450
1772025785,live555,chatafl,1,b_per,13.6
1772025785,live555,chatafl,1,b_abs,2525
1772025786,live555,chatafl,1,l_per,22.8
1772025786,live555,chatafl,1,l_abs,5450
1772025786,live555,chatafl,1,b_per,13.6
1772025786,live555,chatafl,1,b_abs,2525
1772025787,live555,chatafl,1,l_per,22.8
1772025787,live555,chatafl,1,l_abs,5450
1772025787,live555,chatafl,1,b_per,13.6
1772025787,live555,chatafl,1,b_abs,2525
1772025788,live555,chatafl,1,l_per,22.8
1772025788,live555,chatafl,1,l_abs,5450
1772025788,live555,chatafl,1,b_per,13.6
1772025788,live555,chatafl,1,b_abs,2525
1772025788,live555,chatafl,1,l_per,22.8
1772025788,live555,chatafl,1,l_abs,5450
1772025788,live555,chatafl,1,b_per,13.6
1772025788,live555,chatafl,1,b_abs,2525
1772025789,live555,chatafl,1,l_per,22.8
1772025789,live555,chatafl,1,l_abs,5450
1772025789,live555,chatafl,1,b_per,13.6
1772025789,live555,chatafl,1,b_abs,2525
1772025790,live555,chatafl,1,l_per,22.8
1772025790,live555,chatafl,1,l_abs,5450
1772025790,live555,chatafl,1,b_per,13.6
1772025790,live555,chatafl,1,b_abs,2525
1772025791,live555,chatafl,1,l_per,22.9
1772025791,live555,chatafl,1,l_abs,5453
1772025791,live555,chatafl,1,b_per,13.6
1772025791,live555,chatafl,1,b_abs,2527
1772025791,live555,chatafl,1,l_per,22.9
1772025791,live555,chatafl,1,l_abs,5460
1772025791,live555,chatafl,1,b_per,13.7
1772025791,live555,chatafl,1,b_abs,2529
1772025795,live555,chatafl,1,l_per,22.9
1772025795,live555,chatafl,1,l_abs,5460
1772025795,live555,chatafl,1,b_per,13.7
1772025795,live555,chatafl,1,b_abs,2529
1772025796,live555,chatafl,1,l_per,22.9
1772025796,live555,chatafl,1,l_abs,5460
1772025796,live555,chatafl,1,b_per,13.7
1772025796,live555,chatafl,1,b_abs,2529
1772025797,live555,chatafl,1,l_per,22.9
1772025797,live555,chatafl,1,l_abs,5460
1772025797,live555,chatafl,1,b_per,13.7
1772025797,live555,chatafl,1,b_abs,2529
1772025798,live555,chatafl,1,l_per,22.9
1772025798,live555,chatafl,1,l_abs,5460
1772025798,live555,chatafl,1,b_per,13.7
1772025798,live555,chatafl,1,b_abs,2529
1772025799,live555,chatafl,1,l_per,22.9
1772025799,live555,chatafl,1,l_abs,5460
1772025799,live555,chatafl,1,b_per,13.7
1772025799,live555,chatafl,1,b_abs,2529
1772025800,live555,chatafl,1,l_per,22.9
1772025800,live555,chatafl,1,l_abs,5461
1772025800,live555,chatafl,1,b_per,13.7
1772025800,live555,chatafl,1,b_abs,2531
1772025801,live555,chatafl,1,l_per,22.9
1772025801,live555,chatafl,1,l_abs,5461
1772025801,live555,chatafl,1,b_per,13.7
1772025801,live555,chatafl,1,b_abs,2532
1772025802,live555,chatafl,1,l_per,22.9
1772025802,live555,chatafl,1,l_abs,5461
1772025802,live555,chatafl,1,b_per,13.7
1772025802,live555,chatafl,1,b_abs,2532
1772025802,live555,chatafl,1,l_per,22.9
1772025802,live555,chatafl,1,l_abs,5461
1772025802,live555,chatafl,1,b_per,13.7
1772025802,live555,chatafl,1,b_abs,2532
1772025803,live555,chatafl,1,l_per,22.9
1772025803,live555,chatafl,1,l_abs,5462
1772025803,live555,chatafl,1,b_per,13.7
1772025803,live555,chatafl,1,b_abs,2533
1772025804,live555,chatafl,1,l_per,22.9
1772025804,live555,chatafl,1,l_abs,5462
1772025804,live555,chatafl,1,b_per,13.7
1772025804,live555,chatafl,1,b_abs,2533
1772025805,live555,chatafl,1,l_per,22.9
1772025805,live555,chatafl,1,l_abs,5462
1772025805,live555,chatafl,1,b_per,13.7
1772025805,live555,chatafl,1,b_abs,2533
1772025806,live555,chatafl,1,l_per,22.9
1772025806,live555,chatafl,1,l_abs,5462
1772025806,live555,chatafl,1,b_per,13.7
1772025806,live555,chatafl,1,b_abs,2533
1772025806,live555,chatafl,1,l_per,22.9
1772025806,live555,chatafl,1,l_abs,5462
1772025806,live555,chatafl,1,b_per,13.7
1772025806,live555,chatafl,1,b_abs,2533
1772025807,live555,chatafl,1,l_per,22.9
1772025807,live555,chatafl,1,l_abs,5462
1772025807,live555,chatafl,1,b_per,13.7
1772025807,live555,chatafl,1,b_abs,2533
1772025808,live555,chatafl,1,l_per,22.9
1772025808,live555,chatafl,1,l_abs,5462
1772025808,live555,chatafl,1,b_per,13.7
1772025808,live555,chatafl,1,b_abs,2533
1772025813,live555,chatafl,1,l_per,22.9
1772025813,live555,chatafl,1,l_abs,5462
1772025813,live555,chatafl,1,b_per,13.7
1772025813,live555,chatafl,1,b_abs,2533
1772025817,live555,chatafl,1,l_per,22.9
1772025817,live555,chatafl,1,l_abs,5462
1772025817,live555,chatafl,1,b_per,13.7
1772025817,live555,chatafl,1,b_abs,2533
1772025818,live555,chatafl,1,l_per,22.9
1772025818,live555,chatafl,1,l_abs,5462
1772025818,live555,chatafl,1,b_per,13.7
1772025818,live555,chatafl,1,b_abs,2533
1772025819,live555,chatafl,1,l_per,22.9
1772025819,live555,chatafl,1,l_abs,5462
1772025819,live555,chatafl,1,b_per,13.7
1772025819,live555,chatafl,1,b_abs,2533
1772025820,live555,chatafl,1,l_per,22.9
1772025820,live555,chatafl,1,l_abs,5462
1772025820,live555,chatafl,1,b_per,13.7
1772025820,live555,chatafl,1,b_abs,2533
1772025820,live555,chatafl,1,l_per,22.9
1772025820,live555,chatafl,1,l_abs,5462
1772025820,live555,chatafl,1,b_per,13.7
1772025820,live555,chatafl,1,b_abs,2533
1772025821,live555,chatafl,1,l_per,22.9
1772025821,live555,chatafl,1,l_abs,5462
1772025821,live555,chatafl,1,b_per,13.7
1772025821,live555,chatafl,1,b_abs,2533
1772025822,live555,chatafl,1,l_per,22.9
1772025822,live555,chatafl,1,l_abs,5462
1772025822,live555,chatafl,1,b_per,13.7
1772025822,live555,chatafl,1,b_abs,2533
1772025822,live555,chatafl,1,l_per,22.9
1772025822,live555,chatafl,1,l_abs,5464
1772025822,live555,chatafl,1,b_per,13.7
1772025822,live555,chatafl,1,b_abs,2533
1772025823,live555,chatafl,1,l_per,22.9
1772025823,live555,chatafl,1,l_abs,5464
1772025823,live555,chatafl,1,b_per,13.7
1772025823,live555,chatafl,1,b_abs,2533
1772025824,live555,chatafl,1,l_per,22.9
1772025824,live555,chatafl,1,l_abs,5464
1772025824,live555,chatafl,1,b_per,13.7
1772025824,live555,chatafl,1,b_abs,2533
1772025825,live555,chatafl,1,l_per,22.9
1772025825,live555,chatafl,1,l_abs,5464
1772025825,live555,chatafl,1,b_per,13.7
1772025825,live555,chatafl,1,b_abs,2533
1772025825,live555,chatafl,1,l_per,22.9
1772025825,live555,chatafl,1,l_abs,5464
1772025825,live555,chatafl,1,b_per,13.7
1772025825,live555,chatafl,1,b_abs,2533
1772025826,live555,chatafl,1,l_per,22.9
1772025826,live555,chatafl,1,l_abs,5464
1772025826,live555,chatafl,1,b_per,13.7
1772025826,live555,chatafl,1,b_abs,2533
1772025827,live555,chatafl,1,l_per,22.9
1772025827,live555,chatafl,1,l_abs,5464
1772025827,live555,chatafl,1,b_per,13.7
1772025827,live555,chatafl,1,b_abs,2533
1772025828,live555,chatafl,1,l_per,22.9
1772025828,live555,chatafl,1,l_abs,5464
1772025828,live555,chatafl,1,b_per,13.7
1772025828,live555,chatafl,1,b_abs,2533
1772025829,live555,chatafl,1,l_per,22.9
1772025829,live555,chatafl,1,l_abs,5464
1772025829,live555,chatafl,1,b_per,13.7
1772025829,live555,chatafl,1,b_abs,2533
1772025830,live555,chatafl,1,l_per,22.9
1772025830,live555,chatafl,1,l_abs,5464
1772025830,live555,chatafl,1,b_per,13.7
1772025830,live555,chatafl,1,b_abs,2533
1772025830,live555,chatafl,1,l_per,22.9
1772025830,live555,chatafl,1,l_abs,5464
1772025830,live555,chatafl,1,b_per,13.7
1772025830,live555,chatafl,1,b_abs,2533
1772025831,live555,chatafl,1,l_per,22.9
1772025831,live555,chatafl,1,l_abs,5464
1772025831,live555,chatafl,1,b_per,13.7
1772025831,live555,chatafl,1,b_abs,2533
1772025832,live555,chatafl,1,l_per,22.9
1772025832,live555,chatafl,1,l_abs,5464
1772025832,live555,chatafl,1,b_per,13.7
1772025832,live555,chatafl,1,b_abs,2533
1772025833,live555,chatafl,1,l_per,22.9
1772025833,live555,chatafl,1,l_abs,5464
1772025833,live555,chatafl,1,b_per,13.7
1772025833,live555,chatafl,1,b_abs,2533
1772025833,live555,chatafl,1,l_per,22.9
1772025833,live555,chatafl,1,l_abs,5468
1772025833,live555,chatafl,1,b_per,13.7
1772025833,live555,chatafl,1,b_abs,2534
1772025834,live555,chatafl,1,l_per,22.9
1772025834,live555,chatafl,1,l_abs,5468
1772025834,live555,chatafl,1,b_per,13.7
1772025834,live555,chatafl,1,b_abs,2534
1772025835,live555,chatafl,1,l_per,22.9
1772025835,live555,chatafl,1,l_abs,5468
1772025835,live555,chatafl,1,b_per,13.7
1772025835,live555,chatafl,1,b_abs,2534
1772025836,live555,chatafl,1,l_per,22.9
1772025836,live555,chatafl,1,l_abs,5468
1772025836,live555,chatafl,1,b_per,13.7
1772025836,live555,chatafl,1,b_abs,2534
1772025836,live555,chatafl,1,l_per,22.9
1772025836,live555,chatafl,1,l_abs,5468
1772025836,live555,chatafl,1,b_per,13.7
1772025836,live555,chatafl,1,b_abs,2534
1772025837,live555,chatafl,1,l_per,22.9
1772025837,live555,chatafl,1,l_abs,5468
1772025837,live555,chatafl,1,b_per,13.7
1772025837,live555,chatafl,1,b_abs,2534
1772025838,live555,chatafl,1,l_per,22.9
1772025838,live555,chatafl,1,l_abs,5468
1772025838,live555,chatafl,1,b_per,13.7
1772025838,live555,chatafl,1,b_abs,2534
1772025839,live555,chatafl,1,l_per,22.9
1772025839,live555,chatafl,1,l_abs,5468
1772025839,live555,chatafl,1,b_per,13.7
1772025839,live555,chatafl,1,b_abs,2534
1772025840,live555,chatafl,1,l_per,22.9
1772025840,live555,chatafl,1,l_abs,5468
1772025840,live555,chatafl,1,b_per,13.7
1772025840,live555,chatafl,1,b_abs,2534
1772025841,live555,chatafl,1,l_per,22.9
1772025841,live555,chatafl,1,l_abs,5468
1772025841,live555,chatafl,1,b_per,13.7
1772025841,live555,chatafl,1,b_abs,2534
1772025841,live555,chatafl,1,l_per,22.9
1772025841,live555,chatafl,1,l_abs,5468
1772025841,live555,chatafl,1,b_per,13.7
1772025841,live555,chatafl,1,b_abs,2534
1772025842,live555,chatafl,1,l_per,22.9
1772025842,live555,chatafl,1,l_abs,5468
1772025842,live555,chatafl,1,b_per,13.7
1772025842,live555,chatafl,1,b_abs,2534
1772025843,live555,chatafl,1,l_per,22.9
1772025843,live555,chatafl,1,l_abs,5468
1772025843,live555,chatafl,1,b_per,13.7
1772025843,live555,chatafl,1,b_abs,2534
1772025847,live555,chatafl,1,l_per,22.9
1772025847,live555,chatafl,1,l_abs,5468
1772025847,live555,chatafl,1,b_per,13.7
1772025847,live555,chatafl,1,b_abs,2534
1772025848,live555,chatafl,1,l_per,22.9
1772025848,live555,chatafl,1,l_abs,5468
1772025848,live555,chatafl,1,b_per,13.7
1772025848,live555,chatafl,1,b_abs,2534
1772025849,live555,chatafl,1,l_per,22.9
1772025849,live555,chatafl,1,l_abs,5471
1772025849,live555,chatafl,1,b_per,13.7
1772025849,live555,chatafl,1,b_abs,2537
1772025849,live555,chatafl,1,l_per,22.9
1772025849,live555,chatafl,1,l_abs,5471
1772025849,live555,chatafl,1,b_per,13.7
1772025849,live555,chatafl,1,b_abs,2537
1772025850,live555,chatafl,1,l_per,22.9
1772025850,live555,chatafl,1,l_abs,5471
1772025850,live555,chatafl,1,b_per,13.7
1772025850,live555,chatafl,1,b_abs,2537
1772025851,live555,chatafl,1,l_per,22.9
1772025851,live555,chatafl,1,l_abs,5471
1772025851,live555,chatafl,1,b_per,13.7
1772025851,live555,chatafl,1,b_abs,2537
1772025851,live555,chatafl,1,l_per,22.9
1772025851,live555,chatafl,1,l_abs,5471
1772025851,live555,chatafl,1,b_per,13.7
1772025851,live555,chatafl,1,b_abs,2537
1772025852,live555,chatafl,1,l_per,22.9
1772025852,live555,chatafl,1,l_abs,5471
1772025852,live555,chatafl,1,b_per,13.7
1772025852,live555,chatafl,1,b_abs,2537
1772025853,live555,chatafl,1,l_per,22.9
1772025853,live555,chatafl,1,l_abs,5471
1772025853,live555,chatafl,1,b_per,13.7
1772025853,live555,chatafl,1,b_abs,2537
1772025853,live555,chatafl,1,l_per,22.9
1772025853,live555,chatafl,1,l_abs,5471
1772025853,live555,chatafl,1,b_per,13.7
1772025853,live555,chatafl,1,b_abs,2537
1772025854,live555,chatafl,1,l_per,22.9
1772025854,live555,chatafl,1,l_abs,5471
1772025854,live555,chatafl,1,b_per,13.7
1772025854,live555,chatafl,1,b_abs,2537
1772025855,live555,chatafl,1,l_per,22.9
1772025855,live555,chatafl,1,l_abs,5471
1772025855,live555,chatafl,1,b_per,13.7
1772025855,live555,chatafl,1,b_abs,2537
1772025856,live555,chatafl,1,l_per,22.9
1772025856,live555,chatafl,1,l_abs,5471
1772025856,live555,chatafl,1,b_per,13.7
1772025856,live555,chatafl,1,b_abs,2537
1772025857,live555,chatafl,1,l_per,22.9
1772025857,live555,chatafl,1,l_abs,5471
1772025857,live555,chatafl,1,b_per,13.7
1772025857,live555,chatafl,1,b_abs,2537
1772025858,live555,chatafl,1,l_per,22.9
1772025858,live555,chatafl,1,l_abs,5471
1772025858,live555,chatafl,1,b_per,13.7
1772025858,live555,chatafl,1,b_abs,2537
1772025858,live555,chatafl,1,l_per,22.9
1772025858,live555,chatafl,1,l_abs,5471
1772025858,live555,chatafl,1,b_per,13.7
1772025858,live555,chatafl,1,b_abs,2537
1772025859,live555,chatafl,1,l_per,22.9
1772025859,live555,chatafl,1,l_abs,5471
1772025859,live555,chatafl,1,b_per,13.7
1772025859,live555,chatafl,1,b_abs,2537
1772025860,live555,chatafl,1,l_per,22.9
1772025860,live555,chatafl,1,l_abs,5471
1772025860,live555,chatafl,1,b_per,13.7
1772025860,live555,chatafl,1,b_abs,2537
1772025861,live555,chatafl,1,l_per,22.9
1772025861,live555,chatafl,1,l_abs,5471
1772025861,live555,chatafl,1,b_per,13.7
1772025861,live555,chatafl,1,b_abs,2537
1772025865,live555,chatafl,1,l_per,22.9
1772025865,live555,chatafl,1,l_abs,5471
1772025865,live555,chatafl,1,b_per,13.7
1772025865,live555,chatafl,1,b_abs,2537
1772025866,live555,chatafl,1,l_per,22.9
1772025866,live555,chatafl,1,l_abs,5471
1772025866,live555,chatafl,1,b_per,13.7
1772025866,live555,chatafl,1,b_abs,2537
1772025867,live555,chatafl,1,l_per,22.9
1772025867,live555,chatafl,1,l_abs,5471
1772025867,live555,chatafl,1,b_per,13.7
1772025867,live555,chatafl,1,b_abs,2537
1772025868,live555,chatafl,1,l_per,22.9
1772025868,live555,chatafl,1,l_abs,5471
1772025868,live555,chatafl,1,b_per,13.7
1772025868,live555,chatafl,1,b_abs,2537
1772025869,live555,chatafl,1,l_per,22.9
1772025869,live555,chatafl,1,l_abs,5471
1772025869,live555,chatafl,1,b_per,13.7
1772025869,live555,chatafl,1,b_abs,2537
1772025870,live555,chatafl,1,l_per,22.9
1772025870,live555,chatafl,1,l_abs,5471
1772025870,live555,chatafl,1,b_per,13.7
1772025870,live555,chatafl,1,b_abs,2537
1772025871,live555,chatafl,1,l_per,22.9
1772025871,live555,chatafl,1,l_abs,5471
1772025871,live555,chatafl,1,b_per,13.7
1772025871,live555,chatafl,1,b_abs,2537
1772025875,live555,chatafl,1,l_per,22.9
1772025875,live555,chatafl,1,l_abs,5471
1772025875,live555,chatafl,1,b_per,13.7
1772025875,live555,chatafl,1,b_abs,2537
1772025875,live555,chatafl,1,l_per,22.9
1772025875,live555,chatafl,1,l_abs,5471
1772025875,live555,chatafl,1,b_per,13.7
1772025875,live555,chatafl,1,b_abs,2537
1772025876,live555,chatafl,1,l_per,23.0
1772025876,live555,chatafl,1,l_abs,5476
1772025876,live555,chatafl,1,b_per,13.7
1772025876,live555,chatafl,1,b_abs,2542
1772025877,live555,chatafl,1,l_per,23.0
1772025877,live555,chatafl,1,l_abs,5476
1772025877,live555,chatafl,1,b_per,13.7
1772025877,live555,chatafl,1,b_abs,2542
1772025878,live555,chatafl,1,l_per,23.0
1772025878,live555,chatafl,1,l_abs,5476
1772025878,live555,chatafl,1,b_per,13.7
1772025878,live555,chatafl,1,b_abs,2542
1772025878,live555,chatafl,1,l_per,23.0
1772025878,live555,chatafl,1,l_abs,5476
1772025878,live555,chatafl,1,b_per,13.7
1772025878,live555,chatafl,1,b_abs,2542
1772025882,live555,chatafl,1,l_per,23.0
1772025882,live555,chatafl,1,l_abs,5476
1772025882,live555,chatafl,1,b_per,13.7
1772025882,live555,chatafl,1,b_abs,2542
1772025882,live555,chatafl,1,l_per,23.0
1772025882,live555,chatafl,1,l_abs,5476
1772025882,live555,chatafl,1,b_per,13.7
1772025882,live555,chatafl,1,b_abs,2542
1772025883,live555,chatafl,1,l_per,23.0
1772025883,live555,chatafl,1,l_abs,5476
1772025883,live555,chatafl,1,b_per,13.7
1772025883,live555,chatafl,1,b_abs,2542
1772025884,live555,chatafl,1,l_per,23.0
1772025884,live555,chatafl,1,l_abs,5476
1772025884,live555,chatafl,1,b_per,13.7
1772025884,live555,chatafl,1,b_abs,2542
1772025885,live555,chatafl,1,l_per,23.0
1772025885,live555,chatafl,1,l_abs,5476
1772025885,live555,chatafl,1,b_per,13.7
1772025885,live555,chatafl,1,b_abs,2542
1772025886,live555,chatafl,1,l_per,23.0
1772025886,live555,chatafl,1,l_abs,5476
1772025886,live555,chatafl,1,b_per,13.7
1772025886,live555,chatafl,1,b_abs,2542
1772025887,live555,chatafl,1,l_per,23.0
1772025887,live555,chatafl,1,l_abs,5476
1772025887,live555,chatafl,1,b_per,13.7
1772025887,live555,chatafl,1,b_abs,2542
1772025888,live555,chatafl,1,l_per,23.0
1772025888,live555,chatafl,1,l_abs,5476
1772025888,live555,chatafl,1,b_per,13.7
1772025888,live555,chatafl,1,b_abs,2542
1772025892,live555,chatafl,1,l_per,23.0
1772025892,live555,chatafl,1,l_abs,5476
1772025892,live555,chatafl,1,b_per,13.7
1772025892,live555,chatafl,1,b_abs,2542
1772025893,live555,chatafl,1,l_per,23.0
1772025893,live555,chatafl,1,l_abs,5476
1772025893,live555,chatafl,1,b_per,13.7
1772025893,live555,chatafl,1,b_abs,2542
1772025894,live555,chatafl,1,l_per,23.0
1772025894,live555,chatafl,1,l_abs,5476
1772025894,live555,chatafl,1,b_per,13.7
1772025894,live555,chatafl,1,b_abs,2542
1772025894,live555,chatafl,1,l_per,23.0
1772025894,live555,chatafl,1,l_abs,5476
1772025894,live555,chatafl,1,b_per,13.7
1772025894,live555,chatafl,1,b_abs,2542
1772025895,live555,chatafl,1,l_per,23.0
1772025895,live555,chatafl,1,l_abs,5476
1772025895,live555,chatafl,1,b_per,13.7
1772025895,live555,chatafl,1,b_abs,2542
1772025896,live555,chatafl,1,l_per,23.0
1772025896,live555,chatafl,1,l_abs,5476
1772025896,live555,chatafl,1,b_per,13.7
1772025896,live555,chatafl,1,b_abs,2542
1772025897,live555,chatafl,1,l_per,23.0
1772025897,live555,chatafl,1,l_abs,5476
1772025897,live555,chatafl,1,b_per,13.7
1772025897,live555,chatafl,1,b_abs,2542
1772025897,live555,chatafl,1,l_per,23.0
1772025897,live555,chatafl,1,l_abs,5476
1772025897,live555,chatafl,1,b_per,13.7
1772025897,live555,chatafl,1,b_abs,2542
1772025898,live555,chatafl,1,l_per,23.0
1772025898,live555,chatafl,1,l_abs,5476
1772025898,live555,chatafl,1,b_per,13.7
1772025898,live555,chatafl,1,b_abs,2542
1772025899,live555,chatafl,1,l_per,23.0
1772025899,live555,chatafl,1,l_abs,5476
1772025899,live555,chatafl,1,b_per,13.7
1772025899,live555,chatafl,1,b_abs,2542
1772025900,live555,chatafl,1,l_per,23.0
1772025900,live555,chatafl,1,l_abs,5476
1772025900,live555,chatafl,1,b_per,13.7
1772025900,live555,chatafl,1,b_abs,2542
1772025901,live555,chatafl,1,l_per,23.0
1772025901,live555,chatafl,1,l_abs,5476
1772025901,live555,chatafl,1,b_per,13.7
1772025901,live555,chatafl,1,b_abs,2542
1772025901,live555,chatafl,1,l_per,23.0
1772025901,live555,chatafl,1,l_abs,5476
1772025901,live555,chatafl,1,b_per,13.7
1772025901,live555,chatafl,1,b_abs,2542
1772025902,live555,chatafl,1,l_per,23.0
1772025902,live555,chatafl,1,l_abs,5476
1772025902,live555,chatafl,1,b_per,13.7
1772025902,live555,chatafl,1,b_abs,2542
1772025903,live555,chatafl,1,l_per,23.0
1772025903,live555,chatafl,1,l_abs,5476
1772025903,live555,chatafl,1,b_per,13.7
1772025903,live555,chatafl,1,b_abs,2542
1772025903,live555,chatafl,1,l_per,23.0
1772025903,live555,chatafl,1,l_abs,5476
1772025903,live555,chatafl,1,b_per,13.7
1772025903,live555,chatafl,1,b_abs,2542
1772025904,live555,chatafl,1,l_per,23.0
1772025904,live555,chatafl,1,l_abs,5476
1772025904,live555,chatafl,1,b_per,13.7
1772025904,live555,chatafl,1,b_abs,2542
1772025905,live555,chatafl,1,l_per,23.0
1772025905,live555,chatafl,1,l_abs,5476
1772025905,live555,chatafl,1,b_per,13.7
1772025905,live555,chatafl,1,b_abs,2542
1772025906,live555,chatafl,1,l_per,23.0
1772025906,live555,chatafl,1,l_abs,5476
1772025906,live555,chatafl,1,b_per,13.7
1772025906,live555,chatafl,1,b_abs,2542
1772025906,live555,chatafl,1,l_per,23.0
1772025906,live555,chatafl,1,l_abs,5476
1772025906,live555,chatafl,1,b_per,13.7
1772025906,live555,chatafl,1,b_abs,2542
1772025907,live555,chatafl,1,l_per,23.0
1772025907,live555,chatafl,1,l_abs,5476
1772025907,live555,chatafl,1,b_per,13.7
1772025907,live555,chatafl,1,b_abs,2542
1772025908,live555,chatafl,1,l_per,23.0
1772025908,live555,chatafl,1,l_abs,5476
1772025908,live555,chatafl,1,b_per,13.7
1772025908,live555,chatafl,1,b_abs,2542
1772025909,live555,chatafl,1,l_per,23.0
1772025909,live555,chatafl,1,l_abs,5476
1772025909,live555,chatafl,1,b_per,13.7
1772025909,live555,chatafl,1,b_abs,2542
1772025910,live555,chatafl,1,l_per,23.0
1772025910,live555,chatafl,1,l_abs,5476
1772025910,live555,chatafl,1,b_per,13.7
1772025910,live555,chatafl,1,b_abs,2542
1772025911,live555,chatafl,1,l_per,23.0
1772025911,live555,chatafl,1,l_abs,5476
1772025911,live555,chatafl,1,b_per,13.7
1772025911,live555,chatafl,1,b_abs,2542
1772025911,live555,chatafl,1,l_per,23.0
1772025911,live555,chatafl,1,l_abs,5476
1772025911,live555,chatafl,1,b_per,13.7
1772025911,live555,chatafl,1,b_abs,2542
1772025912,live555,chatafl,1,l_per,23.0
1772025912,live555,chatafl,1,l_abs,5476
1772025912,live555,chatafl,1,b_per,13.7
1772025912,live555,chatafl,1,b_abs,2542
1772025913,live555,chatafl,1,l_per,23.0
1772025913,live555,chatafl,1,l_abs,5476
1772025913,live555,chatafl,1,b_per,13.7
1772025913,live555,chatafl,1,b_abs,2542
1772025917,live555,chatafl,1,l_per,23.0
1772025917,live555,chatafl,1,l_abs,5476
1772025917,live555,chatafl,1,b_per,13.7
1772025917,live555,chatafl,1,b_abs,2542
1772025918,live555,chatafl,1,l_per,23.0
1772025918,live555,chatafl,1,l_abs,5476
1772025918,live555,chatafl,1,b_per,13.7
1772025918,live555,chatafl,1,b_abs,2542
1772025918,live555,chatafl,1,l_per,23.0
1772025918,live555,chatafl,1,l_abs,5476
1772025918,live555,chatafl,1,b_per,13.7
1772025918,live555,chatafl,1,b_abs,2542
1772025919,live555,chatafl,1,l_per,23.0
1772025919,live555,chatafl,1,l_abs,5476
1772025919,live555,chatafl,1,b_per,13.7
1772025919,live555,chatafl,1,b_abs,2542
1772025920,live555,chatafl,1,l_per,23.0
1772025920,live555,chatafl,1,l_abs,5476
1772025920,live555,chatafl,1,b_per,13.7
1772025920,live555,chatafl,1,b_abs,2542
1772025920,live555,chatafl,1,l_per,23.0
1772025920,live555,chatafl,1,l_abs,5476
1772025920,live555,chatafl,1,b_per,13.7
1772025920,live555,chatafl,1,b_abs,2544
1772025921,live555,chatafl,1,l_per,23.0
1772025921,live555,chatafl,1,l_abs,5476
1772025921,live555,chatafl,1,b_per,13.7
1772025921,live555,chatafl,1,b_abs,2544
1772025922,live555,chatafl,1,l_per,23.0
1772025922,live555,chatafl,1,l_abs,5476
1772025922,live555,chatafl,1,b_per,13.7
1772025922,live555,chatafl,1,b_abs,2544
1772025923,live555,chatafl,1,l_per,23.0
1772025923,live555,chatafl,1,l_abs,5476
1772025923,live555,chatafl,1,b_per,13.7
1772025923,live555,chatafl,1,b_abs,2544
1772025923,live555,chatafl,1,l_per,23.0
1772025923,live555,chatafl,1,l_abs,5476
1772025923,live555,chatafl,1,b_per,13.7
1772025923,live555,chatafl,1,b_abs,2544
1772025925,live555,chatafl,1,l_per,23.0
1772025925,live555,chatafl,1,l_abs,5476
1772025925,live555,chatafl,1,b_per,13.7
1772025925,live555,chatafl,1,b_abs,2544
1772025925,live555,chatafl,1,l_per,23.0
1772025925,live555,chatafl,1,l_abs,5476
1772025925,live555,chatafl,1,b_per,13.7
1772025925,live555,chatafl,1,b_abs,2544
1772025929,live555,chatafl,1,l_per,23.0
1772025929,live555,chatafl,1,l_abs,5476
1772025929,live555,chatafl,1,b_per,13.7
1772025929,live555,chatafl,1,b_abs,2544
1772025930,live555,chatafl,1,l_per,23.0
1772025930,live555,chatafl,1,l_abs,5476
1772025930,live555,chatafl,1,b_per,13.7
1772025930,live555,chatafl,1,b_abs,2544
1772025931,live555,chatafl,1,l_per,23.0
1772025931,live555,chatafl,1,l_abs,5476
1772025931,live555,chatafl,1,b_per,13.7
1772025931,live555,chatafl,1,b_abs,2544
1772025932,live555,chatafl,1,l_per,23.0
1772025932,live555,chatafl,1,l_abs,5476
1772025932,live555,chatafl,1,b_per,13.7
1772025932,live555,chatafl,1,b_abs,2544
1772025933,live555,chatafl,1,l_per,23.0
1772025933,live555,chatafl,1,l_abs,5476
1772025933,live555,chatafl,1,b_per,13.7
1772025933,live555,chatafl,1,b_abs,2544
1772025934,live555,chatafl,1,l_per,23.0
1772025934,live555,chatafl,1,l_abs,5476
1772025934,live555,chatafl,1,b_per,13.7
1772025934,live555,chatafl,1,b_abs,2544
1772025935,live555,chatafl,1,l_per,23.0
1772025935,live555,chatafl,1,l_abs,5476
1772025935,live555,chatafl,1,b_per,13.7
1772025935,live555,chatafl,1,b_abs,2544
1772025936,live555,chatafl,1,l_per,23.0
1772025936,live555,chatafl,1,l_abs,5476
1772025936,live555,chatafl,1,b_per,13.7
1772025936,live555,chatafl,1,b_abs,2544
1772025937,live555,chatafl,1,l_per,23.0
1772025937,live555,chatafl,1,l_abs,5476
1772025937,live555,chatafl,1,b_per,13.7
1772025937,live555,chatafl,1,b_abs,2544
1772025937,live555,chatafl,1,l_per,23.0
1772025937,live555,chatafl,1,l_abs,5476
1772025937,live555,chatafl,1,b_per,13.7
1772025937,live555,chatafl,1,b_abs,2544
1772025938,live555,chatafl,1,l_per,23.0
1772025938,live555,chatafl,1,l_abs,5476
1772025938,live555,chatafl,1,b_per,13.7
1772025938,live555,chatafl,1,b_abs,2544
1772025939,live555,chatafl,1,l_per,23.0
1772025939,live555,chatafl,1,l_abs,5489
1772025939,live555,chatafl,1,b_per,13.8
1772025939,live555,chatafl,1,b_abs,2549
1772025940,live555,chatafl,1,l_per,23.0
1772025940,live555,chatafl,1,l_abs,5489
1772025940,live555,chatafl,1,b_per,13.8
1772025940,live555,chatafl,1,b_abs,2549
1772025941,live555,chatafl,1,l_per,23.0
1772025941,live555,chatafl,1,l_abs,5489
1772025941,live555,chatafl,1,b_per,13.8
1772025941,live555,chatafl,1,b_abs,2549
1772025942,live555,chatafl,1,l_per,23.0
1772025942,live555,chatafl,1,l_abs,5489
1772025942,live555,chatafl,1,b_per,13.8
1772025942,live555,chatafl,1,b_abs,2549
1772025943,live555,chatafl,1,l_per,23.0
1772025943,live555,chatafl,1,l_abs,5489
1772025943,live555,chatafl,1,b_per,13.8
1772025943,live555,chatafl,1,b_abs,2549
1772025944,live555,chatafl,1,l_per,23.0
1772025944,live555,chatafl,1,l_abs,5489
1772025944,live555,chatafl,1,b_per,13.8
1772025944,live555,chatafl,1,b_abs,2549
1772025945,live555,chatafl,1,l_per,23.0
1772025945,live555,chatafl,1,l_abs,5489
1772025945,live555,chatafl,1,b_per,13.8
1772025945,live555,chatafl,1,b_abs,2549
1772025945,live555,chatafl,1,l_per,23.0
1772025945,live555,chatafl,1,l_abs,5489
1772025945,live555,chatafl,1,b_per,13.8
1772025945,live555,chatafl,1,b_abs,2549
1772025946,live555,chatafl,1,l_per,23.0
1772025946,live555,chatafl,1,l_abs,5489
1772025946,live555,chatafl,1,b_per,13.8
1772025946,live555,chatafl,1,b_abs,2549
1772025947,live555,chatafl,1,l_per,23.0
1772025947,live555,chatafl,1,l_abs,5489
1772025947,live555,chatafl,1,b_per,13.8
1772025947,live555,chatafl,1,b_abs,2549
1772025948,live555,chatafl,1,l_per,23.0
1772025948,live555,chatafl,1,l_abs,5489
1772025948,live555,chatafl,1,b_per,13.8
1772025948,live555,chatafl,1,b_abs,2549
1772025949,live555,chatafl,1,l_per,23.0
1772025949,live555,chatafl,1,l_abs,5489
1772025949,live555,chatafl,1,b_per,13.8
1772025949,live555,chatafl,1,b_abs,2549
1772025949,live555,chatafl,1,l_per,23.0
1772025949,live555,chatafl,1,l_abs,5489
1772025949,live555,chatafl,1,b_per,13.8
1772025949,live555,chatafl,1,b_abs,2549
1772025950,live555,chatafl,1,l_per,23.0
1772025950,live555,chatafl,1,l_abs,5489
1772025950,live555,chatafl,1,b_per,13.8
1772025950,live555,chatafl,1,b_abs,2549
1772025951,live555,chatafl,1,l_per,23.0
1772025951,live555,chatafl,1,l_abs,5489
1772025951,live555,chatafl,1,b_per,13.8
1772025951,live555,chatafl,1,b_abs,2549
1772025954,live555,chatafl,1,l_per,23.0
1772025954,live555,chatafl,1,l_abs,5489
1772025954,live555,chatafl,1,b_per,13.8
1772025954,live555,chatafl,1,b_abs,2549
1772025955,live555,chatafl,1,l_per,23.0
1772025955,live555,chatafl,1,l_abs,5489
1772025955,live555,chatafl,1,b_per,13.8
1772025955,live555,chatafl,1,b_abs,2549
1772025956,live555,chatafl,1,l_per,23.0
1772025956,live555,chatafl,1,l_abs,5489
1772025956,live555,chatafl,1,b_per,13.8
1772025956,live555,chatafl,1,b_abs,2549
1772025957,live555,chatafl,1,l_per,23.0
1772025957,live555,chatafl,1,l_abs,5489
1772025957,live555,chatafl,1,b_per,13.8
1772025957,live555,chatafl,1,b_abs,2549
1772025958,live555,chatafl,1,l_per,23.0
1772025958,live555,chatafl,1,l_abs,5489
1772025958,live555,chatafl,1,b_per,13.8
1772025958,live555,chatafl,1,b_abs,2549
1772025958,live555,chatafl,1,l_per,23.0
1772025958,live555,chatafl,1,l_abs,5489
1772025958,live555,chatafl,1,b_per,13.8
1772025958,live555,chatafl,1,b_abs,2549
1772025959,live555,chatafl,1,l_per,23.0
1772025959,live555,chatafl,1,l_abs,5489
1772025959,live555,chatafl,1,b_per,13.8
1772025959,live555,chatafl,1,b_abs,2549
1772025960,live555,chatafl,1,l_per,23.0
1772025960,live555,chatafl,1,l_abs,5489
1772025960,live555,chatafl,1,b_per,13.8
1772025960,live555,chatafl,1,b_abs,2549
1772025961,live555,chatafl,1,l_per,23.0
1772025961,live555,chatafl,1,l_abs,5489
1772025961,live555,chatafl,1,b_per,13.8
1772025961,live555,chatafl,1,b_abs,2549
1772025961,live555,chatafl,1,l_per,23.0
1772025961,live555,chatafl,1,l_abs,5489
1772025961,live555,chatafl,1,b_per,13.8
1772025961,live555,chatafl,1,b_abs,2549
1772025962,live555,chatafl,1,l_per,23.0
1772025962,live555,chatafl,1,l_abs,5489
1772025962,live555,chatafl,1,b_per,13.8
1772025962,live555,chatafl,1,b_abs,2549
1772025963,live555,chatafl,1,l_per,23.0
1772025963,live555,chatafl,1,l_abs,5489
1772025963,live555,chatafl,1,b_per,13.8
1772025963,live555,chatafl,1,b_abs,2549
1772025964,live555,chatafl,1,l_per,23.0
1772025964,live555,chatafl,1,l_abs,5489
1772025964,live555,chatafl,1,b_per,13.8
1772025964,live555,chatafl,1,b_abs,2549
1772025965,live555,chatafl,1,l_per,23.0
1772025965,live555,chatafl,1,l_abs,5489
1772025965,live555,chatafl,1,b_per,13.8
1772025965,live555,chatafl,1,b_abs,2549
1772025966,live555,chatafl,1,l_per,23.0
1772025966,live555,chatafl,1,l_abs,5489
1772025966,live555,chatafl,1,b_per,13.8
1772025966,live555,chatafl,1,b_abs,2549
1772025967,live555,chatafl,1,l_per,23.0
1772025967,live555,chatafl,1,l_abs,5489
1772025967,live555,chatafl,1,b_per,13.8
1772025967,live555,chatafl,1,b_abs,2549
1772025967,live555,chatafl,1,l_per,23.0
1772025967,live555,chatafl,1,l_abs,5489
1772025967,live555,chatafl,1,b_per,13.8
1772025967,live555,chatafl,1,b_abs,2549
1772025968,live555,chatafl,1,l_per,23.0
1772025968,live555,chatafl,1,l_abs,5489
1772025968,live555,chatafl,1,b_per,13.8
1772025968,live555,chatafl,1,b_abs,2549
1772025969,live555,chatafl,1,l_per,23.0
1772025969,live555,chatafl,1,l_abs,5489
1772025969,live555,chatafl,1,b_per,13.8
1772025969,live555,chatafl,1,b_abs,2549
1772025969,live555,chatafl,1,l_per,23.0
1772025969,live555,chatafl,1,l_abs,5489
1772025969,live555,chatafl,1,b_per,13.8
1772025969,live555,chatafl,1,b_abs,2549
1772025969,live555,chatafl,1,l_per,23.0
1772025969,live555,chatafl,1,l_abs,5489
1772025969,live555,chatafl,1,b_per,13.8
1772025969,live555,chatafl,1,b_abs,2549
1772025970,live555,chatafl,1,l_per,23.0
1772025970,live555,chatafl,1,l_abs,5489
1772025970,live555,chatafl,1,b_per,13.8
1772025970,live555,chatafl,1,b_abs,2549
1772025970,live555,chatafl,1,l_per,23.0
1772025970,live555,chatafl,1,l_abs,5489
1772025970,live555,chatafl,1,b_per,13.8
1772025970,live555,chatafl,1,b_abs,2549
1772025971,live555,chatafl,1,l_per,23.0
1772025971,live555,chatafl,1,l_abs,5489
1772025971,live555,chatafl,1,b_per,13.8
1772025971,live555,chatafl,1,b_abs,2549
1772025971,live555,chatafl,1,l_per,23.0
1772025971,live555,chatafl,1,l_abs,5489
1772025971,live555,chatafl,1,b_per,13.8
1772025971,live555,chatafl,1,b_abs,2549
1772025730,live555,chatafl,1,l_per,23.0
1772025730,live555,chatafl,1,l_abs,5489
1772025730,live555,chatafl,1,b_per,13.8
1772025730,live555,chatafl,1,b_abs,2549
1772025734,live555,chatafl,1,l_per,23.0
1772025734,live555,chatafl,1,l_abs,5489
1772025734,live555,chatafl,1,b_per,13.8
1772025734,live555,chatafl,1,b_abs,2549
1772025737,live555,chatafl,1,l_per,23.0
1772025737,live555,chatafl,1,l_abs,5489
1772025737,live555,chatafl,1,b_per,13.8
1772025737,live555,chatafl,1,b_abs,2549
1772025741,live555,chatafl,1,l_per,23.0
1772025741,live555,chatafl,1,l_abs,5489
1772025741,live555,chatafl,1,b_per,13.8
1772025741,live555,chatafl,1,b_abs,2549
1772025746,live555,chatafl,1,l_per,23.0
1772025746,live555,chatafl,1,l_abs,5489
1772025746,live555,chatafl,1,b_per,13.8
1772025746,live555,chatafl,1,b_abs,2549
1772025750,live555,chatafl,1,l_per,23.0
1772025750,live555,chatafl,1,l_abs,5489
1772025750,live555,chatafl,1,b_per,13.8
1772025750,live555,chatafl,1,b_abs,2549
1772025751,live555,chatafl,1,l_per,23.0
1772025751,live555,chatafl,1,l_abs,5489
1772025751,live555,chatafl,1,b_per,13.8
1772025751,live555,chatafl,1,b_abs,2549
1772025751,live555,chatafl,1,l_per,23.0
1772025751,live555,chatafl,1,l_abs,5489
1772025751,live555,chatafl,1,b_per,13.8
1772025751,live555,chatafl,1,b_abs,2549
1772025755,live555,chatafl,1,l_per,23.0
1772025755,live555,chatafl,1,l_abs,5489
1772025755,live555,chatafl,1,b_per,13.8
1772025755,live555,chatafl,1,b_abs,2549
1772025756,live555,chatafl,1,l_per,23.0
1772025756,live555,chatafl,1,l_abs,5489
1772025756,live555,chatafl,1,b_per,13.8
1772025756,live555,chatafl,1,b_abs,2549
1772025756,live555,chatafl,1,l_per,23.0
1772025756,live555,chatafl,1,l_abs,5489
1772025756,live555,chatafl,1,b_per,13.8
1772025756,live555,chatafl,1,b_abs,2549
1772025757,live555,chatafl,1,l_per,23.0
1772025757,live555,chatafl,1,l_abs,5489
1772025757,live555,chatafl,1,b_per,13.8
1772025757,live555,chatafl,1,b_abs,2549
1772025758,live555,chatafl,1,l_per,23.0
1772025758,live555,chatafl,1,l_abs,5489
1772025758,live555,chatafl,1,b_per,13.8
1772025758,live555,chatafl,1,b_abs,2549
1772025759,live555,chatafl,1,l_per,23.0
1772025759,live555,chatafl,1,l_abs,5489
1772025759,live555,chatafl,1,b_per,13.8
1772025759,live555,chatafl,1,b_abs,2549
1772025760,live555,chatafl,1,l_per,23.0
1772025760,live555,chatafl,1,l_abs,5489
1772025760,live555,chatafl,1,b_per,13.8
1772025760,live555,chatafl,1,b_abs,2549
1772025761,live555,chatafl,1,l_per,23.0
1772025761,live555,chatafl,1,l_abs,5489
1772025761,live555,chatafl,1,b_per,13.8
1772025761,live555,chatafl,1,b_abs,2549
1772025765,live555,chatafl,1,l_per,23.0
1772025765,live555,chatafl,1,l_abs,5489
1772025765,live555,chatafl,1,b_per,13.8
1772025765,live555,chatafl,1,b_abs,2549
1772025766,live555,chatafl,1,l_per,23.0
1772025766,live555,chatafl,1,l_abs,5489
1772025766,live555,chatafl,1,b_per,13.8
1772025766,live555,chatafl,1,b_abs,2549
1772025771,live555,chatafl,1,l_per,23.0
1772025771,live555,chatafl,1,l_abs,5489
1772025771,live555,chatafl,1,b_per,13.8
1772025771,live555,chatafl,1,b_abs,2549
1772025771,live555,chatafl,1,l_per,23.0
1772025771,live555,chatafl,1,l_abs,5489
1772025771,live555,chatafl,1,b_per,13.8
1772025771,live555,chatafl,1,b_abs,2549
1772025777,live555,chatafl,1,l_per,23.0
1772025777,live555,chatafl,1,l_abs,5489
1772025777,live555,chatafl,1,b_per,13.8
1772025777,live555,chatafl,1,b_abs,2549
1772025777,live555,chatafl,1,l_per,23.0
1772025777,live555,chatafl,1,l_abs,5489
1772025777,live555,chatafl,1,b_per,13.8
1772025777,live555,chatafl,1,b_abs,2549
1772025778,live555,chatafl,1,l_per,23.0
1772025778,live555,chatafl,1,l_abs,5489
1772025778,live555,chatafl,1,b_per,13.8
1772025778,live555,chatafl,1,b_abs,2549
1772025779,live555,chatafl,1,l_per,23.0
1772025779,live555,chatafl,1,l_abs,5489
1772025779,live555,chatafl,1,b_per,13.8
1772025779,live555,chatafl,1,b_abs,2549
1772025780,live555,chatafl,1,l_per,23.0
1772025780,live555,chatafl,1,l_abs,5489
1772025780,live555,chatafl,1,b_per,13.8
1772025780,live555,chatafl,1,b_abs,2549
1772025780,live555,chatafl,1,l_per,23.0
1772025780,live555,chatafl,1,l_abs,5489
1772025780,live555,chatafl,1,b_per,13.8
1772025780,live555,chatafl,1,b_abs,2549
1772025781,live555,chatafl,1,l_per,23.0
1772025781,live555,chatafl,1,l_abs,5489
1772025781,live555,chatafl,1,b_per,13.8
1772025781,live555,chatafl,1,b_abs,2549
1772025785,live555,chatafl,1,l_per,23.0
1772025785,live555,chatafl,1,l_abs,5489
1772025785,live555,chatafl,1,b_per,13.8
1772025785,live555,chatafl,1,b_abs,2549
1772025785,live555,chatafl,1,l_per,23.0
1772025785,live555,chatafl,1,l_abs,5489
1772025785,live555,chatafl,1,b_per,13.8
1772025785,live555,chatafl,1,b_abs,2549
1772025786,live555,chatafl,1,l_per,23.0
1772025786,live555,chatafl,1,l_abs,5489
1772025786,live555,chatafl,1,b_per,13.8
1772025786,live555,chatafl,1,b_abs,2549
1772025787,live555,chatafl,1,l_per,23.0
1772025787,live555,chatafl,1,l_abs,5489
1772025787,live555,chatafl,1,b_per,13.8
1772025787,live555,chatafl,1,b_abs,2549
1772025788,live555,chatafl,1,l_per,23.0
1772025788,live555,chatafl,1,l_abs,5489
1772025788,live555,chatafl,1,b_per,13.8
1772025788,live555,chatafl,1,b_abs,2549
1772025788,live555,chatafl,1,l_per,23.0
1772025788,live555,chatafl,1,l_abs,5489
1772025788,live555,chatafl,1,b_per,13.8
1772025788,live555,chatafl,1,b_abs,2549
1772025789,live555,chatafl,1,l_per,23.0
1772025789,live555,chatafl,1,l_abs,5489
1772025789,live555,chatafl,1,b_per,13.8
1772025789,live555,chatafl,1,b_abs,2549
1772025790,live555,chatafl,1,l_per,23.0
1772025790,live555,chatafl,1,l_abs,5489
1772025790,live555,chatafl,1,b_per,13.8
1772025790,live555,chatafl,1,b_abs,2549
1772025791,live555,chatafl,1,l_per,23.0
1772025791,live555,chatafl,1,l_abs,5489
1772025791,live555,chatafl,1,b_per,13.8
1772025791,live555,chatafl,1,b_abs,2549
1772025791,live555,chatafl,1,l_per,23.0
1772025791,live555,chatafl,1,l_abs,5489
1772025791,live555,chatafl,1,b_per,13.8
1772025791,live555,chatafl,1,b_abs,2549
1772025795,live555,chatafl,1,l_per,23.0
1772025795,live555,chatafl,1,l_abs,5489
1772025795,live555,chatafl,1,b_per,13.8
1772025795,live555,chatafl,1,b_abs,2549
1772025796,live555,chatafl,1,l_per,23.0
1772025796,live555,chatafl,1,l_abs,5489
1772025796,live555,chatafl,1,b_per,13.8
1772025796,live555,chatafl,1,b_abs,2549
1772025797,live555,chatafl,1,l_per,23.0
1772025797,live555,chatafl,1,l_abs,5489
1772025797,live555,chatafl,1,b_per,13.8
1772025797,live555,chatafl,1,b_abs,2549
1772025798,live555,chatafl,1,l_per,23.0
1772025798,live555,chatafl,1,l_abs,5489
1772025798,live555,chatafl,1,b_per,13.8
1772025798,live555,chatafl,1,b_abs,2549
1772025799,live555,chatafl,1,l_per,23.0
1772025799,live555,chatafl,1,l_abs,5489
1772025799,live555,chatafl,1,b_per,13.8
1772025799,live555,chatafl,1,b_abs,2549
1772025800,live555,chatafl,1,l_per,23.0
1772025800,live555,chatafl,1,l_abs,5489
1772025800,live555,chatafl,1,b_per,13.8
1772025800,live555,chatafl,1,b_abs,2549
1772025801,live555,chatafl,1,l_per,23.0
1772025801,live555,chatafl,1,l_abs,5489
1772025801,live555,chatafl,1,b_per,13.8
1772025801,live555,chatafl,1,b_abs,2549
1772025802,live555,chatafl,1,l_per,23.0
1772025802,live555,chatafl,1,l_abs,5489
1772025802,live555,chatafl,1,b_per,13.8
1772025802,live555,chatafl,1,b_abs,2549
1772025802,live555,chatafl,1,l_per,23.0
1772025802,live555,chatafl,1,l_abs,5489
1772025802,live555,chatafl,1,b_per,13.8
1772025802,live555,chatafl,1,b_abs,2549
1772025803,live555,chatafl,1,l_per,23.0
1772025803,live555,chatafl,1,l_abs,5489
1772025803,live555,chatafl,1,b_per,13.8
1772025803,live555,chatafl,1,b_abs,2549
1772025804,live555,chatafl,1,l_per,23.0
1772025804,live555,chatafl,1,l_abs,5489
1772025804,live555,chatafl,1,b_per,13.8
1772025804,live555,chatafl,1,b_abs,2549
1772025805,live555,chatafl,1,l_per,23.0
1772025805,live555,chatafl,1,l_abs,5489
1772025805,live555,chatafl,1,b_per,13.8
1772025805,live555,chatafl,1,b_abs,2549
1772025806,live555,chatafl,1,l_per,23.0
1772025806,live555,chatafl,1,l_abs,5489
1772025806,live555,chatafl,1,b_per,13.8
1772025806,live555,chatafl,1,b_abs,2549
1772025806,live555,chatafl,1,l_per,23.0
1772025806,live555,chatafl,1,l_abs,5489
1772025806,live555,chatafl,1,b_per,13.8
1772025806,live555,chatafl,1,b_abs,2549
1772025807,live555,chatafl,1,l_per,23.0
1772025807,live555,chatafl,1,l_abs,5489
1772025807,live555,chatafl,1,b_per,13.8
1772025807,live555,chatafl,1,b_abs,2549
1772025808,live555,chatafl,1,l_per,23.0
1772025808,live555,chatafl,1,l_abs,5489
1772025808,live555,chatafl,1,b_per,13.8
1772025808,live555,chatafl,1,b_abs,2549
1772025813,live555,chatafl,1,l_per,23.0
1772025813,live555,chatafl,1,l_abs,5489
1772025813,live555,chatafl,1,b_per,13.8
1772025813,live555,chatafl,1,b_abs,2549
1772025817,live555,chatafl,1,l_per,23.0
1772025817,live555,chatafl,1,l_abs,5489
1772025817,live555,chatafl,1,b_per,13.8
1772025817,live555,chatafl,1,b_abs,2549
1772025818,live555,chatafl,1,l_per,23.0
1772025818,live555,chatafl,1,l_abs,5489
1772025818,live555,chatafl,1,b_per,13.8
1772025818,live555,chatafl,1,b_abs,2549
1772025819,live555,chatafl,1,l_per,23.0
1772025819,live555,chatafl,1,l_abs,5489
1772025819,live555,chatafl,1,b_per,13.8
1772025819,live555,chatafl,1,b_abs,2549
1772025820,live555,chatafl,1,l_per,23.0
1772025820,live555,chatafl,1,l_abs,5489
1772025820,live555,chatafl,1,b_per,13.8
1772025820,live555,chatafl,1,b_abs,2549
1772025820,live555,chatafl,1,l_per,23.0
1772025820,live555,chatafl,1,l_abs,5489
1772025820,live555,chatafl,1,b_per,13.8
1772025820,live555,chatafl,1,b_abs,2549
1772025821,live555,chatafl,1,l_per,23.0
1772025821,live555,chatafl,1,l_abs,5489
1772025821,live555,chatafl,1,b_per,13.8
1772025821,live555,chatafl,1,b_abs,2549
1772025822,live555,chatafl,1,l_per,23.0
1772025822,live555,chatafl,1,l_abs,5489
1772025822,live555,chatafl,1,b_per,13.8
1772025822,live555,chatafl,1,b_abs,2549
1772025822,live555,chatafl,1,l_per,23.0
1772025822,live555,chatafl,1,l_abs,5489
1772025822,live555,chatafl,1,b_per,13.8
1772025822,live555,chatafl,1,b_abs,2549
1772025823,live555,chatafl,1,l_per,23.0
1772025823,live555,chatafl,1,l_abs,5489
1772025823,live555,chatafl,1,b_per,13.8
1772025823,live555,chatafl,1,b_abs,2549
1772025824,live555,chatafl,1,l_per,23.0
1772025824,live555,chatafl,1,l_abs,5489
1772025824,live555,chatafl,1,b_per,13.8
1772025824,live555,chatafl,1,b_abs,2549
1772025825,live555,chatafl,1,l_per,23.0
1772025825,live555,chatafl,1,l_abs,5489
1772025825,live555,chatafl,1,b_per,13.8
1772025825,live555,chatafl,1,b_abs,2549
1772025825,live555,chatafl,1,l_per,23.0
1772025825,live555,chatafl,1,l_abs,5489
1772025825,live555,chatafl,1,b_per,13.8
1772025825,live555,chatafl,1,b_abs,2549
1772025826,live555,chatafl,1,l_per,23.0
1772025826,live555,chatafl,1,l_abs,5489
1772025826,live555,chatafl,1,b_per,13.8
1772025826,live555,chatafl,1,b_abs,2549
1772025827,live555,chatafl,1,l_per,23.0
1772025827,live555,chatafl,1,l_abs,5489
1772025827,live555,chatafl,1,b_per,13.8
1772025827,live555,chatafl,1,b_abs,2549
1772025828,live555,chatafl,1,l_per,23.0
1772025828,live555,chatafl,1,l_abs,5489
1772025828,live555,chatafl,1,b_per,13.8
1772025828,live555,chatafl,1,b_abs,2549
1772025829,live555,chatafl,1,l_per,23.0
1772025829,live555,chatafl,1,l_abs,5489
1772025829,live555,chatafl,1,b_per,13.8
1772025829,live555,chatafl,1,b_abs,2549
1772025830,live555,chatafl,1,l_per,23.0
1772025830,live555,chatafl,1,l_abs,5489
1772025830,live555,chatafl,1,b_per,13.8
1772025830,live555,chatafl,1,b_abs,2549
1772025830,live555,chatafl,1,l_per,23.0
1772025830,live555,chatafl,1,l_abs,5489
1772025830,live555,chatafl,1,b_per,13.8
1772025830,live555,chatafl,1,b_abs,2549
1772025831,live555,chatafl,1,l_per,23.0
1772025831,live555,chatafl,1,l_abs,5489
1772025831,live555,chatafl,1,b_per,13.8
1772025831,live555,chatafl,1,b_abs,2549
1772025832,live555,chatafl,1,l_per,23.0
1772025832,live555,chatafl,1,l_abs,5489
1772025832,live555,chatafl,1,b_per,13.8
1772025832,live555,chatafl,1,b_abs,2549
1772025833,live555,chatafl,1,l_per,23.0
1772025833,live555,chatafl,1,l_abs,5489
1772025833,live555,chatafl,1,b_per,13.8
1772025833,live555,chatafl,1,b_abs,2549
1772025833,live555,chatafl,1,l_per,23.0
1772025833,live555,chatafl,1,l_abs,5489
1772025833,live555,chatafl,1,b_per,13.8
1772025833,live555,chatafl,1,b_abs,2549
1772025834,live555,chatafl,1,l_per,23.0
1772025834,live555,chatafl,1,l_abs,5489
1772025834,live555,chatafl,1,b_per,13.8
1772025834,live555,chatafl,1,b_abs,2549
1772025835,live555,chatafl,1,l_per,23.0
1772025835,live555,chatafl,1,l_abs,5489
1772025835,live555,chatafl,1,b_per,13.8
1772025835,live555,chatafl,1,b_abs,2549
1772025836,live555,chatafl,1,l_per,23.0
1772025836,live555,chatafl,1,l_abs,5489
1772025836,live555,chatafl,1,b_per,13.8
1772025836,live555,chatafl,1,b_abs,2549
1772025836,live555,chatafl,1,l_per,23.0
1772025836,live555,chatafl,1,l_abs,5489
1772025836,live555,chatafl,1,b_per,13.8
1772025836,live555,chatafl,1,b_abs,2549
1772025837,live555,chatafl,1,l_per,23.0
1772025837,live555,chatafl,1,l_abs,5489
1772025837,live555,chatafl,1,b_per,13.8
1772025837,live555,chatafl,1,b_abs,2549
1772025838,live555,chatafl,1,l_per,23.0
1772025838,live555,chatafl,1,l_abs,5489
1772025838,live555,chatafl,1,b_per,13.8
1772025838,live555,chatafl,1,b_abs,2549
1772025839,live555,chatafl,1,l_per,23.0
1772025839,live555,chatafl,1,l_abs,5489
1772025839,live555,chatafl,1,b_per,13.8
1772025839,live555,chatafl,1,b_abs,2549
1772025840,live555,chatafl,1,l_per,23.0
1772025840,live555,chatafl,1,l_abs,5489
1772025840,live555,chatafl,1,b_per,13.8
1772025840,live555,chatafl,1,b_abs,2549
1772025841,live555,chatafl,1,l_per,23.0
1772025841,live555,chatafl,1,l_abs,5489
1772025841,live555,chatafl,1,b_per,13.8
1772025841,live555,chatafl,1,b_abs,2549
1772025841,live555,chatafl,1,l_per,23.0
1772025841,live555,chatafl,1,l_abs,5489
1772025841,live555,chatafl,1,b_per,13.8
1772025841,live555,chatafl,1,b_abs,2549
1772025842,live555,chatafl,1,l_per,23.0
1772025842,live555,chatafl,1,l_abs,5489
1772025842,live555,chatafl,1,b_per,13.8
1772025842,live555,chatafl,1,b_abs,2549
1772025843,live555,chatafl,1,l_per,23.0
1772025843,live555,chatafl,1,l_abs,5489
1772025843,live555,chatafl,1,b_per,13.8
1772025843,live555,chatafl,1,b_abs,2549
1772025847,live555,chatafl,1,l_per,23.0
1772025847,live555,chatafl,1,l_abs,5489
1772025847,live555,chatafl,1,b_per,13.8
1772025847,live555,chatafl,1,b_abs,2549
1772025848,live555,chatafl,1,l_per,23.0
1772025848,live555,chatafl,1,l_abs,5489
1772025848,live555,chatafl,1,b_per,13.8
1772025848,live555,chatafl,1,b_abs,2549
1772025849,live555,chatafl,1,l_per,23.0
1772025849,live555,chatafl,1,l_abs,5489
1772025849,live555,chatafl,1,b_per,13.8
1772025849,live555,chatafl,1,b_abs,2549
1772025849,live555,chatafl,1,l_per,23.0
1772025849,live555,chatafl,1,l_abs,5489
1772025849,live555,chatafl,1,b_per,13.8
1772025849,live555,chatafl,1,b_abs,2549
1772025850,live555,chatafl,1,l_per,23.0
1772025850,live555,chatafl,1,l_abs,5489
1772025850,live555,chatafl,1,b_per,13.8
1772025850,live555,chatafl,1,b_abs,2549
1772025851,live555,chatafl,1,l_per,23.0
1772025851,live555,chatafl,1,l_abs,5489
1772025851,live555,chatafl,1,b_per,13.8
1772025851,live555,chatafl,1,b_abs,2549
1772025851,live555,chatafl,1,l_per,23.0
1772025851,live555,chatafl,1,l_abs,5489
1772025851,live555,chatafl,1,b_per,13.8
1772025851,live555,chatafl,1,b_abs,2549
1772025852,live555,chatafl,1,l_per,23.0
1772025852,live555,chatafl,1,l_abs,5489
1772025852,live555,chatafl,1,b_per,13.8
1772025852,live555,chatafl,1,b_abs,2549
1772025853,live555,chatafl,1,l_per,23.0
1772025853,live555,chatafl,1,l_abs,5489
1772025853,live555,chatafl,1,b_per,13.8
1772025853,live555,chatafl,1,b_abs,2549
1772025853,live555,chatafl,1,l_per,23.0
1772025853,live555,chatafl,1,l_abs,5489
1772025853,live555,chatafl,1,b_per,13.8
1772025853,live555,chatafl,1,b_abs,2549
1772025854,live555,chatafl,1,l_per,23.0
1772025854,live555,chatafl,1,l_abs,5489
1772025854,live555,chatafl,1,b_per,13.8
1772025854,live555,chatafl,1,b_abs,2549
1772025855,live555,chatafl,1,l_per,23.0
1772025855,live555,chatafl,1,l_abs,5489
1772025855,live555,chatafl,1,b_per,13.8
1772025855,live555,chatafl,1,b_abs,2549
1772025856,live555,chatafl,1,l_per,23.0
1772025856,live555,chatafl,1,l_abs,5489
1772025856,live555,chatafl,1,b_per,13.8
1772025856,live555,chatafl,1,b_abs,2549
1772025857,live555,chatafl,1,l_per,23.0
1772025857,live555,chatafl,1,l_abs,5489
1772025857,live555,chatafl,1,b_per,13.8
1772025857,live555,chatafl,1,b_abs,2549
1772025858,live555,chatafl,1,l_per,23.0
1772025858,live555,chatafl,1,l_abs,5489
1772025858,live555,chatafl,1,b_per,13.8
1772025858,live555,chatafl,1,b_abs,2549
1772025858,live555,chatafl,1,l_per,23.0
1772025858,live555,chatafl,1,l_abs,5489
1772025858,live555,chatafl,1,b_per,13.8
1772025858,live555,chatafl,1,b_abs,2549
1772025859,live555,chatafl,1,l_per,23.0
1772025859,live555,chatafl,1,l_abs,5489
1772025859,live555,chatafl,1,b_per,13.8
1772025859,live555,chatafl,1,b_abs,2549
1772025860,live555,chatafl,1,l_per,23.0
1772025860,live555,chatafl,1,l_abs,5489
1772025860,live555,chatafl,1,b_per,13.8
1772025860,live555,chatafl,1,b_abs,2549
1772025861,live555,chatafl,1,l_per,23.0
1772025861,live555,chatafl,1,l_abs,5489
1772025861,live555,chatafl,1,b_per,13.8
1772025861,live555,chatafl,1,b_abs,2549
1772025865,live555,chatafl,1,l_per,23.0
1772025865,live555,chatafl,1,l_abs,5489
1772025865,live555,chatafl,1,b_per,13.8
1772025865,live555,chatafl,1,b_abs,2549
1772025866,live555,chatafl,1,l_per,23.0
1772025866,live555,chatafl,1,l_abs,5489
1772025866,live555,chatafl,1,b_per,13.8
1772025866,live555,chatafl,1,b_abs,2549
1772025867,live555,chatafl,1,l_per,23.0
1772025867,live555,chatafl,1,l_abs,5489
1772025867,live555,chatafl,1,b_per,13.8
1772025867,live555,chatafl,1,b_abs,2549
1772025868,live555,chatafl,1,l_per,23.0
1772025868,live555,chatafl,1,l_abs,5489
1772025868,live555,chatafl,1,b_per,13.8
1772025868,live555,chatafl,1,b_abs,2549
1772025869,live555,chatafl,1,l_per,23.0
1772025869,live555,chatafl,1,l_abs,5489
1772025869,live555,chatafl,1,b_per,13.8
1772025869,live555,chatafl,1,b_abs,2549
1772025870,live555,chatafl,1,l_per,23.0
1772025870,live555,chatafl,1,l_abs,5489
1772025870,live555,chatafl,1,b_per,13.8
1772025870,live555,chatafl,1,b_abs,2549
1772025871,live555,chatafl,1,l_per,23.0
1772025871,live555,chatafl,1,l_abs,5489
1772025871,live555,chatafl,1,b_per,13.8
1772025871,live555,chatafl,1,b_abs,2549
1772025875,live555,chatafl,1,l_per,23.0
1772025875,live555,chatafl,1,l_abs,5489
1772025875,live555,chatafl,1,b_per,13.8
1772025875,live555,chatafl,1,b_abs,2549
1772025875,live555,chatafl,1,l_per,23.0
1772025875,live555,chatafl,1,l_abs,5489
1772025875,live555,chatafl,1,b_per,13.8
1772025875,live555,chatafl,1,b_abs,2549
1772025876,live555,chatafl,1,l_per,23.0
1772025876,live555,chatafl,1,l_abs,5489
1772025876,live555,chatafl,1,b_per,13.8
1772025876,live555,chatafl,1,b_abs,2549
1772025877,live555,chatafl,1,l_per,23.0
1772025877,live555,chatafl,1,l_abs,5489
1772025877,live555,chatafl,1,b_per,13.8
1772025877,live555,chatafl,1,b_abs,2549
1772025878,live555,chatafl,1,l_per,23.0
1772025878,live555,chatafl,1,l_abs,5489
1772025878,live555,chatafl,1,b_per,13.8
1772025878,live555,chatafl,1,b_abs,2549
1772025878,live555,chatafl,1,l_per,23.0
1772025878,live555,chatafl,1,l_abs,5489
1772025878,live555,chatafl,1,b_per,13.8
1772025878,live555,chatafl,1,b_abs,2549
1772025882,live555,chatafl,1,l_per,23.0
1772025882,live555,chatafl,1,l_abs,5489
1772025882,live555,chatafl,1,b_per,13.8
1772025882,live555,chatafl,1,b_abs,2549
1772025882,live555,chatafl,1,l_per,23.0
1772025882,live555,chatafl,1,l_abs,5489
1772025882,live555,chatafl,1,b_per,13.8
1772025882,live555,chatafl,1,b_abs,2549
1772025883,live555,chatafl,1,l_per,23.0
1772025883,live555,chatafl,1,l_abs,5489
1772025883,live555,chatafl,1,b_per,13.8
1772025883,live555,chatafl,1,b_abs,2549
1772025884,live555,chatafl,1,l_per,23.0
1772025884,live555,chatafl,1,l_abs,5489
1772025884,live555,chatafl,1,b_per,13.8
1772025884,live555,chatafl,1,b_abs,2549
1772025885,live555,chatafl,1,l_per,23.0
1772025885,live555,chatafl,1,l_abs,5489
1772025885,live555,chatafl,1,b_per,13.8
1772025885,live555,chatafl,1,b_abs,2549
1772025886,live555,chatafl,1,l_per,23.0
1772025886,live555,chatafl,1,l_abs,5489
1772025886,live555,chatafl,1,b_per,13.8
1772025886,live555,chatafl,1,b_abs,2549
1772025887,live555,chatafl,1,l_per,23.0
1772025887,live555,chatafl,1,l_abs,5489
1772025887,live555,chatafl,1,b_per,13.8
1772025887,live555,chatafl,1,b_abs,2549
1772025888,live555,chatafl,1,l_per,23.0
1772025888,live555,chatafl,1,l_abs,5489
1772025888,live555,chatafl,1,b_per,13.8
1772025888,live555,chatafl,1,b_abs,2549
1772025892,live555,chatafl,1,l_per,23.0
1772025892,live555,chatafl,1,l_abs,5489
1772025892,live555,chatafl,1,b_per,13.8
1772025892,live555,chatafl,1,b_abs,2549
1772025893,live555,chatafl,1,l_per,23.0
1772025893,live555,chatafl,1,l_abs,5489
1772025893,live555,chatafl,1,b_per,13.8
1772025893,live555,chatafl,1,b_abs,2549
1772025894,live555,chatafl,1,l_per,23.0
1772025894,live555,chatafl,1,l_abs,5489
1772025894,live555,chatafl,1,b_per,13.8
1772025894,live555,chatafl,1,b_abs,2549
1772025894,live555,chatafl,1,l_per,23.0
1772025894,live555,chatafl,1,l_abs,5489
1772025894,live555,chatafl,1,b_per,13.8
1772025894,live555,chatafl,1,b_abs,2549
1772025895,live555,chatafl,1,l_per,23.0
1772025895,live555,chatafl,1,l_abs,5489
1772025895,live555,chatafl,1,b_per,13.8
1772025895,live555,chatafl,1,b_abs,2549
1772025896,live555,chatafl,1,l_per,23.0
1772025896,live555,chatafl,1,l_abs,5489
1772025896,live555,chatafl,1,b_per,13.8
1772025896,live555,chatafl,1,b_abs,2549
1772025897,live555,chatafl,1,l_per,23.0
1772025897,live555,chatafl,1,l_abs,5489
1772025897,live555,chatafl,1,b_per,13.8
1772025897,live555,chatafl,1,b_abs,2549
1772025897,live555,chatafl,1,l_per,23.0
1772025897,live555,chatafl,1,l_abs,5489
1772025897,live555,chatafl,1,b_per,13.8
1772025897,live555,chatafl,1,b_abs,2549
1772025898,live555,chatafl,1,l_per,23.0
1772025898,live555,chatafl,1,l_abs,5489
1772025898,live555,chatafl,1,b_per,13.8
1772025898,live555,chatafl,1,b_abs,2549
1772025899,live555,chatafl,1,l_per,23.0
1772025899,live555,chatafl,1,l_abs,5489
1772025899,live555,chatafl,1,b_per,13.8
1772025899,live555,chatafl,1,b_abs,2549
1772025900,live555,chatafl,1,l_per,23.0
1772025900,live555,chatafl,1,l_abs,5489
1772025900,live555,chatafl,1,b_per,13.8
1772025900,live555,chatafl,1,b_abs,2549
1772025901,live555,chatafl,1,l_per,23.0
1772025901,live555,chatafl,1,l_abs,5489
1772025901,live555,chatafl,1,b_per,13.8
1772025901,live555,chatafl,1,b_abs,2549
1772025901,live555,chatafl,1,l_per,23.0
1772025901,live555,chatafl,1,l_abs,5489
1772025901,live555,chatafl,1,b_per,13.8
1772025901,live555,chatafl,1,b_abs,2549
1772025902,live555,chatafl,1,l_per,23.0
1772025902,live555,chatafl,1,l_abs,5489
1772025902,live555,chatafl,1,b_per,13.8
1772025902,live555,chatafl,1,b_abs,2549
1772025903,live555,chatafl,1,l_per,23.0
1772025903,live555,chatafl,1,l_abs,5489
1772025903,live555,chatafl,1,b_per,13.8
1772025903,live555,chatafl,1,b_abs,2549
1772025903,live555,chatafl,1,l_per,23.0
1772025903,live555,chatafl,1,l_abs,5489
1772025903,live555,chatafl,1,b_per,13.8
1772025903,live555,chatafl,1,b_abs,2549
1772025904,live555,chatafl,1,l_per,23.0
1772025904,live555,chatafl,1,l_abs,5489
1772025904,live555,chatafl,1,b_per,13.8
1772025904,live555,chatafl,1,b_abs,2549
1772025905,live555,chatafl,1,l_per,23.0
1772025905,live555,chatafl,1,l_abs,5489
1772025905,live555,chatafl,1,b_per,13.8
1772025905,live555,chatafl,1,b_abs,2549
1772025906,live555,chatafl,1,l_per,23.0
1772025906,live555,chatafl,1,l_abs,5489
1772025906,live555,chatafl,1,b_per,13.8
1772025906,live555,chatafl,1,b_abs,2549
1772025906,live555,chatafl,1,l_per,23.0
1772025906,live555,chatafl,1,l_abs,5489
1772025906,live555,chatafl,1,b_per,13.8
1772025906,live555,chatafl,1,b_abs,2549
1772025907,live555,chatafl,1,l_per,23.0
1772025907,live555,chatafl,1,l_abs,5489
1772025907,live555,chatafl,1,b_per,13.8
1772025907,live555,chatafl,1,b_abs,2549
1772025908,live555,chatafl,1,l_per,23.0
1772025908,live555,chatafl,1,l_abs,5489
1772025908,live555,chatafl,1,b_per,13.8
1772025908,live555,chatafl,1,b_abs,2549
1772025909,live555,chatafl,1,l_per,23.0
1772025909,live555,chatafl,1,l_abs,5489
1772025909,live555,chatafl,1,b_per,13.8
1772025909,live555,chatafl,1,b_abs,2549
1772025910,live555,chatafl,1,l_per,23.0
1772025910,live555,chatafl,1,l_abs,5489
1772025910,live555,chatafl,1,b_per,13.8
1772025910,live555,chatafl,1,b_abs,2549
1772025911,live555,chatafl,1,l_per,23.0
1772025911,live555,chatafl,1,l_abs,5489
1772025911,live555,chatafl,1,b_per,13.8
1772025911,live555,chatafl,1,b_abs,2550
1772025911,live555,chatafl,1,l_per,23.0
1772025911,live555,chatafl,1,l_abs,5489
1772025911,live555,chatafl,1,b_per,13.8
1772025911,live555,chatafl,1,b_abs,2550
1772025912,live555,chatafl,1,l_per,23.0
1772025912,live555,chatafl,1,l_abs,5489
1772025912,live555,chatafl,1,b_per,13.8
1772025912,live555,chatafl,1,b_abs,2550
1772025913,live555,chatafl,1,l_per,23.0
1772025913,live555,chatafl,1,l_abs,5489
1772025913,live555,chatafl,1,b_per,13.8
1772025913,live555,chatafl,1,b_abs,2550
1772025917,live555,chatafl,1,l_per,23.0
1772025917,live555,chatafl,1,l_abs,5489
1772025917,live555,chatafl,1,b_per,13.8
1772025917,live555,chatafl,1,b_abs,2550
1772025918,live555,chatafl,1,l_per,23.0
1772025918,live555,chatafl,1,l_abs,5489
1772025918,live555,chatafl,1,b_per,13.8
1772025918,live555,chatafl,1,b_abs,2550
1772025918,live555,chatafl,1,l_per,23.0
1772025918,live555,chatafl,1,l_abs,5489
1772025918,live555,chatafl,1,b_per,13.8
1772025918,live555,chatafl,1,b_abs,2550
1772025919,live555,chatafl,1,l_per,23.0
1772025919,live555,chatafl,1,l_abs,5489
1772025919,live555,chatafl,1,b_per,13.8
1772025919,live555,chatafl,1,b_abs,2550
1772025920,live555,chatafl,1,l_per,23.0
1772025920,live555,chatafl,1,l_abs,5489
1772025920,live555,chatafl,1,b_per,13.8
1772025920,live555,chatafl,1,b_abs,2550
1772025920,live555,chatafl,1,l_per,23.0
1772025920,live555,chatafl,1,l_abs,5489
1772025920,live555,chatafl,1,b_per,13.8
1772025920,live555,chatafl,1,b_abs,2550
1772025921,live555,chatafl,1,l_per,23.0
1772025921,live555,chatafl,1,l_abs,5489
1772025921,live555,chatafl,1,b_per,13.8
1772025921,live555,chatafl,1,b_abs,2550
1772025922,live555,chatafl,1,l_per,23.0
1772025922,live555,chatafl,1,l_abs,5489
1772025922,live555,chatafl,1,b_per,13.8
1772025922,live555,chatafl,1,b_abs,2550
1772025923,live555,chatafl,1,l_per,23.0
1772025923,live555,chatafl,1,l_abs,5489
1772025923,live555,chatafl,1,b_per,13.8
1772025923,live555,chatafl,1,b_abs,2550
1772025923,live555,chatafl,1,l_per,23.0
1772025923,live555,chatafl,1,l_abs,5489
1772025923,live555,chatafl,1,b_per,13.8
1772025923,live555,chatafl,1,b_abs,2550
1772025925,live555,chatafl,1,l_per,23.0
1772025925,live555,chatafl,1,l_abs,5489
1772025925,live555,chatafl,1,b_per,13.8
1772025925,live555,chatafl,1,b_abs,2550
1772025925,live555,chatafl,1,l_per,23.0
1772025925,live555,chatafl,1,l_abs,5489
1772025925,live555,chatafl,1,b_per,13.8
1772025925,live555,chatafl,1,b_abs,2550
1772025929,live555,chatafl,1,l_per,23.0
1772025929,live555,chatafl,1,l_abs,5489
1772025929,live555,chatafl,1,b_per,13.8
1772025929,live555,chatafl,1,b_abs,2550
1772025930,live555,chatafl,1,l_per,23.0
1772025930,live555,chatafl,1,l_abs,5489
1772025930,live555,chatafl,1,b_per,13.8
1772025930,live555,chatafl,1,b_abs,2550
1772025931,live555,chatafl,1,l_per,23.0
1772025931,live555,chatafl,1,l_abs,5489
1772025931,live555,chatafl,1,b_per,13.8
1772025931,live555,chatafl,1,b_abs,2550
1772025932,live555,chatafl,1,l_per,23.0
1772025932,live555,chatafl,1,l_abs,5489
1772025932,live555,chatafl,1,b_per,13.8
1772025932,live555,chatafl,1,b_abs,2550
1772025933,live555,chatafl,1,l_per,23.0
1772025933,live555,chatafl,1,l_abs,5489
1772025933,live555,chatafl,1,b_per,13.8
1772025933,live555,chatafl,1,b_abs,2550
1772025934,live555,chatafl,1,l_per,23.0
1772025934,live555,chatafl,1,l_abs,5489
1772025934,live555,chatafl,1,b_per,13.8
1772025934,live555,chatafl,1,b_abs,2550
1772025935,live555,chatafl,1,l_per,23.0
1772025935,live555,chatafl,1,l_abs,5489
1772025935,live555,chatafl,1,b_per,13.8
1772025935,live555,chatafl,1,b_abs,2550
1772025936,live555,chatafl,1,l_per,23.0
1772025936,live555,chatafl,1,l_abs,5489
1772025936,live555,chatafl,1,b_per,13.8
1772025936,live555,chatafl,1,b_abs,2550
1772025937,live555,chatafl,1,l_per,23.0
1772025937,live555,chatafl,1,l_abs,5489
1772025937,live555,chatafl,1,b_per,13.8
1772025937,live555,chatafl,1,b_abs,2550
1772025937,live555,chatafl,1,l_per,23.0
1772025937,live555,chatafl,1,l_abs,5489
1772025937,live555,chatafl,1,b_per,13.8
1772025937,live555,chatafl,1,b_abs,2550
1772025938,live555,chatafl,1,l_per,23.0
1772025938,live555,chatafl,1,l_abs,5489
1772025938,live555,chatafl,1,b_per,13.8
1772025938,live555,chatafl,1,b_abs,2550
1772025939,live555,chatafl,1,l_per,23.0
1772025939,live555,chatafl,1,l_abs,5489
1772025939,live555,chatafl,1,b_per,13.8
1772025939,live555,chatafl,1,b_abs,2550
1772025940,live555,chatafl,1,l_per,23.0
1772025940,live555,chatafl,1,l_abs,5489
1772025940,live555,chatafl,1,b_per,13.8
1772025940,live555,chatafl,1,b_abs,2550
1772025941,live555,chatafl,1,l_per,23.0
1772025941,live555,chatafl,1,l_abs,5489
1772025941,live555,chatafl,1,b_per,13.8
1772025941,live555,chatafl,1,b_abs,2550
1772025942,live555,chatafl,1,l_per,23.0
1772025942,live555,chatafl,1,l_abs,5489
1772025942,live555,chatafl,1,b_per,13.8
1772025942,live555,chatafl,1,b_abs,2550
1772025943,live555,chatafl,1,l_per,23.0
1772025943,live555,chatafl,1,l_abs,5489
1772025943,live555,chatafl,1,b_per,13.8
1772025943,live555,chatafl,1,b_abs,2550
1772025944,live555,chatafl,1,l_per,23.0
1772025944,live555,chatafl,1,l_abs,5489
1772025944,live555,chatafl,1,b_per,13.8
1772025944,live555,chatafl,1,b_abs,2550
1772025945,live555,chatafl,1,l_per,23.0
1772025945,live555,chatafl,1,l_abs,5489
1772025945,live555,chatafl,1,b_per,13.8
1772025945,live555,chatafl,1,b_abs,2550
1772025945,live555,chatafl,1,l_per,23.0
1772025945,live555,chatafl,1,l_abs,5489
1772025945,live555,chatafl,1,b_per,13.8
1772025945,live555,chatafl,1,b_abs,2550
1772025946,live555,chatafl,1,l_per,23.0
1772025946,live555,chatafl,1,l_abs,5489
1772025946,live555,chatafl,1,b_per,13.8
1772025946,live555,chatafl,1,b_abs,2550
1772025947,live555,chatafl,1,l_per,23.0
1772025947,live555,chatafl,1,l_abs,5489
1772025947,live555,chatafl,1,b_per,13.8
1772025947,live555,chatafl,1,b_abs,2550
1772025948,live555,chatafl,1,l_per,23.0
1772025948,live555,chatafl,1,l_abs,5489
1772025948,live555,chatafl,1,b_per,13.8
1772025948,live555,chatafl,1,b_abs,2550
1772025949,live555,chatafl,1,l_per,23.0
1772025949,live555,chatafl,1,l_abs,5489
1772025949,live555,chatafl,1,b_per,13.8
1772025949,live555,chatafl,1,b_abs,2550
1772025949,live555,chatafl,1,l_per,23.0
1772025949,live555,chatafl,1,l_abs,5489
1772025949,live555,chatafl,1,b_per,13.8
1772025949,live555,chatafl,1,b_abs,2550
1772025950,live555,chatafl,1,l_per,23.0
1772025950,live555,chatafl,1,l_abs,5489
1772025950,live555,chatafl,1,b_per,13.8
1772025950,live555,chatafl,1,b_abs,2550
1772025951,live555,chatafl,1,l_per,23.0
1772025951,live555,chatafl,1,l_abs,5489
1772025951,live555,chatafl,1,b_per,13.8
1772025951,live555,chatafl,1,b_abs,2550
1772025954,live555,chatafl,1,l_per,23.0
1772025954,live555,chatafl,1,l_abs,5489
1772025954,live555,chatafl,1,b_per,13.8
1772025954,live555,chatafl,1,b_abs,2550
1772025955,live555,chatafl,1,l_per,23.0
1772025955,live555,chatafl,1,l_abs,5489
1772025955,live555,chatafl,1,b_per,13.8
1772025955,live555,chatafl,1,b_abs,2550
1772025956,live555,chatafl,1,l_per,23.0
1772025956,live555,chatafl,1,l_abs,5489
1772025956,live555,chatafl,1,b_per,13.8
1772025956,live555,chatafl,1,b_abs,2550
1772025957,live555,chatafl,1,l_per,23.0
1772025957,live555,chatafl,1,l_abs,5489
1772025957,live555,chatafl,1,b_per,13.8
1772025957,live555,chatafl,1,b_abs,2550
1772025958,live555,chatafl,1,l_per,23.0
1772025958,live555,chatafl,1,l_abs,5489
1772025958,live555,chatafl,1,b_per,13.8
1772025958,live555,chatafl,1,b_abs,2550
1772025958,live555,chatafl,1,l_per,23.0
1772025958,live555,chatafl,1,l_abs,5489
1772025958,live555,chatafl,1,b_per,13.8
1772025958,live555,chatafl,1,b_abs,2550
1772025959,live555,chatafl,1,l_per,23.0
1772025959,live555,chatafl,1,l_abs,5489
1772025959,live555,chatafl,1,b_per,13.8
1772025959,live555,chatafl,1,b_abs,2550
1772025960,live555,chatafl,1,l_per,23.0
1772025960,live555,chatafl,1,l_abs,5489
1772025960,live555,chatafl,1,b_per,13.8
1772025960,live555,chatafl,1,b_abs,2550
1772025961,live555,chatafl,1,l_per,23.0
1772025961,live555,chatafl,1,l_abs,5489
1772025961,live555,chatafl,1,b_per,13.8
1772025961,live555,chatafl,1,b_abs,2550
1772025961,live555,chatafl,1,l_per,23.0
1772025961,live555,chatafl,1,l_abs,5489
1772025961,live555,chatafl,1,b_per,13.8
1772025961,live555,chatafl,1,b_abs,2550
1772025962,live555,chatafl,1,l_per,23.0
1772025962,live555,chatafl,1,l_abs,5489
1772025962,live555,chatafl,1,b_per,13.8
1772025962,live555,chatafl,1,b_abs,2550
1772025963,live555,chatafl,1,l_per,23.0
1772025963,live555,chatafl,1,l_abs,5489
1772025963,live555,chatafl,1,b_per,13.8
1772025963,live555,chatafl,1,b_abs,2550
1772025964,live555,chatafl,1,l_per,23.0
1772025964,live555,chatafl,1,l_abs,5489
1772025964,live555,chatafl,1,b_per,13.8
1772025964,live555,chatafl,1,b_abs,2550
1772025965,live555,chatafl,1,l_per,23.0
1772025965,live555,chatafl,1,l_abs,5489
1772025965,live555,chatafl,1,b_per,13.8
1772025965,live555,chatafl,1,b_abs,2550
1772025966,live555,chatafl,1,l_per,23.0
1772025966,live555,chatafl,1,l_abs,5489
1772025966,live555,chatafl,1,b_per,13.8
1772025966,live555,chatafl,1,b_abs,2550
1772025967,live555,chatafl,1,l_per,23.0
1772025967,live555,chatafl,1,l_abs,5489
1772025967,live555,chatafl,1,b_per,13.8
1772025967,live555,chatafl,1,b_abs,2550
1772025967,live555,chatafl,1,l_per,23.0
1772025967,live555,chatafl,1,l_abs,5489
1772025967,live555,chatafl,1,b_per,13.8
1772025967,live555,chatafl,1,b_abs,2550
1772025968,live555,chatafl,1,l_per,23.0
1772025968,live555,chatafl,1,l_abs,5489
1772025968,live555,chatafl,1,b_per,13.8
1772025968,live555,chatafl,1,b_abs,2550
1772025969,live555,chatafl,1,l_per,23.0
1772025969,live555,chatafl,1,l_abs,5489
1772025969,live555,chatafl,1,b_per,13.8
1772025969,live555,chatafl,1,b_abs,2550
1772025969,live555,chatafl,1,l_per,23.0
1772025969,live555,chatafl,1,l_abs,5489
1772025969,live555,chatafl,1,b_per,13.8
1772025969,live555,chatafl,1,b_abs,2550
1772025969,live555,chatafl,1,l_per,23.0
1772025969,live555,chatafl,1,l_abs,5489
1772025969,live555,chatafl,1,b_per,13.8
1772025969,live555,chatafl,1,b_abs,2550
1772025970,live555,chatafl,1,l_per,23.0
1772025970,live555,chatafl,1,l_abs,5489
1772025970,live555,chatafl,1,b_per,13.8
1772025970,live555,chatafl,1,b_abs,2550
1772025970,live555,chatafl,1,l_per,23.0
1772025970,live555,chatafl,1,l_abs,5489
1772025970,live555,chatafl,1,b_per,13.8
1772025970,live555,chatafl,1,b_abs,2550
1772025971,live555,chatafl,1,l_per,23.0
1772025971,live555,chatafl,1,l_abs,5489
1772025971,live555,chatafl,1,b_per,13.8
1772025971,live555,chatafl,1,b_abs,2550
1772025971,live555,chatafl,1,l_per,23.0
1772025971,live555,chatafl,1,l_abs,5489
1772025971,live555,chatafl,1,b_per,13.8
1772025971,live555,chatafl,1,b_abs,2550
1772025975,live555,chatafl,1,l_per,23.0
1772025975,live555,chatafl,1,l_abs,5489
1772025975,live555,chatafl,1,b_per,13.8
1772025975,live555,chatafl,1,b_abs,2551
1772025977,live555,chatafl,1,l_per,23.0
1772025977,live555,chatafl,1,l_abs,5489
1772025977,live555,chatafl,1,b_per,13.8
1772025977,live555,chatafl,1,b_abs,2552
1772025978,live555,chatafl,1,l_per,23.0
1772025978,live555,chatafl,1,l_abs,5491
1772025978,live555,chatafl,1,b_per,13.8
1772025978,live555,chatafl,1,b_abs,2555
1772025979,live555,chatafl,1,l_per,23.0
1772025979,live555,chatafl,1,l_abs,5491
1772025979,live555,chatafl,1,b_per,13.8
1772025979,live555,chatafl,1,b_abs,2556
1772025981,live555,chatafl,1,l_per,23.0
1772025981,live555,chatafl,1,l_abs,5491
1772025981,live555,chatafl,1,b_per,13.8
1772025981,live555,chatafl,1,b_abs,2556
1772025982,live555,chatafl,1,l_per,23.0
1772025982,live555,chatafl,1,l_abs,5491
1772025982,live555,chatafl,1,b_per,13.8
1772025982,live555,chatafl,1,b_abs,2559
1772025984,live555,chatafl,1,l_per,23.0
1772025984,live555,chatafl,1,l_abs,5491
1772025984,live555,chatafl,1,b_per,13.8
1772025984,live555,chatafl,1,b_abs,2563
1772025985,live555,chatafl,1,l_per,23.0
1772025985,live555,chatafl,1,l_abs,5491
1772025985,live555,chatafl,1,b_per,13.8
1772025985,live555,chatafl,1,b_abs,2563
1772025986,live555,chatafl,1,l_per,23.0
1772025986,live555,chatafl,1,l_abs,5491
1772025986,live555,chatafl,1,b_per,13.8
1772025986,live555,chatafl,1,b_abs,2563
1772025988,live555,chatafl,1,l_per,23.0
1772025988,live555,chatafl,1,l_abs,5491
1772025988,live555,chatafl,1,b_per,13.8
1772025988,live555,chatafl,1,b_abs,2563
1772025989,live555,chatafl,1,l_per,23.0
1772025989,live555,chatafl,1,l_abs,5491
1772025989,live555,chatafl,1,b_per,13.8
1772025989,live555,chatafl,1,b_abs,2563
1772025990,live555,chatafl,1,l_per,23.1
1772025990,live555,chatafl,1,l_abs,5507
1772025990,live555,chatafl,1,b_per,14.0
1772025990,live555,chatafl,1,b_abs,2587
1772025991,live555,chatafl,1,l_per,23.1
1772025991,live555,chatafl,1,l_abs,5507
1772025991,live555,chatafl,1,b_per,14.0
1772025991,live555,chatafl,1,b_abs,2587
1772025992,live555,chatafl,1,l_per,23.1
1772025992,live555,chatafl,1,l_abs,5507
1772025992,live555,chatafl,1,b_per,14.0
1772025992,live555,chatafl,1,b_abs,2587
1772025993,live555,chatafl,1,l_per,23.1
1772025993,live555,chatafl,1,l_abs,5507
1772025993,live555,chatafl,1,b_per,14.0
1772025993,live555,chatafl,1,b_abs,2589
1772025993,live555,chatafl,1,l_per,23.1
1772025993,live555,chatafl,1,l_abs,5507
1772025993,live555,chatafl,1,b_per,14.0
1772025993,live555,chatafl,1,b_abs,2590
1772025994,live555,chatafl,1,l_per,23.1
1772025994,live555,chatafl,1,l_abs,5507
1772025994,live555,chatafl,1,b_per,14.0
1772025994,live555,chatafl,1,b_abs,2591
1772025995,live555,chatafl,1,l_per,23.1
1772025995,live555,chatafl,1,l_abs,5507
1772025995,live555,chatafl,1,b_per,14.0
1772025995,live555,chatafl,1,b_abs,2591
1772025996,live555,chatafl,1,l_per,23.1
1772025996,live555,chatafl,1,l_abs,5508
1772025996,live555,chatafl,1,b_per,14.0
1772025996,live555,chatafl,1,b_abs,2595
1772025997,live555,chatafl,1,l_per,23.1
1772025997,live555,chatafl,1,l_abs,5508
1772025997,live555,chatafl,1,b_per,14.0
1772025997,live555,chatafl,1,b_abs,2595
1772025997,live555,chatafl,1,l_per,23.1
1772025997,live555,chatafl,1,l_abs,5508
1772025997,live555,chatafl,1,b_per,14.0
1772025997,live555,chatafl,1,b_abs,2595
1772025998,live555,chatafl,1,l_per,23.1
1772025998,live555,chatafl,1,l_abs,5508
1772025998,live555,chatafl,1,b_per,14.0
1772025998,live555,chatafl,1,b_abs,2595
1772025999,live555,chatafl,1,l_per,23.1
1772025999,live555,chatafl,1,l_abs,5508
1772025999,live555,chatafl,1,b_per,14.0
1772025999,live555,chatafl,1,b_abs,2595
1772026000,live555,chatafl,1,l_per,23.1
1772026000,live555,chatafl,1,l_abs,5508
1772026000,live555,chatafl,1,b_per,14.0
1772026000,live555,chatafl,1,b_abs,2597
1772026000,live555,chatafl,1,l_per,23.1
1772026000,live555,chatafl,1,l_abs,5508
1772026000,live555,chatafl,1,b_per,14.0
1772026000,live555,chatafl,1,b_abs,2597
1772026001,live555,chatafl,1,l_per,23.1
1772026001,live555,chatafl,1,l_abs,5508
1772026001,live555,chatafl,1,b_per,14.0
1772026001,live555,chatafl,1,b_abs,2597
1772026002,live555,chatafl,1,l_per,23.1
1772026002,live555,chatafl,1,l_abs,5513
1772026002,live555,chatafl,1,b_per,14.0
1772026002,live555,chatafl,1,b_abs,2601
1772026002,live555,chatafl,1,l_per,23.1
1772026002,live555,chatafl,1,l_abs,5513
1772026002,live555,chatafl,1,b_per,14.0
1772026002,live555,chatafl,1,b_abs,2601
1772026003,live555,chatafl,1,l_per,23.1
1772026003,live555,chatafl,1,l_abs,5513
1772026003,live555,chatafl,1,b_per,14.0
1772026003,live555,chatafl,1,b_abs,2601
1772026005,live555,chatafl,1,l_per,23.1
1772026005,live555,chatafl,1,l_abs,5513
1772026005,live555,chatafl,1,b_per,14.0
1772026005,live555,chatafl,1,b_abs,2601
1772026006,live555,chatafl,1,l_per,23.1
1772026006,live555,chatafl,1,l_abs,5513
1772026006,live555,chatafl,1,b_per,14.0
1772026006,live555,chatafl,1,b_abs,2601
1772026007,live555,chatafl,1,l_per,23.1
1772026007,live555,chatafl,1,l_abs,5513
1772026007,live555,chatafl,1,b_per,14.0
1772026007,live555,chatafl,1,b_abs,2601
1772026008,live555,chatafl,1,l_per,23.1
1772026008,live555,chatafl,1,l_abs,5513
1772026008,live555,chatafl,1,b_per,14.0
1772026008,live555,chatafl,1,b_abs,2601
1772026009,live555,chatafl,1,l_per,23.1
1772026009,live555,chatafl,1,l_abs,5513
1772026009,live555,chatafl,1,b_per,14.0
1772026009,live555,chatafl,1,b_abs,2601
1772026010,live555,chatafl,1,l_per,23.1
1772026010,live555,chatafl,1,l_abs,5513
1772026010,live555,chatafl,1,b_per,14.0
1772026010,live555,chatafl,1,b_abs,2601
1772026010,live555,chatafl,1,l_per,23.1
1772026010,live555,chatafl,1,l_abs,5513
1772026010,live555,chatafl,1,b_per,14.0
1772026010,live555,chatafl,1,b_abs,2601
1772026012,live555,chatafl,1,l_per,23.1
1772026012,live555,chatafl,1,l_abs,5513
1772026012,live555,chatafl,1,b_per,14.0
1772026012,live555,chatafl,1,b_abs,2601
1772026013,live555,chatafl,1,l_per,23.1
1772026013,live555,chatafl,1,l_abs,5513
1772026013,live555,chatafl,1,b_per,14.0
1772026013,live555,chatafl,1,b_abs,2602
1772026015,live555,chatafl,1,l_per,23.1
1772026015,live555,chatafl,1,l_abs,5513
1772026015,live555,chatafl,1,b_per,14.0
1772026015,live555,chatafl,1,b_abs,2602
1772026016,live555,chatafl,1,l_per,23.1
1772026016,live555,chatafl,1,l_abs,5513
1772026016,live555,chatafl,1,b_per,14.0
1772026016,live555,chatafl,1,b_abs,2602
1772026017,live555,chatafl,1,l_per,23.1
1772026017,live555,chatafl,1,l_abs,5513
1772026017,live555,chatafl,1,b_per,14.0
1772026017,live555,chatafl,1,b_abs,2602
1772026018,live555,chatafl,1,l_per,23.1
1772026018,live555,chatafl,1,l_abs,5513
1772026018,live555,chatafl,1,b_per,14.0
1772026018,live555,chatafl,1,b_abs,2602
1772026019,live555,chatafl,1,l_per,23.1
1772026019,live555,chatafl,1,l_abs,5513
1772026019,live555,chatafl,1,b_per,14.0
1772026019,live555,chatafl,1,b_abs,2602
1772026021,live555,chatafl,1,l_per,23.1
1772026021,live555,chatafl,1,l_abs,5515
1772026021,live555,chatafl,1,b_per,14.1
1772026021,live555,chatafl,1,b_abs,2608
1772026021,live555,chatafl,1,l_per,23.1
1772026021,live555,chatafl,1,l_abs,5515
1772026021,live555,chatafl,1,b_per,14.1
1772026021,live555,chatafl,1,b_abs,2608
1772026022,live555,chatafl,1,l_per,23.1
1772026022,live555,chatafl,1,l_abs,5515
1772026022,live555,chatafl,1,b_per,14.1
1772026022,live555,chatafl,1,b_abs,2608
1772026022,live555,chatafl,1,l_per,23.1
1772026022,live555,chatafl,1,l_abs,5515
1772026022,live555,chatafl,1,b_per,14.1
1772026022,live555,chatafl,1,b_abs,2608
1772026023,live555,chatafl,1,l_per,23.1
1772026023,live555,chatafl,1,l_abs,5515
1772026023,live555,chatafl,1,b_per,14.1
1772026023,live555,chatafl,1,b_abs,2608
1772026024,live555,chatafl,1,l_per,23.1
1772026024,live555,chatafl,1,l_abs,5515
1772026024,live555,chatafl,1,b_per,14.1
1772026024,live555,chatafl,1,b_abs,2608
1772026025,live555,chatafl,1,l_per,23.1
1772026025,live555,chatafl,1,l_abs,5515
1772026025,live555,chatafl,1,b_per,14.1
1772026025,live555,chatafl,1,b_abs,2608
1772026027,live555,chatafl,1,l_per,23.1
1772026027,live555,chatafl,1,l_abs,5515
1772026027,live555,chatafl,1,b_per,14.1
1772026027,live555,chatafl,1,b_abs,2608
1772026028,live555,chatafl,1,l_per,23.1
1772026028,live555,chatafl,1,l_abs,5515
1772026028,live555,chatafl,1,b_per,14.1
1772026028,live555,chatafl,1,b_abs,2608
1772026030,live555,chatafl,1,l_per,23.1
1772026030,live555,chatafl,1,l_abs,5515
1772026030,live555,chatafl,1,b_per,14.1
1772026030,live555,chatafl,1,b_abs,2608
1772026032,live555,chatafl,1,l_per,23.1
1772026032,live555,chatafl,1,l_abs,5515
1772026032,live555,chatafl,1,b_per,14.1
1772026032,live555,chatafl,1,b_abs,2608
1772026033,live555,chatafl,1,l_per,23.1
1772026033,live555,chatafl,1,l_abs,5515
1772026033,live555,chatafl,1,b_per,14.1
1772026033,live555,chatafl,1,b_abs,2608
1772026034,live555,chatafl,1,l_per,23.1
1772026034,live555,chatafl,1,l_abs,5515
1772026034,live555,chatafl,1,b_per,14.1
1772026034,live555,chatafl,1,b_abs,2608
1772026035,live555,chatafl,1,l_per,23.1
1772026035,live555,chatafl,1,l_abs,5515
1772026035,live555,chatafl,1,b_per,14.1
1772026035,live555,chatafl,1,b_abs,2608
1772026036,live555,chatafl,1,l_per,23.1
1772026036,live555,chatafl,1,l_abs,5516
1772026036,live555,chatafl,1,b_per,14.1
1772026036,live555,chatafl,1,b_abs,2609
1772026037,live555,chatafl,1,l_per,23.1
1772026037,live555,chatafl,1,l_abs,5516
1772026037,live555,chatafl,1,b_per,14.1
1772026037,live555,chatafl,1,b_abs,2609
1772026038,live555,chatafl,1,l_per,23.1
1772026038,live555,chatafl,1,l_abs,5517
1772026038,live555,chatafl,1,b_per,14.1
1772026038,live555,chatafl,1,b_abs,2610
1772026040,live555,chatafl,1,l_per,23.1
1772026040,live555,chatafl,1,l_abs,5519
1772026040,live555,chatafl,1,b_per,14.1
1772026040,live555,chatafl,1,b_abs,2615
1772026041,live555,chatafl,1,l_per,23.1
1772026041,live555,chatafl,1,l_abs,5519
1772026041,live555,chatafl,1,b_per,14.1
1772026041,live555,chatafl,1,b_abs,2616
1772026043,live555,chatafl,1,l_per,23.1
1772026043,live555,chatafl,1,l_abs,5519
1772026043,live555,chatafl,1,b_per,14.1
1772026043,live555,chatafl,1,b_abs,2616
1772026044,live555,chatafl,1,l_per,23.1
1772026044,live555,chatafl,1,l_abs,5519
1772026044,live555,chatafl,1,b_per,14.1
1772026044,live555,chatafl,1,b_abs,2616
1772026047,live555,chatafl,1,l_per,23.1
1772026047,live555,chatafl,1,l_abs,5519
1772026047,live555,chatafl,1,b_per,14.1
1772026047,live555,chatafl,1,b_abs,2616
1772026048,live555,chatafl,1,l_per,23.1
1772026048,live555,chatafl,1,l_abs,5519
1772026048,live555,chatafl,1,b_per,14.1
1772026048,live555,chatafl,1,b_abs,2616
1772026049,live555,chatafl,1,l_per,23.1
1772026049,live555,chatafl,1,l_abs,5519
1772026049,live555,chatafl,1,b_per,14.1
1772026049,live555,chatafl,1,b_abs,2616
1772026050,live555,chatafl,1,l_per,23.1
1772026050,live555,chatafl,1,l_abs,5519
1772026050,live555,chatafl,1,b_per,14.1
1772026050,live555,chatafl,1,b_abs,2616
1772026052,live555,chatafl,1,l_per,23.1
1772026052,live555,chatafl,1,l_abs,5519
1772026052,live555,chatafl,1,b_per,14.1
1772026052,live555,chatafl,1,b_abs,2616
1772026054,live555,chatafl,1,l_per,23.1
1772026054,live555,chatafl,1,l_abs,5519
1772026054,live555,chatafl,1,b_per,14.1
1772026054,live555,chatafl,1,b_abs,2616
1772026056,live555,chatafl,1,l_per,23.1
1772026056,live555,chatafl,1,l_abs,5519
1772026056,live555,chatafl,1,b_per,14.1
1772026056,live555,chatafl,1,b_abs,2616
1772026059,live555,chatafl,1,l_per,23.1
1772026059,live555,chatafl,1,l_abs,5519
1772026059,live555,chatafl,1,b_per,14.1
1772026059,live555,chatafl,1,b_abs,2616
1772026060,live555,chatafl,1,l_per,23.1
1772026060,live555,chatafl,1,l_abs,5519
1772026060,live555,chatafl,1,b_per,14.1
1772026060,live555,chatafl,1,b_abs,2616
1772026062,live555,chatafl,1,l_per,23.1
1772026062,live555,chatafl,1,l_abs,5519
1772026062,live555,chatafl,1,b_per,14.1
1772026062,live555,chatafl,1,b_abs,2616
1772026069,live555,chatafl,1,l_per,23.1
1772026069,live555,chatafl,1,l_abs,5519
1772026069,live555,chatafl,1,b_per,14.1
1772026069,live555,chatafl,1,b_abs,2616
1772026070,live555,chatafl,1,l_per,23.1
1772026070,live555,chatafl,1,l_abs,5519
1772026070,live555,chatafl,1,b_per,14.1
1772026070,live555,chatafl,1,b_abs,2616
1772026071,live555,chatafl,1,l_per,23.1
1772026071,live555,chatafl,1,l_abs,5519
1772026071,live555,chatafl,1,b_per,14.1
1772026071,live555,chatafl,1,b_abs,2616
1772026072,live555,chatafl,1,l_per,23.1
1772026072,live555,chatafl,1,l_abs,5519
1772026072,live555,chatafl,1,b_per,14.1
1772026072,live555,chatafl,1,b_abs,2616
1772026073,live555,chatafl,1,l_per,23.1
1772026073,live555,chatafl,1,l_abs,5519
1772026073,live555,chatafl,1,b_per,14.1
1772026073,live555,chatafl,1,b_abs,2616
1772026076,live555,chatafl,1,l_per,23.1
1772026076,live555,chatafl,1,l_abs,5520
1772026076,live555,chatafl,1,b_per,14.1
1772026076,live555,chatafl,1,b_abs,2618
1772026076,live555,chatafl,1,l_per,23.1
1772026076,live555,chatafl,1,l_abs,5520
1772026076,live555,chatafl,1,b_per,14.1
1772026076,live555,chatafl,1,b_abs,2619
1772026078,live555,chatafl,1,l_per,23.1
1772026078,live555,chatafl,1,l_abs,5520
1772026078,live555,chatafl,1,b_per,14.1
1772026078,live555,chatafl,1,b_abs,2619
1772026081,live555,chatafl,1,l_per,23.1
1772026081,live555,chatafl,1,l_abs,5520
1772026081,live555,chatafl,1,b_per,14.2
1772026081,live555,chatafl,1,b_abs,2622
1772026083,live555,chatafl,1,l_per,23.1
1772026083,live555,chatafl,1,l_abs,5520
1772026083,live555,chatafl,1,b_per,14.2
1772026083,live555,chatafl,1,b_abs,2622
1772026085,live555,chatafl,1,l_per,23.1
1772026085,live555,chatafl,1,l_abs,5520
1772026085,live555,chatafl,1,b_per,14.2
1772026085,live555,chatafl,1,b_abs,2622
1772026086,live555,chatafl,1,l_per,23.1
1772026086,live555,chatafl,1,l_abs,5520
1772026086,live555,chatafl,1,b_per,14.2
1772026086,live555,chatafl,1,b_abs,2622
1772026091,live555,chatafl,1,l_per,23.1
1772026091,live555,chatafl,1,l_abs,5520
1772026091,live555,chatafl,1,b_per,14.2
1772026091,live555,chatafl,1,b_abs,2623
1772026093,live555,chatafl,1,l_per,23.1
1772026093,live555,chatafl,1,l_abs,5520
1772026093,live555,chatafl,1,b_per,14.2
1772026093,live555,chatafl,1,b_abs,2623
1772026094,live555,chatafl,1,l_per,23.1
1772026094,live555,chatafl,1,l_abs,5520
1772026094,live555,chatafl,1,b_per,14.2
1772026094,live555,chatafl,1,b_abs,2623
1772026097,live555,chatafl,1,l_per,23.1
1772026097,live555,chatafl,1,l_abs,5520
1772026097,live555,chatafl,1,b_per,14.2
1772026097,live555,chatafl,1,b_abs,2623
1772026099,live555,chatafl,1,l_per,23.1
1772026099,live555,chatafl,1,l_abs,5520
1772026099,live555,chatafl,1,b_per,14.2
1772026099,live555,chatafl,1,b_abs,2623
1772026100,live555,chatafl,1,l_per,23.1
1772026100,live555,chatafl,1,l_abs,5520
1772026100,live555,chatafl,1,b_per,14.2
1772026100,live555,chatafl,1,b_abs,2624
1772026101,live555,chatafl,1,l_per,23.1
1772026101,live555,chatafl,1,l_abs,5520
1772026101,live555,chatafl,1,b_per,14.2
1772026101,live555,chatafl,1,b_abs,2624
1772026102,live555,chatafl,1,l_per,23.1
1772026102,live555,chatafl,1,l_abs,5520
1772026102,live555,chatafl,1,b_per,14.2
1772026102,live555,chatafl,1,b_abs,2624
1772026134,live555,chatafl,1,l_per,23.1
1772026134,live555,chatafl,1,l_abs,5520
1772026134,live555,chatafl,1,b_per,14.2
1772026134,live555,chatafl,1,b_abs,2624
1772026138,live555,chatafl,1,l_per,23.1
1772026138,live555,chatafl,1,l_abs,5520
1772026138,live555,chatafl,1,b_per,14.2
1772026138,live555,chatafl,1,b_abs,2624
1772026144,live555,chatafl,1,l_per,23.1
1772026144,live555,chatafl,1,l_abs,5520
1772026144,live555,chatafl,1,b_per,14.2
1772026144,live555,chatafl,1,b_abs,2624
1772026147,live555,chatafl,1,l_per,23.1
1772026147,live555,chatafl,1,l_abs,5520
1772026147,live555,chatafl,1,b_per,14.2
1772026147,live555,chatafl,1,b_abs,2624
1772026148,live555,chatafl,1,l_per,23.1
1772026148,live555,chatafl,1,l_abs,5520
1772026148,live555,chatafl,1,b_per,14.2
1772026148,live555,chatafl,1,b_abs,2624
1772026152,live555,chatafl,1,l_per,23.2
1772026152,live555,chatafl,1,l_abs,5526
1772026152,live555,chatafl,1,b_per,14.2
1772026152,live555,chatafl,1,b_abs,2630
1772026153,live555,chatafl,1,l_per,23.2
1772026153,live555,chatafl,1,l_abs,5526
1772026153,live555,chatafl,1,b_per,14.2
1772026153,live555,chatafl,1,b_abs,2630
1772026155,live555,chatafl,1,l_per,23.2
1772026155,live555,chatafl,1,l_abs,5526
1772026155,live555,chatafl,1,b_per,14.2
1772026155,live555,chatafl,1,b_abs,2630
1772026159,live555,chatafl,1,l_per,23.2
1772026159,live555,chatafl,1,l_abs,5526
1772026159,live555,chatafl,1,b_per,14.2
1772026159,live555,chatafl,1,b_abs,2630
1772026161,live555,chatafl,1,l_per,23.2
1772026161,live555,chatafl,1,l_abs,5532
1772026161,live555,chatafl,1,b_per,14.3
1772026161,live555,chatafl,1,b_abs,2655
1772026163,live555,chatafl,1,l_per,23.2
1772026163,live555,chatafl,1,l_abs,5532
1772026163,live555,chatafl,1,b_per,14.3
1772026163,live555,chatafl,1,b_abs,2655
1772026174,live555,chatafl,1,l_per,23.2
1772026174,live555,chatafl,1,l_abs,5532
1772026174,live555,chatafl,1,b_per,14.3
1772026174,live555,chatafl,1,b_abs,2655
1772026176,live555,chatafl,1,l_per,23.2
1772026176,live555,chatafl,1,l_abs,5532
1772026176,live555,chatafl,1,b_per,14.3
1772026176,live555,chatafl,1,b_abs,2655
1772026177,live555,chatafl,1,l_per,23.2
1772026177,live555,chatafl,1,l_abs,5532
1772026177,live555,chatafl,1,b_per,14.3
1772026177,live555,chatafl,1,b_abs,2655
1772026178,live555,chatafl,1,l_per,23.2
1772026178,live555,chatafl,1,l_abs,5532
1772026178,live555,chatafl,1,b_per,14.3
1772026178,live555,chatafl,1,b_abs,2655
1772026182,live555,chatafl,1,l_per,23.2
1772026182,live555,chatafl,1,l_abs,5532
1772026182,live555,chatafl,1,b_per,14.3
1772026182,live555,chatafl,1,b_abs,2655
1772026184,live555,chatafl,1,l_per,23.2
1772026184,live555,chatafl,1,l_abs,5532
1772026184,live555,chatafl,1,b_per,14.3
1772026184,live555,chatafl,1,b_abs,2655
1772026186,live555,chatafl,1,l_per,23.2
1772026186,live555,chatafl,1,l_abs,5532
1772026186,live555,chatafl,1,b_per,14.4
1772026186,live555,chatafl,1,b_abs,2658
1772026188,live555,chatafl,1,l_per,23.2
1772026188,live555,chatafl,1,l_abs,5532
1772026188,live555,chatafl,1,b_per,14.4
1772026188,live555,chatafl,1,b_abs,2658
1772026190,live555,chatafl,1,l_per,23.2
1772026190,live555,chatafl,1,l_abs,5532
1772026190,live555,chatafl,1,b_per,14.4
1772026190,live555,chatafl,1,b_abs,2658
1772026197,live555,chatafl,1,l_per,23.2
1772026197,live555,chatafl,1,l_abs,5532
1772026197,live555,chatafl,1,b_per,14.4
1772026197,live555,chatafl,1,b_abs,2658
1772026199,live555,chatafl,1,l_per,23.2
1772026199,live555,chatafl,1,l_abs,5532
1772026199,live555,chatafl,1,b_per,14.4
1772026199,live555,chatafl,1,b_abs,2658
1772026202,live555,chatafl,1,l_per,23.2
1772026202,live555,chatafl,1,l_abs,5532
1772026202,live555,chatafl,1,b_per,14.4
1772026202,live555,chatafl,1,b_abs,2658
1772026204,live555,chatafl,1,l_per,23.2
1772026204,live555,chatafl,1,l_abs,5539
1772026204,live555,chatafl,1,b_per,14.4
1772026204,live555,chatafl,1,b_abs,2662
1772026206,live555,chatafl,1,l_per,23.2
1772026206,live555,chatafl,1,l_abs,5539
1772026206,live555,chatafl,1,b_per,14.4
1772026206,live555,chatafl,1,b_abs,2662
1772026207,live555,chatafl,1,l_per,23.2
1772026207,live555,chatafl,1,l_abs,5539
1772026207,live555,chatafl,1,b_per,14.4
1772026207,live555,chatafl,1,b_abs,2662
1772026210,live555,chatafl,1,l_per,23.2
1772026210,live555,chatafl,1,l_abs,5539
1772026210,live555,chatafl,1,b_per,14.4
1772026210,live555,chatafl,1,b_abs,2662
1772026213,live555,chatafl,1,l_per,23.2
1772026213,live555,chatafl,1,l_abs,5539
1772026213,live555,chatafl,1,b_per,14.4
1772026213,live555,chatafl,1,b_abs,2662
1772026223,live555,chatafl,1,l_per,23.2
1772026223,live555,chatafl,1,l_abs,5539
1772026223,live555,chatafl,1,b_per,14.4
1772026223,live555,chatafl,1,b_abs,2662
1772026224,live555,chatafl,1,l_per,23.2
1772026224,live555,chatafl,1,l_abs,5539
1772026224,live555,chatafl,1,b_per,14.4
1772026224,live555,chatafl,1,b_abs,2662
1772026245,live555,chatafl,1,l_per,23.2
1772026245,live555,chatafl,1,l_abs,5544
1772026245,live555,chatafl,1,b_per,14.4
1772026245,live555,chatafl,1,b_abs,2670
1772026246,live555,chatafl,1,l_per,23.2
1772026246,live555,chatafl,1,l_abs,5544
1772026246,live555,chatafl,1,b_per,14.4
1772026246,live555,chatafl,1,b_abs,2670
1772026249,live555,chatafl,1,l_per,23.2
1772026249,live555,chatafl,1,l_abs,5544
1772026249,live555,chatafl,1,b_per,14.4
1772026249,live555,chatafl,1,b_abs,2670
1772026250,live555,chatafl,1,l_per,23.2
1772026250,live555,chatafl,1,l_abs,5544
1772026250,live555,chatafl,1,b_per,14.4
1772026250,live555,chatafl,1,b_abs,2670
1772026261,live555,chatafl,1,l_per,23.2
1772026261,live555,chatafl,1,l_abs,5544
1772026261,live555,chatafl,1,b_per,14.4
1772026261,live555,chatafl,1,b_abs,2670
1772026262,live555,chatafl,1,l_per,23.2
1772026262,live555,chatafl,1,l_abs,5544
1772026262,live555,chatafl,1,b_per,14.4
1772026262,live555,chatafl,1,b_abs,2670
1772026266,live555,chatafl,1,l_per,23.2
1772026266,live555,chatafl,1,l_abs,5544
1772026266,live555,chatafl,1,b_per,14.4
1772026266,live555,chatafl,1,b_abs,2670
1772026269,live555,chatafl,1,l_per,23.2
1772026269,live555,chatafl,1,l_abs,5544
1772026269,live555,chatafl,1,b_per,14.4
1772026269,live555,chatafl,1,b_abs,2670
1772026290,live555,chatafl,1,l_per,23.2
1772026290,live555,chatafl,1,l_abs,5544
1772026290,live555,chatafl,1,b_per,14.4
1772026290,live555,chatafl,1,b_abs,2670
1772026292,live555,chatafl,1,l_per,23.3
1772026292,live555,chatafl,1,l_abs,5563
1772026292,live555,chatafl,1,b_per,14.5
1772026292,live555,chatafl,1,b_abs,2691
1772026299,live555,chatafl,1,l_per,23.3
1772026299,live555,chatafl,1,l_abs,5563
1772026299,live555,chatafl,1,b_per,14.5
1772026299,live555,chatafl,1,b_abs,2691
1772026303,live555,chatafl,1,l_per,23.3
1772026303,live555,chatafl,1,l_abs,5563
1772026303,live555,chatafl,1,b_per,14.5
1772026303,live555,chatafl,1,b_abs,2691
1772026305,live555,chatafl,1,l_per,23.3
1772026305,live555,chatafl,1,l_abs,5563
1772026305,live555,chatafl,1,b_per,14.5
1772026305,live555,chatafl,1,b_abs,2691
1772026311,live555,chatafl,1,l_per,23.3
1772026311,live555,chatafl,1,l_abs,5563
1772026311,live555,chatafl,1,b_per,14.5
1772026311,live555,chatafl,1,b_abs,2691
1772026321,live555,chatafl,1,l_per,23.3
1772026321,live555,chatafl,1,l_abs,5563
1772026321,live555,chatafl,1,b_per,14.5
1772026321,live555,chatafl,1,b_abs,2691
1772026337,live555,chatafl,1,l_per,23.3
1772026337,live555,chatafl,1,l_abs,5563
1772026337,live555,chatafl,1,b_per,14.5
1772026337,live555,chatafl,1,b_abs,2691
1772026338,live555,chatafl,1,l_per,23.3
1772026338,live555,chatafl,1,l_abs,5563
1772026338,live555,chatafl,1,b_per,14.5
1772026338,live555,chatafl,1,b_abs,2691
1772026341,live555,chatafl,1,l_per,23.3
1772026341,live555,chatafl,1,l_abs,5563
1772026341,live555,chatafl,1,b_per,14.5
1772026341,live555,chatafl,1,b_abs,2691
1772026345,live555,chatafl,1,l_per,23.3
1772026345,live555,chatafl,1,l_abs,5563
1772026345,live555,chatafl,1,b_per,14.5
1772026345,live555,chatafl,1,b_abs,2691
1772026358,live555,chatafl,1,l_per,23.3
1772026358,live555,chatafl,1,l_abs,5563
1772026358,live555,chatafl,1,b_per,14.5
1772026358,live555,chatafl,1,b_abs,2691
1772026362,live555,chatafl,1,l_per,23.3
1772026362,live555,chatafl,1,l_abs,5563
1772026362,live555,chatafl,1,b_per,14.5
1772026362,live555,chatafl,1,b_abs,2691
1772026363,live555,chatafl,1,l_per,23.3
1772026363,live555,chatafl,1,l_abs,5563
1772026363,live555,chatafl,1,b_per,14.5
1772026363,live555,chatafl,1,b_abs,2691
1772026365,live555,chatafl,1,l_per,23.3
1772026365,live555,chatafl,1,l_abs,5563
1772026365,live555,chatafl,1,b_per,14.5
1772026365,live555,chatafl,1,b_abs,2691
1772026371,live555,chatafl,1,l_per,23.3
1772026371,live555,chatafl,1,l_abs,5563
1772026371,live555,chatafl,1,b_per,14.5
1772026371,live555,chatafl,1,b_abs,2692
1772026373,live555,chatafl,1,l_per,23.3
1772026373,live555,chatafl,1,l_abs,5563
1772026373,live555,chatafl,1,b_per,14.5
1772026373,live555,chatafl,1,b_abs,2692
1772026375,live555,chatafl,1,l_per,23.3
1772026375,live555,chatafl,1,l_abs,5563
1772026375,live555,chatafl,1,b_per,14.5
1772026375,live555,chatafl,1,b_abs,2692
1772026377,live555,chatafl,1,l_per,23.3
1772026377,live555,chatafl,1,l_abs,5563
1772026377,live555,chatafl,1,b_per,14.5
1772026377,live555,chatafl,1,b_abs,2692
1772026381,live555,chatafl,1,l_per,23.3
1772026381,live555,chatafl,1,l_abs,5563
1772026381,live555,chatafl,1,b_per,14.5
1772026381,live555,chatafl,1,b_abs,2692
1772026384,live555,chatafl,1,l_per,23.3
1772026384,live555,chatafl,1,l_abs,5563
1772026384,live555,chatafl,1,b_per,14.5
1772026384,live555,chatafl,1,b_abs,2692
1772026386,live555,chatafl,1,l_per,23.3
1772026386,live555,chatafl,1,l_abs,5563
1772026386,live555,chatafl,1,b_per,14.5
1772026386,live555,chatafl,1,b_abs,2692
1772026389,live555,chatafl,1,l_per,23.4
1772026389,live555,chatafl,1,l_abs,5591
1772026389,live555,chatafl,1,b_per,14.6
1772026389,live555,chatafl,1,b_abs,2706
1772026393,live555,chatafl,1,l_per,23.4
1772026393,live555,chatafl,1,l_abs,5591
1772026393,live555,chatafl,1,b_per,14.6
1772026393,live555,chatafl,1,b_abs,2706
1772026396,live555,chatafl,1,l_per,23.4
1772026396,live555,chatafl,1,l_abs,5591
1772026396,live555,chatafl,1,b_per,14.6
1772026396,live555,chatafl,1,b_abs,2706
1772026398,live555,chatafl,1,l_per,23.4
1772026398,live555,chatafl,1,l_abs,5592
1772026398,live555,chatafl,1,b_per,14.6
1772026398,live555,chatafl,1,b_abs,2707
1772026399,live555,chatafl,1,l_per,23.4
1772026399,live555,chatafl,1,l_abs,5592
1772026399,live555,chatafl,1,b_per,14.6
1772026399,live555,chatafl,1,b_abs,2707
1772026402,live555,chatafl,1,l_per,23.4
1772026402,live555,chatafl,1,l_abs,5592
1772026402,live555,chatafl,1,b_per,14.6
1772026402,live555,chatafl,1,b_abs,2707
1772026406,live555,chatafl,1,l_per,23.4
1772026406,live555,chatafl,1,l_abs,5592
1772026406,live555,chatafl,1,b_per,14.6
1772026406,live555,chatafl,1,b_abs,2707
1772026412,live555,chatafl,1,l_per,23.4
1772026412,live555,chatafl,1,l_abs,5594
1772026412,live555,chatafl,1,b_per,14.6
1772026412,live555,chatafl,1,b_abs,2709
1772026437,live555,chatafl,1,l_per,23.4
1772026437,live555,chatafl,1,l_abs,5594
1772026437,live555,chatafl,1,b_per,14.6
1772026437,live555,chatafl,1,b_abs,2709
1772026439,live555,chatafl,1,l_per,23.5
1772026439,live555,chatafl,1,l_abs,5596
1772026439,live555,chatafl,1,b_per,14.6
1772026439,live555,chatafl,1,b_abs,2713
1772026447,live555,chatafl,1,l_per,23.5
1772026447,live555,chatafl,1,l_abs,5596
1772026447,live555,chatafl,1,b_per,14.6
1772026447,live555,chatafl,1,b_abs,2713
1772026451,live555,chatafl,1,l_per,23.5
1772026451,live555,chatafl,1,l_abs,5597
1772026451,live555,chatafl,1,b_per,14.7
1772026451,live555,chatafl,1,b_abs,2714
1772026453,live555,chatafl,1,l_per,23.5
1772026453,live555,chatafl,1,l_abs,5597
1772026453,live555,chatafl,1,b_per,14.7
1772026453,live555,chatafl,1,b_abs,2714
1772026490,live555,chatafl,1,l_per,23.5
1772026490,live555,chatafl,1,l_abs,5597
1772026490,live555,chatafl,1,b_per,14.7
1772026490,live555,chatafl,1,b_abs,2714
1772026497,live555,chatafl,1,l_per,23.5
1772026497,live555,chatafl,1,l_abs,5597
1772026497,live555,chatafl,1,b_per,14.7
1772026497,live555,chatafl,1,b_abs,2714
1772026499,live555,chatafl,1,l_per,23.5
1772026499,live555,chatafl,1,l_abs,5597
1772026499,live555,chatafl,1,b_per,14.7
1772026499,live555,chatafl,1,b_abs,2714
1772026501,live555,chatafl,1,l_per,23.5
1772026501,live555,chatafl,1,l_abs,5597
1772026501,live555,chatafl,1,b_per,14.7
1772026501,live555,chatafl,1,b_abs,2714
1772026508,live555,chatafl,1,l_per,23.5
1772026508,live555,chatafl,1,l_abs,5597
1772026508,live555,chatafl,1,b_per,14.7
1772026508,live555,chatafl,1,b_abs,2714
1772026510,live555,chatafl,1,l_per,23.5
1772026510,live555,chatafl,1,l_abs,5597
1772026510,live555,chatafl,1,b_per,14.7
1772026510,live555,chatafl,1,b_abs,2715
1772026517,live555,chatafl,1,l_per,23.5
1772026517,live555,chatafl,1,l_abs,5597
1772026517,live555,chatafl,1,b_per,14.7
1772026517,live555,chatafl,1,b_abs,2715
1772026519,live555,chatafl,1,l_per,23.5
1772026519,live555,chatafl,1,l_abs,5597
1772026519,live555,chatafl,1,b_per,14.7
1772026519,live555,chatafl,1,b_abs,2715
1772026522,live555,chatafl,1,l_per,23.5
1772026522,live555,chatafl,1,l_abs,5597
1772026522,live555,chatafl,1,b_per,14.7
1772026522,live555,chatafl,1,b_abs,2716
1772026525,live555,chatafl,1,l_per,23.5
1772026525,live555,chatafl,1,l_abs,5597
1772026525,live555,chatafl,1,b_per,14.7
1772026525,live555,chatafl,1,b_abs,2716
1772026531,live555,chatafl,1,l_per,23.5
1772026531,live555,chatafl,1,l_abs,5597
1772026531,live555,chatafl,1,b_per,14.7
1772026531,live555,chatafl,1,b_abs,2716
1772026583,live555,chatafl,1,l_per,23.5
1772026583,live555,chatafl,1,l_abs,5597
1772026583,live555,chatafl,1,b_per,14.7
1772026583,live555,chatafl,1,b_abs,2716
1772026593,live555,chatafl,1,l_per,23.5
1772026593,live555,chatafl,1,l_abs,5597
1772026593,live555,chatafl,1,b_per,14.7
1772026593,live555,chatafl,1,b_abs,2716
1772026605,live555,chatafl,1,l_per,23.5
1772026605,live555,chatafl,1,l_abs,5597
1772026605,live555,chatafl,1,b_per,14.7
1772026605,live555,chatafl,1,b_abs,2716
1772026607,live555,chatafl,1,l_per,23.5
1772026607,live555,chatafl,1,l_abs,5597
1772026607,live555,chatafl,1,b_per,14.7
1772026607,live555,chatafl,1,b_abs,2717
1772026612,live555,chatafl,1,l_per,23.5
1772026612,live555,chatafl,1,l_abs,5597
1772026612,live555,chatafl,1,b_per,14.7
1772026612,live555,chatafl,1,b_abs,2717
1772026617,live555,chatafl,1,l_per,23.5
1772026617,live555,chatafl,1,l_abs,5597
1772026617,live555,chatafl,1,b_per,14.7
1772026617,live555,chatafl,1,b_abs,2717
1772026620,live555,chatafl,1,l_per,23.5
1772026620,live555,chatafl,1,l_abs,5597
1772026620,live555,chatafl,1,b_per,14.7
1772026620,live555,chatafl,1,b_abs,2717
1772026628,live555,chatafl,1,l_per,23.5
1772026628,live555,chatafl,1,l_abs,5597
1772026628,live555,chatafl,1,b_per,14.7
1772026628,live555,chatafl,1,b_abs,2717
1772026629,live555,chatafl,1,l_per,23.5
1772026629,live555,chatafl,1,l_abs,5597
1772026629,live555,chatafl,1,b_per,14.7
1772026629,live555,chatafl,1,b_abs,2717
1772026633,live555,chatafl,1,l_per,23.5
1772026633,live555,chatafl,1,l_abs,5597
1772026633,live555,chatafl,1,b_per,14.7
1772026633,live555,chatafl,1,b_abs,2717
1772026635,live555,chatafl,1,l_per,23.5
1772026635,live555,chatafl,1,l_abs,5597
1772026635,live555,chatafl,1,b_per,14.7
1772026635,live555,chatafl,1,b_abs,2717
1772026637,live555,chatafl,1,l_per,23.5
1772026637,live555,chatafl,1,l_abs,5600
1772026637,live555,chatafl,1,b_per,14.7
1772026637,live555,chatafl,1,b_abs,2718
1772026655,live555,chatafl,1,l_per,23.5
1772026655,live555,chatafl,1,l_abs,5600
1772026655,live555,chatafl,1,b_per,14.7
1772026655,live555,chatafl,1,b_abs,2718
1772026657,live555,chatafl,1,l_per,23.5
1772026657,live555,chatafl,1,l_abs,5600
1772026657,live555,chatafl,1,b_per,14.7
1772026657,live555,chatafl,1,b_abs,2718
1772026660,live555,chatafl,1,l_per,23.5
1772026660,live555,chatafl,1,l_abs,5600
1772026660,live555,chatafl,1,b_per,14.7
1772026660,live555,chatafl,1,b_abs,2718
1772026675,live555,chatafl,1,l_per,23.5
1772026675,live555,chatafl,1,l_abs,5600
1772026675,live555,chatafl,1,b_per,14.7
1772026675,live555,chatafl,1,b_abs,2718
1772026680,live555,chatafl,1,l_per,23.5
1772026680,live555,chatafl,1,l_abs,5600
1772026680,live555,chatafl,1,b_per,14.7
1772026680,live555,chatafl,1,b_abs,2718
1772026684,live555,chatafl,1,l_per,23.5
1772026684,live555,chatafl,1,l_abs,5600
1772026684,live555,chatafl,1,b_per,14.7
1772026684,live555,chatafl,1,b_abs,2718
1772026687,live555,chatafl,1,l_per,23.5
1772026687,live555,chatafl,1,l_abs,5600
1772026687,live555,chatafl,1,b_per,14.7
1772026687,live555,chatafl,1,b_abs,2718
1772026690,live555,chatafl,1,l_per,23.5
1772026690,live555,chatafl,1,l_abs,5600
1772026690,live555,chatafl,1,b_per,14.7
1772026690,live555,chatafl,1,b_abs,2718
1772026742,live555,chatafl,1,l_per,23.8
1772026742,live555,chatafl,1,l_abs,5678
1772026742,live555,chatafl,1,b_per,14.8
1772026742,live555,chatafl,1,b_abs,2743
1772026745,live555,chatafl,1,l_per,23.8
1772026745,live555,chatafl,1,l_abs,5678
1772026745,live555,chatafl,1,b_per,14.8
1772026745,live555,chatafl,1,b_abs,2743
1772026750,live555,chatafl,1,l_per,23.8
1772026750,live555,chatafl,1,l_abs,5678
1772026750,live555,chatafl,1,b_per,14.8
1772026750,live555,chatafl,1,b_abs,2743
1772026759,live555,chatafl,1,l_per,23.8
1772026759,live555,chatafl,1,l_abs,5678
1772026759,live555,chatafl,1,b_per,14.8
1772026759,live555,chatafl,1,b_abs,2743
1772026762,live555,chatafl,1,l_per,23.8
1772026762,live555,chatafl,1,l_abs,5678
1772026762,live555,chatafl,1,b_per,14.8
1772026762,live555,chatafl,1,b_abs,2743
1772026764,live555,chatafl,1,l_per,23.8
1772026764,live555,chatafl,1,l_abs,5678
1772026764,live555,chatafl,1,b_per,14.8
1772026764,live555,chatafl,1,b_abs,2743
1772026766,live555,chatafl,1,l_per,23.8
1772026766,live555,chatafl,1,l_abs,5678
1772026766,live555,chatafl,1,b_per,14.8
1772026766,live555,chatafl,1,b_abs,2743
1772026769,live555,chatafl,1,l_per,23.8
1772026769,live555,chatafl,1,l_abs,5678
1772026769,live555,chatafl,1,b_per,14.8
1772026769,live555,chatafl,1,b_abs,2743
1772026771,live555,chatafl,1,l_per,23.8
1772026771,live555,chatafl,1,l_abs,5678
1772026771,live555,chatafl,1,b_per,14.8
1772026771,live555,chatafl,1,b_abs,2743
1772026828,live555,chatafl,1,l_per,23.8
1772026828,live555,chatafl,1,l_abs,5678
1772026828,live555,chatafl,1,b_per,14.8
1772026828,live555,chatafl,1,b_abs,2743
1772026830,live555,chatafl,1,l_per,23.8
1772026830,live555,chatafl,1,l_abs,5678
1772026830,live555,chatafl,1,b_per,14.8
1772026830,live555,chatafl,1,b_abs,2743
1772026831,live555,chatafl,1,l_per,23.8
1772026831,live555,chatafl,1,l_abs,5678
1772026831,live555,chatafl,1,b_per,14.8
1772026831,live555,chatafl,1,b_abs,2743
1772026836,live555,chatafl,1,l_per,23.8
1772026836,live555,chatafl,1,l_abs,5678
1772026836,live555,chatafl,1,b_per,14.8
1772026836,live555,chatafl,1,b_abs,2743
1772026840,live555,chatafl,1,l_per,23.8
1772026840,live555,chatafl,1,l_abs,5678
1772026840,live555,chatafl,1,b_per,14.8
1772026840,live555,chatafl,1,b_abs,2743
1772026852,live555,chatafl,1,l_per,23.8
1772026852,live555,chatafl,1,l_abs,5682
1772026852,live555,chatafl,1,b_per,14.8
1772026852,live555,chatafl,1,b_abs,2747
1772026859,live555,chatafl,1,l_per,23.8
1772026859,live555,chatafl,1,l_abs,5682
1772026859,live555,chatafl,1,b_per,14.8
1772026859,live555,chatafl,1,b_abs,2748
1772026863,live555,chatafl,1,l_per,23.8
1772026863,live555,chatafl,1,l_abs,5682
1772026863,live555,chatafl,1,b_per,14.8
1772026863,live555,chatafl,1,b_abs,2748
1772026866,live555,chatafl,1,l_per,23.8
1772026866,live555,chatafl,1,l_abs,5682
1772026866,live555,chatafl,1,b_per,14.8
1772026866,live555,chatafl,1,b_abs,2748
1772026908,live555,chatafl,1,l_per,23.8
1772026908,live555,chatafl,1,l_abs,5682
1772026908,live555,chatafl,1,b_per,14.8
1772026908,live555,chatafl,1,b_abs,2748
1772026911,live555,chatafl,1,l_per,23.8
1772026911,live555,chatafl,1,l_abs,5684
1772026911,live555,chatafl,1,b_per,14.8
1772026911,live555,chatafl,1,b_abs,2750
1772026937,live555,chatafl,1,l_per,23.8
1772026937,live555,chatafl,1,l_abs,5684
1772026937,live555,chatafl,1,b_per,14.8
1772026937,live555,chatafl,1,b_abs,2750
1772026942,live555,chatafl,1,l_per,23.8
1772026942,live555,chatafl,1,l_abs,5684
1772026942,live555,chatafl,1,b_per,14.8
1772026942,live555,chatafl,1,b_abs,2750
1772026945,live555,chatafl,1,l_per,23.8
1772026945,live555,chatafl,1,l_abs,5684
1772026945,live555,chatafl,1,b_per,14.8
1772026945,live555,chatafl,1,b_abs,2750
1772026961,live555,chatafl,1,l_per,23.8
1772026961,live555,chatafl,1,l_abs,5684
1772026961,live555,chatafl,1,b_per,14.8
1772026961,live555,chatafl,1,b_abs,2750
1772026962,live555,chatafl,1,l_per,23.8
1772026962,live555,chatafl,1,l_abs,5684
1772026962,live555,chatafl,1,b_per,14.8
1772026962,live555,chatafl,1,b_abs,2750
1772026964,live555,chatafl,1,l_per,23.8
1772026964,live555,chatafl,1,l_abs,5684
1772026964,live555,chatafl,1,b_per,14.8
1772026964,live555,chatafl,1,b_abs,2750
1772027036,live555,chatafl,1,l_per,23.8
1772027036,live555,chatafl,1,l_abs,5684
1772027036,live555,chatafl,1,b_per,14.8
1772027036,live555,chatafl,1,b_abs,2750
1772027041,live555,chatafl,1,l_per,23.8
1772027041,live555,chatafl,1,l_abs,5684
1772027041,live555,chatafl,1,b_per,14.8
1772027041,live555,chatafl,1,b_abs,2750
1772027044,live555,chatafl,1,l_per,23.8
1772027044,live555,chatafl,1,l_abs,5684
1772027044,live555,chatafl,1,b_per,14.8
1772027044,live555,chatafl,1,b_abs,2750
1772027048,live555,chatafl,1,l_per,23.8
1772027048,live555,chatafl,1,l_abs,5684
1772027048,live555,chatafl,1,b_per,14.8
1772027048,live555,chatafl,1,b_abs,2750
1772027051,live555,chatafl,1,l_per,23.8
1772027051,live555,chatafl,1,l_abs,5684
1772027051,live555,chatafl,1,b_per,14.9
1772027051,live555,chatafl,1,b_abs,2751
1772027074,live555,chatafl,1,l_per,23.8
1772027074,live555,chatafl,1,l_abs,5684
1772027074,live555,chatafl,1,b_per,14.9
1772027074,live555,chatafl,1,b_abs,2751
1772027076,live555,chatafl,1,l_per,23.8
1772027076,live555,chatafl,1,l_abs,5684
1772027076,live555,chatafl,1,b_per,14.9
1772027076,live555,chatafl,1,b_abs,2751
1772027079,live555,chatafl,1,l_per,23.8
1772027079,live555,chatafl,1,l_abs,5684
1772027079,live555,chatafl,1,b_per,14.9
1772027079,live555,chatafl,1,b_abs,2751
1772027081,live555,chatafl,1,l_per,23.8
1772027081,live555,chatafl,1,l_abs,5684
1772027081,live555,chatafl,1,b_per,14.9
1772027081,live555,chatafl,1,b_abs,2751
1772027084,live555,chatafl,1,l_per,23.8
1772027084,live555,chatafl,1,l_abs,5684
1772027084,live555,chatafl,1,b_per,14.9
1772027084,live555,chatafl,1,b_abs,2751
1772027089,live555,chatafl,1,l_per,23.8
1772027089,live555,chatafl,1,l_abs,5684
1772027089,live555,chatafl,1,b_per,14.9
1772027089,live555,chatafl,1,b_abs,2751
1772027091,live555,chatafl,1,l_per,23.8
1772027091,live555,chatafl,1,l_abs,5684
1772027091,live555,chatafl,1,b_per,14.9
1772027091,live555,chatafl,1,b_abs,2751
1772027096,live555,chatafl,1,l_per,23.8
1772027096,live555,chatafl,1,l_abs,5684
1772027096,live555,chatafl,1,b_per,14.9
1772027096,live555,chatafl,1,b_abs,2752
1772027108,live555,chatafl,1,l_per,23.8
1772027108,live555,chatafl,1,l_abs,5684
1772027108,live555,chatafl,1,b_per,14.9
1772027108,live555,chatafl,1,b_abs,2752
1772027111,live555,chatafl,1,l_per,23.8
1772027111,live555,chatafl,1,l_abs,5684
1772027111,live555,chatafl,1,b_per,14.9
1772027111,live555,chatafl,1,b_abs,2752
1772027164,live555,chatafl,1,l_per,23.8
1772027164,live555,chatafl,1,l_abs,5684
1772027164,live555,chatafl,1,b_per,14.9
1772027164,live555,chatafl,1,b_abs,2752
1772027167,live555,chatafl,1,l_per,23.8
1772027167,live555,chatafl,1,l_abs,5684
1772027167,live555,chatafl,1,b_per,14.9
1772027167,live555,chatafl,1,b_abs,2752
1772027198,live555,chatafl,1,l_per,23.8
1772027198,live555,chatafl,1,l_abs,5684
1772027198,live555,chatafl,1,b_per,14.9
1772027198,live555,chatafl,1,b_abs,2752
1772027201,live555,chatafl,1,l_per,23.8
1772027201,live555,chatafl,1,l_abs,5684
1772027201,live555,chatafl,1,b_per,14.9
1772027201,live555,chatafl,1,b_abs,2752
1772027224,live555,chatafl,1,l_per,23.8
1772027224,live555,chatafl,1,l_abs,5684
1772027224,live555,chatafl,1,b_per,14.9
1772027224,live555,chatafl,1,b_abs,2752
1772027228,live555,chatafl,1,l_per,23.8
1772027228,live555,chatafl,1,l_abs,5684
1772027228,live555,chatafl,1,b_per,14.9
1772027228,live555,chatafl,1,b_abs,2752
1772027251,live555,chatafl,1,l_per,23.8
1772027251,live555,chatafl,1,l_abs,5684
1772027251,live555,chatafl,1,b_per,14.9
1772027251,live555,chatafl,1,b_abs,2752
1772027253,live555,chatafl,1,l_per,23.8
1772027253,live555,chatafl,1,l_abs,5684
1772027253,live555,chatafl,1,b_per,14.9
1772027253,live555,chatafl,1,b_abs,2755
1772027270,live555,chatafl,1,l_per,23.8
1772027270,live555,chatafl,1,l_abs,5684
1772027270,live555,chatafl,1,b_per,14.9
1772027270,live555,chatafl,1,b_abs,2755
1772027272,live555,chatafl,1,l_per,23.8
1772027272,live555,chatafl,1,l_abs,5684
1772027272,live555,chatafl,1,b_per,14.9
1772027272,live555,chatafl,1,b_abs,2755
1772027308,live555,chatafl,1,l_per,23.8
1772027308,live555,chatafl,1,l_abs,5684
1772027308,live555,chatafl,1,b_per,14.9
1772027308,live555,chatafl,1,b_abs,2757
1772027314,live555,chatafl,1,l_per,23.8
1772027314,live555,chatafl,1,l_abs,5684
1772027314,live555,chatafl,1,b_per,14.9
1772027314,live555,chatafl,1,b_abs,2757
1772027316,live555,chatafl,1,l_per,23.8
1772027316,live555,chatafl,1,l_abs,5684
1772027316,live555,chatafl,1,b_per,14.9
1772027316,live555,chatafl,1,b_abs,2758
1772027317,live555,chatafl,1,l_per,23.8
1772027317,live555,chatafl,1,l_abs,5684
1772027317,live555,chatafl,1,b_per,14.9
1772027317,live555,chatafl,1,b_abs,2758
1772027319,live555,chatafl,1,l_per,23.8
1772027319,live555,chatafl,1,l_abs,5684
1772027319,live555,chatafl,1,b_per,14.9
1772027319,live555,chatafl,1,b_abs,2758
1772027331,live555,chatafl,1,l_per,23.8
1772027331,live555,chatafl,1,l_abs,5684
1772027331,live555,chatafl,1,b_per,14.9
1772027331,live555,chatafl,1,b_abs,2758
1772027333,live555,chatafl,1,l_per,23.8
1772027333,live555,chatafl,1,l_abs,5684
1772027333,live555,chatafl,1,b_per,14.9
1772027333,live555,chatafl,1,b_abs,2758
1772027337,live555,chatafl,1,l_per,23.8
1772027337,live555,chatafl,1,l_abs,5684
1772027337,live555,chatafl,1,b_per,14.9
1772027337,live555,chatafl,1,b_abs,2758
1772027340,live555,chatafl,1,l_per,23.8
1772027340,live555,chatafl,1,l_abs,5685
1772027340,live555,chatafl,1,b_per,14.9
1772027340,live555,chatafl,1,b_abs,2760
1772027341,live555,chatafl,1,l_per,23.8
1772027341,live555,chatafl,1,l_abs,5685
1772027341,live555,chatafl,1,b_per,14.9
1772027341,live555,chatafl,1,b_abs,2760
1772027343,live555,chatafl,1,l_per,23.8
1772027343,live555,chatafl,1,l_abs,5685
1772027343,live555,chatafl,1,b_per,14.9
1772027343,live555,chatafl,1,b_abs,2760
1772027360,live555,chatafl,1,l_per,23.8
1772027360,live555,chatafl,1,l_abs,5685
1772027360,live555,chatafl,1,b_per,14.9
1772027360,live555,chatafl,1,b_abs,2760
1772027393,live555,chatafl,1,l_per,23.8
1772027393,live555,chatafl,1,l_abs,5685
1772027393,live555,chatafl,1,b_per,14.9
1772027393,live555,chatafl,1,b_abs,2760
1772027397,live555,chatafl,1,l_per,23.8
1772027397,live555,chatafl,1,l_abs,5685
1772027397,live555,chatafl,1,b_per,14.9
1772027397,live555,chatafl,1,b_abs,2760
1772027424,live555,chatafl,1,l_per,23.8
1772027424,live555,chatafl,1,l_abs,5685
1772027424,live555,chatafl,1,b_per,14.9
1772027424,live555,chatafl,1,b_abs,2760
1772027425,live555,chatafl,1,l_per,23.8
1772027425,live555,chatafl,1,l_abs,5685
1772027425,live555,chatafl,1,b_per,14.9
1772027425,live555,chatafl,1,b_abs,2760
1772027428,live555,chatafl,1,l_per,23.8
1772027428,live555,chatafl,1,l_abs,5685
1772027428,live555,chatafl,1,b_per,14.9
1772027428,live555,chatafl,1,b_abs,2760
1772027429,live555,chatafl,1,l_per,23.8
1772027429,live555,chatafl,1,l_abs,5685
1772027429,live555,chatafl,1,b_per,14.9
1772027429,live555,chatafl,1,b_abs,2760
1772027432,live555,chatafl,1,l_per,23.8
1772027432,live555,chatafl,1,l_abs,5685
1772027432,live555,chatafl,1,b_per,14.9
1772027432,live555,chatafl,1,b_abs,2760
1772027434,live555,chatafl,1,l_per,23.8
1772027434,live555,chatafl,1,l_abs,5685
1772027434,live555,chatafl,1,b_per,14.9
1772027434,live555,chatafl,1,b_abs,2760
1772027438,live555,chatafl,1,l_per,23.8
1772027438,live555,chatafl,1,l_abs,5685
1772027438,live555,chatafl,1,b_per,14.9
1772027438,live555,chatafl,1,b_abs,2760
1772027442,live555,chatafl,1,l_per,23.8
1772027442,live555,chatafl,1,l_abs,5685
1772027442,live555,chatafl,1,b_per,14.9
1772027442,live555,chatafl,1,b_abs,2760
1772027444,live555,chatafl,1,l_per,23.8
1772027444,live555,chatafl,1,l_abs,5685
1772027444,live555,chatafl,1,b_per,14.9
1772027444,live555,chatafl,1,b_abs,2760
1772027446,live555,chatafl,1,l_per,23.8
1772027446,live555,chatafl,1,l_abs,5685
1772027446,live555,chatafl,1,b_per,14.9
1772027446,live555,chatafl,1,b_abs,2760
1772027450,live555,chatafl,1,l_per,23.8
1772027450,live555,chatafl,1,l_abs,5685
1772027450,live555,chatafl,1,b_per,14.9
1772027450,live555,chatafl,1,b_abs,2760
1772027459,live555,chatafl,1,l_per,23.8
1772027459,live555,chatafl,1,l_abs,5685
1772027459,live555,chatafl,1,b_per,14.9
1772027459,live555,chatafl,1,b_abs,2760
1772027479,live555,chatafl,1,l_per,23.8
1772027479,live555,chatafl,1,l_abs,5685
1772027479,live555,chatafl,1,b_per,14.9
1772027479,live555,chatafl,1,b_abs,2760
1772027484,live555,chatafl,1,l_per,23.8
1772027484,live555,chatafl,1,l_abs,5685
1772027484,live555,chatafl,1,b_per,14.9
1772027484,live555,chatafl,1,b_abs,2760
1772027495,live555,chatafl,1,l_per,23.8
1772027495,live555,chatafl,1,l_abs,5685
1772027495,live555,chatafl,1,b_per,14.9
1772027495,live555,chatafl,1,b_abs,2760
1772027498,live555,chatafl,1,l_per,23.8
1772027498,live555,chatafl,1,l_abs,5685
1772027498,live555,chatafl,1,b_per,14.9
1772027498,live555,chatafl,1,b_abs,2760
1772027499,live555,chatafl,1,l_per,23.8
1772027499,live555,chatafl,1,l_abs,5685
1772027499,live555,chatafl,1,b_per,14.9
1772027499,live555,chatafl,1,b_abs,2760
1772027501,live555,chatafl,1,l_per,23.8
1772027501,live555,chatafl,1,l_abs,5685
1772027501,live555,chatafl,1,b_per,14.9
1772027501,live555,chatafl,1,b_abs,2761
1772027522,live555,chatafl,1,l_per,23.8
1772027522,live555,chatafl,1,l_abs,5685
1772027522,live555,chatafl,1,b_per,14.9
1772027522,live555,chatafl,1,b_abs,2761
1772027528,live555,chatafl,1,l_per,23.8
1772027528,live555,chatafl,1,l_abs,5685
1772027528,live555,chatafl,1,b_per,14.9
1772027528,live555,chatafl,1,b_abs,2761
1772027537,live555,chatafl,1,l_per,23.8
1772027537,live555,chatafl,1,l_abs,5685
1772027537,live555,chatafl,1,b_per,14.9
1772027537,live555,chatafl,1,b_abs,2761
1772027539,live555,chatafl,1,l_per,23.8
1772027539,live555,chatafl,1,l_abs,5685
1772027539,live555,chatafl,1,b_per,14.9
1772027539,live555,chatafl,1,b_abs,2761
1772027541,live555,chatafl,1,l_per,23.8
1772027541,live555,chatafl,1,l_abs,5685
1772027541,live555,chatafl,1,b_per,14.9
1772027541,live555,chatafl,1,b_abs,2761
1772027546,live555,chatafl,1,l_per,23.8
1772027546,live555,chatafl,1,l_abs,5685
1772027546,live555,chatafl,1,b_per,14.9
1772027546,live555,chatafl,1,b_abs,2761
1772027550,live555,chatafl,1,l_per,23.8
1772027550,live555,chatafl,1,l_abs,5685
1772027550,live555,chatafl,1,b_per,14.9
1772027550,live555,chatafl,1,b_abs,2761
1772027551,live555,chatafl,1,l_per,23.8
1772027551,live555,chatafl,1,l_abs,5685
1772027551,live555,chatafl,1,b_per,14.9
1772027551,live555,chatafl,1,b_abs,2761
1772027552,live555,chatafl,1,l_per,23.8
1772027552,live555,chatafl,1,l_abs,5685
1772027552,live555,chatafl,1,b_per,14.9
1772027552,live555,chatafl,1,b_abs,2761
1772027555,live555,chatafl,1,l_per,23.8
1772027555,live555,chatafl,1,l_abs,5685
1772027555,live555,chatafl,1,b_per,14.9
1772027555,live555,chatafl,1,b_abs,2761
1772027559,live555,chatafl,1,l_per,23.8
1772027559,live555,chatafl,1,l_abs,5685
1772027559,live555,chatafl,1,b_per,14.9
1772027559,live555,chatafl,1,b_abs,2761
1772027561,live555,chatafl,1,l_per,23.8
1772027561,live555,chatafl,1,l_abs,5685
1772027561,live555,chatafl,1,b_per,14.9
1772027561,live555,chatafl,1,b_abs,2763
1772027564,live555,chatafl,1,l_per,23.8
1772027564,live555,chatafl,1,l_abs,5685
1772027564,live555,chatafl,1,b_per,14.9
1772027564,live555,chatafl,1,b_abs,2763
1772027566,live555,chatafl,1,l_per,23.8
1772027566,live555,chatafl,1,l_abs,5685
1772027566,live555,chatafl,1,b_per,14.9
1772027566,live555,chatafl,1,b_abs,2763
1772027606,live555,chatafl,1,l_per,23.8
1772027606,live555,chatafl,1,l_abs,5685
1772027606,live555,chatafl,1,b_per,14.9
1772027606,live555,chatafl,1,b_abs,2763
1772027607,live555,chatafl,1,l_per,23.8
1772027607,live555,chatafl,1,l_abs,5685
1772027607,live555,chatafl,1,b_per,14.9
1772027607,live555,chatafl,1,b_abs,2763
1772027613,live555,chatafl,1,l_per,23.8
1772027613,live555,chatafl,1,l_abs,5685
1772027613,live555,chatafl,1,b_per,14.9
1772027613,live555,chatafl,1,b_abs,2763
1772027618,live555,chatafl,1,l_per,23.8
1772027618,live555,chatafl,1,l_abs,5685
1772027618,live555,chatafl,1,b_per,14.9
1772027618,live555,chatafl,1,b_abs,2763
1772027631,live555,chatafl,1,l_per,23.8
1772027631,live555,chatafl,1,l_abs,5685
1772027631,live555,chatafl,1,b_per,14.9
1772027631,live555,chatafl,1,b_abs,2763
1772027637,live555,chatafl,1,l_per,23.8
1772027637,live555,chatafl,1,l_abs,5685
1772027637,live555,chatafl,1,b_per,14.9
1772027637,live555,chatafl,1,b_abs,2763
1772027638,live555,chatafl,1,l_per,23.8
1772027638,live555,chatafl,1,l_abs,5685
1772027638,live555,chatafl,1,b_per,14.9
1772027638,live555,chatafl,1,b_abs,2763
1772027643,live555,chatafl,1,l_per,23.8
1772027643,live555,chatafl,1,l_abs,5685
1772027643,live555,chatafl,1,b_per,14.9
1772027643,live555,chatafl,1,b_abs,2763
1772027647,live555,chatafl,1,l_per,23.8
1772027647,live555,chatafl,1,l_abs,5685
1772027647,live555,chatafl,1,b_per,14.9
1772027647,live555,chatafl,1,b_abs,2763
1772027654,live555,chatafl,1,l_per,23.8
1772027654,live555,chatafl,1,l_abs,5685
1772027654,live555,chatafl,1,b_per,14.9
1772027654,live555,chatafl,1,b_abs,2763
1772027660,live555,chatafl,1,l_per,23.8
1772027660,live555,chatafl,1,l_abs,5685
1772027660,live555,chatafl,1,b_per,14.9
1772027660,live555,chatafl,1,b_abs,2763
1772027662,live555,chatafl,1,l_per,23.8
1772027662,live555,chatafl,1,l_abs,5685
1772027662,live555,chatafl,1,b_per,14.9
1772027662,live555,chatafl,1,b_abs,2763
1772027667,live555,chatafl,1,l_per,23.8
1772027667,live555,chatafl,1,l_abs,5685
1772027667,live555,chatafl,1,b_per,14.9
1772027667,live555,chatafl,1,b_abs,2763
1772027676,live555,chatafl,1,l_per,23.8
1772027676,live555,chatafl,1,l_abs,5685
1772027676,live555,chatafl,1,b_per,14.9
1772027676,live555,chatafl,1,b_abs,2763
1772027681,live555,chatafl,1,l_per,23.8
1772027681,live555,chatafl,1,l_abs,5685
1772027681,live555,chatafl,1,b_per,14.9
1772027681,live555,chatafl,1,b_abs,2763
1772027685,live555,chatafl,1,l_per,23.8
1772027685,live555,chatafl,1,l_abs,5685
1772027685,live555,chatafl,1,b_per,14.9
1772027685,live555,chatafl,1,b_abs,2763
1772027686,live555,chatafl,1,l_per,23.8
1772027686,live555,chatafl,1,l_abs,5685
1772027686,live555,chatafl,1,b_per,14.9
1772027686,live555,chatafl,1,b_abs,2763
1772027692,live555,chatafl,1,l_per,23.8
1772027692,live555,chatafl,1,l_abs,5685
1772027692,live555,chatafl,1,b_per,14.9
1772027692,live555,chatafl,1,b_abs,2763
1772027706,live555,chatafl,1,l_per,23.8
1772027706,live555,chatafl,1,l_abs,5685
1772027706,live555,chatafl,1,b_per,14.9
1772027706,live555,chatafl,1,b_abs,2763
1772027708,live555,chatafl,1,l_per,23.8
1772027708,live555,chatafl,1,l_abs,5685
1772027708,live555,chatafl,1,b_per,14.9
1772027708,live555,chatafl,1,b_abs,2763
1772027713,live555,chatafl,1,l_per,23.8
1772027713,live555,chatafl,1,l_abs,5685
1772027713,live555,chatafl,1,b_per,14.9
1772027713,live555,chatafl,1,b_abs,2763
1772027732,live555,chatafl,1,l_per,23.8
1772027732,live555,chatafl,1,l_abs,5685
1772027732,live555,chatafl,1,b_per,14.9
1772027732,live555,chatafl,1,b_abs,2763
1772027735,live555,chatafl,1,l_per,23.8
1772027735,live555,chatafl,1,l_abs,5685
1772027735,live555,chatafl,1,b_per,14.9
1772027735,live555,chatafl,1,b_abs,2763
1772027737,live555,chatafl,1,l_per,23.8
1772027737,live555,chatafl,1,l_abs,5685
1772027737,live555,chatafl,1,b_per,14.9
1772027737,live555,chatafl,1,b_abs,2764
1772027756,live555,chatafl,1,l_per,23.8
1772027756,live555,chatafl,1,l_abs,5685
1772027756,live555,chatafl,1,b_per,14.9
1772027756,live555,chatafl,1,b_abs,2764
1772027761,live555,chatafl,1,l_per,23.8
1772027761,live555,chatafl,1,l_abs,5685
1772027761,live555,chatafl,1,b_per,14.9
1772027761,live555,chatafl,1,b_abs,2764
1772027764,live555,chatafl,1,l_per,23.8
1772027764,live555,chatafl,1,l_abs,5685
1772027764,live555,chatafl,1,b_per,14.9
1772027764,live555,chatafl,1,b_abs,2764
1772027770,live555,chatafl,1,l_per,23.8
1772027770,live555,chatafl,1,l_abs,5685
1772027770,live555,chatafl,1,b_per,14.9
1772027770,live555,chatafl,1,b_abs,2764
1772027772,live555,chatafl,1,l_per,23.8
1772027772,live555,chatafl,1,l_abs,5685
1772027772,live555,chatafl,1,b_per,14.9
1772027772,live555,chatafl,1,b_abs,2764
1772027773,live555,chatafl,1,l_per,23.8
1772027773,live555,chatafl,1,l_abs,5685
1772027773,live555,chatafl,1,b_per,14.9
1772027773,live555,chatafl,1,b_abs,2764
1772027776,live555,chatafl,1,l_per,23.8
1772027776,live555,chatafl,1,l_abs,5685
1772027776,live555,chatafl,1,b_per,14.9
1772027776,live555,chatafl,1,b_abs,2764
1772027791,live555,chatafl,1,l_per,23.8
1772027791,live555,chatafl,1,l_abs,5685
1772027791,live555,chatafl,1,b_per,14.9
1772027791,live555,chatafl,1,b_abs,2764
1772027822,live555,chatafl,1,l_per,23.8
1772027822,live555,chatafl,1,l_abs,5685
1772027822,live555,chatafl,1,b_per,14.9
1772027822,live555,chatafl,1,b_abs,2764
1772027826,live555,chatafl,1,l_per,23.8
1772027826,live555,chatafl,1,l_abs,5685
1772027826,live555,chatafl,1,b_per,14.9
1772027826,live555,chatafl,1,b_abs,2764
1772027835,live555,chatafl,1,l_per,23.8
1772027835,live555,chatafl,1,l_abs,5685
1772027835,live555,chatafl,1,b_per,14.9
1772027835,live555,chatafl,1,b_abs,2764
1772027840,live555,chatafl,1,l_per,23.8
1772027840,live555,chatafl,1,l_abs,5685
1772027840,live555,chatafl,1,b_per,14.9
1772027840,live555,chatafl,1,b_abs,2764
1772027843,live555,chatafl,1,l_per,23.8
1772027843,live555,chatafl,1,l_abs,5685
1772027843,live555,chatafl,1,b_per,14.9
1772027843,live555,chatafl,1,b_abs,2765
1772027845,live555,chatafl,1,l_per,23.8
1772027845,live555,chatafl,1,l_abs,5685
1772027845,live555,chatafl,1,b_per,14.9
1772027845,live555,chatafl,1,b_abs,2765
1772027847,live555,chatafl,1,l_per,23.8
1772027847,live555,chatafl,1,l_abs,5685
1772027847,live555,chatafl,1,b_per,14.9
1772027847,live555,chatafl,1,b_abs,2766
1772027872,live555,chatafl,1,l_per,23.8
1772027872,live555,chatafl,1,l_abs,5685
1772027872,live555,chatafl,1,b_per,14.9
1772027872,live555,chatafl,1,b_abs,2766
1772027907,live555,chatafl,1,l_per,23.8
1772027907,live555,chatafl,1,l_abs,5685
1772027907,live555,chatafl,1,b_per,14.9
1772027907,live555,chatafl,1,b_abs,2766
1772027914,live555,chatafl,1,l_per,23.8
1772027914,live555,chatafl,1,l_abs,5685
1772027914,live555,chatafl,1,b_per,14.9
1772027914,live555,chatafl,1,b_abs,2767
1772027925,live555,chatafl,1,l_per,23.8
1772027925,live555,chatafl,1,l_abs,5685
1772027925,live555,chatafl,1,b_per,14.9
1772027925,live555,chatafl,1,b_abs,2767
1772028041,live555,chatafl,1,l_per,23.8
1772028041,live555,chatafl,1,l_abs,5685
1772028041,live555,chatafl,1,b_per,14.9
1772028041,live555,chatafl,1,b_abs,2767
1772028050,live555,chatafl,1,l_per,23.8
1772028050,live555,chatafl,1,l_abs,5685
1772028050,live555,chatafl,1,b_per,14.9
1772028050,live555,chatafl,1,b_abs,2768
1772028055,live555,chatafl,1,l_per,23.8
1772028055,live555,chatafl,1,l_abs,5685
1772028055,live555,chatafl,1,b_per,15.0
1772028055,live555,chatafl,1,b_abs,2770
1772028097,live555,chatafl,1,l_per,23.8
1772028097,live555,chatafl,1,l_abs,5685
1772028097,live555,chatafl,1,b_per,15.0
1772028097,live555,chatafl,1,b_abs,2770
1772028101,live555,chatafl,1,l_per,23.8
1772028101,live555,chatafl,1,l_abs,5685
1772028101,live555,chatafl,1,b_per,15.0
1772028101,live555,chatafl,1,b_abs,2770
1772028105,live555,chatafl,1,l_per,23.8
1772028105,live555,chatafl,1,l_abs,5685
1772028105,live555,chatafl,1,b_per,15.0
1772028105,live555,chatafl,1,b_abs,2771
1772028115,live555,chatafl,1,l_per,23.8
1772028115,live555,chatafl,1,l_abs,5685
1772028115,live555,chatafl,1,b_per,15.0
1772028115,live555,chatafl,1,b_abs,2772
1772028124,live555,chatafl,1,l_per,23.8
1772028124,live555,chatafl,1,l_abs,5685
1772028124,live555,chatafl,1,b_per,15.0
1772028124,live555,chatafl,1,b_abs,2772
1772028131,live555,chatafl,1,l_per,23.8
1772028131,live555,chatafl,1,l_abs,5685
1772028131,live555,chatafl,1,b_per,15.0
1772028131,live555,chatafl,1,b_abs,2772
1772028133,live555,chatafl,1,l_per,23.8
1772028133,live555,chatafl,1,l_abs,5685
1772028133,live555,chatafl,1,b_per,15.0
1772028133,live555,chatafl,1,b_abs,2774
1772028145,live555,chatafl,1,l_per,23.8
1772028145,live555,chatafl,1,l_abs,5685
1772028145,live555,chatafl,1,b_per,15.0
1772028145,live555,chatafl,1,b_abs,2774
1772028152,live555,chatafl,1,l_per,23.8
1772028152,live555,chatafl,1,l_abs,5685
1772028152,live555,chatafl,1,b_per,15.0
1772028152,live555,chatafl,1,b_abs,2774
1772028158,live555,chatafl,1,l_per,23.8
1772028158,live555,chatafl,1,l_abs,5685
1772028158,live555,chatafl,1,b_per,15.0
1772028158,live555,chatafl,1,b_abs,2774
1772028165,live555,chatafl,1,l_per,23.8
1772028165,live555,chatafl,1,l_abs,5685
1772028165,live555,chatafl,1,b_per,15.0
1772028165,live555,chatafl,1,b_abs,2774
1772028169,live555,chatafl,1,l_per,23.8
1772028169,live555,chatafl,1,l_abs,5685
1772028169,live555,chatafl,1,b_per,15.0
1772028169,live555,chatafl,1,b_abs,2774
1772028209,live555,chatafl,1,l_per,23.8
1772028209,live555,chatafl,1,l_abs,5685
1772028209,live555,chatafl,1,b_per,15.0
1772028209,live555,chatafl,1,b_abs,2774
1772028212,live555,chatafl,1,l_per,23.8
1772028212,live555,chatafl,1,l_abs,5685
1772028212,live555,chatafl,1,b_per,15.0
1772028212,live555,chatafl,1,b_abs,2774
1772028215,live555,chatafl,1,l_per,23.8
1772028215,live555,chatafl,1,l_abs,5685
1772028215,live555,chatafl,1,b_per,15.0
1772028215,live555,chatafl,1,b_abs,2774
1772028229,live555,chatafl,1,l_per,23.9
1772028229,live555,chatafl,1,l_abs,5694
1772028229,live555,chatafl,1,b_per,15.0
1772028229,live555,chatafl,1,b_abs,2780
1772028297,live555,chatafl,1,l_per,23.9
1772028297,live555,chatafl,1,l_abs,5694
1772028297,live555,chatafl,1,b_per,15.0
1772028297,live555,chatafl,1,b_abs,2780
1772028301,live555,chatafl,1,l_per,23.9
1772028301,live555,chatafl,1,l_abs,5694
1772028301,live555,chatafl,1,b_per,15.0
1772028301,live555,chatafl,1,b_abs,2780
1772028340,live555,chatafl,1,l_per,23.9
1772028340,live555,chatafl,1,l_abs,5694
1772028340,live555,chatafl,1,b_per,15.0
1772028340,live555,chatafl,1,b_abs,2780
1772028390,live555,chatafl,1,l_per,23.9
1772028390,live555,chatafl,1,l_abs,5694
1772028390,live555,chatafl,1,b_per,15.0
1772028390,live555,chatafl,1,b_abs,2780
1772028421,live555,chatafl,1,l_per,23.9
1772028421,live555,chatafl,1,l_abs,5694
1772028421,live555,chatafl,1,b_per,15.0
1772028421,live555,chatafl,1,b_abs,2780
1772028434,live555,chatafl,1,l_per,23.9
1772028434,live555,chatafl,1,l_abs,5694
1772028434,live555,chatafl,1,b_per,15.0
1772028434,live555,chatafl,1,b_abs,2780
1772028440,live555,chatafl,1,l_per,23.9
1772028440,live555,chatafl,1,l_abs,5694
1772028440,live555,chatafl,1,b_per,15.0
1772028440,live555,chatafl,1,b_abs,2780
1772028473,live555,chatafl,1,l_per,23.9
1772028473,live555,chatafl,1,l_abs,5694
1772028473,live555,chatafl,1,b_per,15.0
1772028473,live555,chatafl,1,b_abs,2780
1772028514,live555,chatafl,1,l_per,23.9
1772028514,live555,chatafl,1,l_abs,5694
1772028514,live555,chatafl,1,b_per,15.0
1772028514,live555,chatafl,1,b_abs,2780
1772028567,live555,chatafl,1,l_per,23.9
1772028567,live555,chatafl,1,l_abs,5694
1772028567,live555,chatafl,1,b_per,15.0
1772028567,live555,chatafl,1,b_abs,2780
1772028570,live555,chatafl,1,l_per,23.9
1772028570,live555,chatafl,1,l_abs,5694
1772028570,live555,chatafl,1,b_per,15.0
1772028570,live555,chatafl,1,b_abs,2780
1772028746,live555,chatafl,1,l_per,23.9
1772028746,live555,chatafl,1,l_abs,5694
1772028746,live555,chatafl,1,b_per,15.0
1772028746,live555,chatafl,1,b_abs,2780
1772028758,live555,chatafl,1,l_per,23.9
1772028758,live555,chatafl,1,l_abs,5694
1772028758,live555,chatafl,1,b_per,15.0
1772028758,live555,chatafl,1,b_abs,2780
1772028835,live555,chatafl,1,l_per,23.9
1772028835,live555,chatafl,1,l_abs,5694
1772028835,live555,chatafl,1,b_per,15.0
1772028835,live555,chatafl,1,b_abs,2782
1772028837,live555,chatafl,1,l_per,23.9
1772028837,live555,chatafl,1,l_abs,5694
1772028837,live555,chatafl,1,b_per,15.0
1772028837,live555,chatafl,1,b_abs,2782
1772028854,live555,chatafl,1,l_per,23.9
1772028854,live555,chatafl,1,l_abs,5694
1772028854,live555,chatafl,1,b_per,15.0
1772028854,live555,chatafl,1,b_abs,2782
1772028873,live555,chatafl,1,l_per,23.9
1772028873,live555,chatafl,1,l_abs,5694
1772028873,live555,chatafl,1,b_per,15.0
1772028873,live555,chatafl,1,b_abs,2782
1772028913,live555,chatafl,1,l_per,23.9
1772028913,live555,chatafl,1,l_abs,5694
1772028913,live555,chatafl,1,b_per,15.0
1772028913,live555,chatafl,1,b_abs,2782
1772028923,live555,chatafl,1,l_per,23.9
1772028923,live555,chatafl,1,l_abs,5694
1772028923,live555,chatafl,1,b_per,15.0
1772028923,live555,chatafl,1,b_abs,2782
1772028925,live555,chatafl,1,l_per,23.9
1772028925,live555,chatafl,1,l_abs,5694
1772028925,live555,chatafl,1,b_per,15.0
1772028925,live555,chatafl,1,b_abs,2782
1772028969,live555,chatafl,1,l_per,23.9
1772028969,live555,chatafl,1,l_abs,5695
1772028969,live555,chatafl,1,b_per,15.0
1772028969,live555,chatafl,1,b_abs,2783
1772028975,live555,chatafl,1,l_per,23.9
1772028975,live555,chatafl,1,l_abs,5695
1772028975,live555,chatafl,1,b_per,15.0
1772028975,live555,chatafl,1,b_abs,2783
1772028976,live555,chatafl,1,l_per,23.9
1772028976,live555,chatafl,1,l_abs,5695
1772028976,live555,chatafl,1,b_per,15.0
1772028976,live555,chatafl,1,b_abs,2783
1772028978,live555,chatafl,1,l_per,23.9
1772028978,live555,chatafl,1,l_abs,5695
1772028978,live555,chatafl,1,b_per,15.0
1772028978,live555,chatafl,1,b_abs,2783
1772028982,live555,chatafl,1,l_per,23.9
1772028982,live555,chatafl,1,l_abs,5695
1772028982,live555,chatafl,1,b_per,15.0
1772028982,live555,chatafl,1,b_abs,2783
1772028999,live555,chatafl,1,l_per,23.9
1772028999,live555,chatafl,1,l_abs,5695
1772028999,live555,chatafl,1,b_per,15.0
1772028999,live555,chatafl,1,b_abs,2783
1772029010,live555,chatafl,1,l_per,23.9
1772029010,live555,chatafl,1,l_abs,5695
1772029010,live555,chatafl,1,b_per,15.0
1772029010,live555,chatafl,1,b_abs,2783
1772029012,live555,chatafl,1,l_per,23.9
1772029012,live555,chatafl,1,l_abs,5695
1772029012,live555,chatafl,1,b_per,15.0
1772029012,live555,chatafl,1,b_abs,2783
1772029040,live555,chatafl,1,l_per,23.9
1772029040,live555,chatafl,1,l_abs,5695
1772029040,live555,chatafl,1,b_per,15.0
1772029040,live555,chatafl,1,b_abs,2783
1772029044,live555,chatafl,1,l_per,23.9
1772029044,live555,chatafl,1,l_abs,5695
1772029044,live555,chatafl,1,b_per,15.0
1772029044,live555,chatafl,1,b_abs,2783
1772029046,live555,chatafl,1,l_per,23.9
1772029046,live555,chatafl,1,l_abs,5695
1772029046,live555,chatafl,1,b_per,15.0
1772029046,live555,chatafl,1,b_abs,2783
1772029065,live555,chatafl,1,l_per,23.9
1772029065,live555,chatafl,1,l_abs,5695
1772029065,live555,chatafl,1,b_per,15.0
1772029065,live555,chatafl,1,b_abs,2783
1772029118,live555,chatafl,1,l_per,23.9
1772029118,live555,chatafl,1,l_abs,5695
1772029118,live555,chatafl,1,b_per,15.0
1772029118,live555,chatafl,1,b_abs,2783
1772029119,live555,chatafl,1,l_per,23.9
1772029119,live555,chatafl,1,l_abs,5695
1772029119,live555,chatafl,1,b_per,15.0
1772029119,live555,chatafl,1,b_abs,2783
1772029150,live555,chatafl,1,l_per,23.9
1772029150,live555,chatafl,1,l_abs,5695
1772029150,live555,chatafl,1,b_per,15.0
1772029150,live555,chatafl,1,b_abs,2783
1772029168,live555,chatafl,1,l_per,23.9
1772029168,live555,chatafl,1,l_abs,5695
1772029168,live555,chatafl,1,b_per,15.0
1772029168,live555,chatafl,1,b_abs,2783
1772029172,live555,chatafl,1,l_per,23.9
1772029172,live555,chatafl,1,l_abs,5695
1772029172,live555,chatafl,1,b_per,15.0
1772029172,live555,chatafl,1,b_abs,2783
1772029232,live555,chatafl,1,l_per,23.9
1772029232,live555,chatafl,1,l_abs,5695
1772029232,live555,chatafl,1,b_per,15.0
1772029232,live555,chatafl,1,b_abs,2783
1772029254,live555,chatafl,1,l_per,23.9
1772029254,live555,chatafl,1,l_abs,5695
1772029254,live555,chatafl,1,b_per,15.0
1772029254,live555,chatafl,1,b_abs,2783
1772029258,live555,chatafl,1,l_per,23.9
1772029258,live555,chatafl,1,l_abs,5695
1772029258,live555,chatafl,1,b_per,15.0
1772029258,live555,chatafl,1,b_abs,2783
1772029342,live555,chatafl,1,l_per,23.9
1772029342,live555,chatafl,1,l_abs,5695
1772029342,live555,chatafl,1,b_per,15.0
1772029342,live555,chatafl,1,b_abs,2783
1772029356,live555,chatafl,1,l_per,23.9
1772029356,live555,chatafl,1,l_abs,5695
1772029356,live555,chatafl,1,b_per,15.0
1772029356,live555,chatafl,1,b_abs,2783
1772029407,live555,chatafl,1,l_per,23.9
1772029407,live555,chatafl,1,l_abs,5695
1772029407,live555,chatafl,1,b_per,15.0
1772029407,live555,chatafl,1,b_abs,2783
1772028650,live555,chatafl_opt,1,l_per,7.6
1772028650,live555,chatafl_opt,1,l_abs,1806
1772028650,live555,chatafl_opt,1,b_per,4.6
1772028650,live555,chatafl_opt,1,b_abs,843
1772028650,live555,chatafl_opt,1,l_per,7.6
1772028650,live555,chatafl_opt,1,l_abs,1806
1772028650,live555,chatafl_opt,1,b_per,4.6
1772028650,live555,chatafl_opt,1,b_abs,843
1772028651,live555,chatafl_opt,1,l_per,8.5
1772028651,live555,chatafl_opt,1,l_abs,2009
1772028651,live555,chatafl_opt,1,b_per,5.1
1772028651,live555,chatafl_opt,1,b_abs,948
1772028651,live555,chatafl_opt,1,l_per,8.5
1772028651,live555,chatafl_opt,1,l_abs,2009
1772028651,live555,chatafl_opt,1,b_per,5.1
1772028651,live555,chatafl_opt,1,b_abs,948
1772028651,live555,chatafl_opt,1,l_per,8.5
1772028651,live555,chatafl_opt,1,l_abs,2009
1772028651,live555,chatafl_opt,1,b_per,5.1
1772028651,live555,chatafl_opt,1,b_abs,948
1772028651,live555,chatafl_opt,1,l_per,8.5
1772028651,live555,chatafl_opt,1,l_abs,2009
1772028651,live555,chatafl_opt,1,b_per,5.1
1772028651,live555,chatafl_opt,1,b_abs,948
1772028651,live555,chatafl_opt,1,l_per,8.5
1772028651,live555,chatafl_opt,1,l_abs,2009
1772028651,live555,chatafl_opt,1,b_per,5.1
1772028651,live555,chatafl_opt,1,b_abs,948
1772028651,live555,chatafl_opt,1,l_per,8.5
1772028651,live555,chatafl_opt,1,l_abs,2009
1772028651,live555,chatafl_opt,1,b_per,5.1
1772028651,live555,chatafl_opt,1,b_abs,948
1772028652,live555,chatafl_opt,1,l_per,8.5
1772028652,live555,chatafl_opt,1,l_abs,2009
1772028652,live555,chatafl_opt,1,b_per,5.1
1772028652,live555,chatafl_opt,1,b_abs,948
1772028652,live555,chatafl_opt,1,l_per,8.5
1772028652,live555,chatafl_opt,1,l_abs,2009
1772028652,live555,chatafl_opt,1,b_per,5.1
1772028652,live555,chatafl_opt,1,b_abs,949
1772028652,live555,chatafl_opt,1,l_per,8.5
1772028652,live555,chatafl_opt,1,l_abs,2009
1772028652,live555,chatafl_opt,1,b_per,5.1
1772028652,live555,chatafl_opt,1,b_abs,949
1772028652,live555,chatafl_opt,1,l_per,8.5
1772028652,live555,chatafl_opt,1,l_abs,2009
1772028652,live555,chatafl_opt,1,b_per,5.1
1772028652,live555,chatafl_opt,1,b_abs,949
1772028652,live555,chatafl_opt,1,l_per,8.5
1772028652,live555,chatafl_opt,1,l_abs,2009
1772028652,live555,chatafl_opt,1,b_per,5.1
1772028652,live555,chatafl_opt,1,b_abs,949
1772028652,live555,chatafl_opt,1,l_per,8.5
1772028652,live555,chatafl_opt,1,l_abs,2009
1772028652,live555,chatafl_opt,1,b_per,5.1
1772028652,live555,chatafl_opt,1,b_abs,949
1772028653,live555,chatafl_opt,1,l_per,8.5
1772028653,live555,chatafl_opt,1,l_abs,2009
1772028653,live555,chatafl_opt,1,b_per,5.1
1772028653,live555,chatafl_opt,1,b_abs,949
1772028653,live555,chatafl_opt,1,l_per,8.5
1772028653,live555,chatafl_opt,1,l_abs,2009
1772028653,live555,chatafl_opt,1,b_per,5.1
1772028653,live555,chatafl_opt,1,b_abs,949
1772028653,live555,chatafl_opt,1,l_per,8.5
1772028653,live555,chatafl_opt,1,l_abs,2009
1772028653,live555,chatafl_opt,1,b_per,5.1
1772028653,live555,chatafl_opt,1,b_abs,949
1772028653,live555,chatafl_opt,1,l_per,8.5
1772028653,live555,chatafl_opt,1,l_abs,2009
1772028653,live555,chatafl_opt,1,b_per,5.1
1772028653,live555,chatafl_opt,1,b_abs,949
1772028653,live555,chatafl_opt,1,l_per,8.5
1772028653,live555,chatafl_opt,1,l_abs,2009
1772028653,live555,chatafl_opt,1,b_per,5.1
1772028653,live555,chatafl_opt,1,b_abs,949
1772028653,live555,chatafl_opt,1,l_per,8.5
1772028653,live555,chatafl_opt,1,l_abs,2009
1772028653,live555,chatafl_opt,1,b_per,5.1
1772028653,live555,chatafl_opt,1,b_abs,949
1772028653,live555,chatafl_opt,1,l_per,8.5
1772028653,live555,chatafl_opt,1,l_abs,2009
1772028653,live555,chatafl_opt,1,b_per,5.1
1772028653,live555,chatafl_opt,1,b_abs,949
1772028654,live555,chatafl_opt,1,l_per,8.5
1772028654,live555,chatafl_opt,1,l_abs,2009
1772028654,live555,chatafl_opt,1,b_per,5.1
1772028654,live555,chatafl_opt,1,b_abs,949
1772028655,live555,chatafl_opt,1,l_per,8.5
1772028655,live555,chatafl_opt,1,l_abs,2009
1772028655,live555,chatafl_opt,1,b_per,5.1
1772028655,live555,chatafl_opt,1,b_abs,949
1772028655,live555,chatafl_opt,1,l_per,8.5
1772028655,live555,chatafl_opt,1,l_abs,2009
1772028655,live555,chatafl_opt,1,b_per,5.1
1772028655,live555,chatafl_opt,1,b_abs,952
1772028655,live555,chatafl_opt,1,l_per,8.5
1772028655,live555,chatafl_opt,1,l_abs,2009
1772028655,live555,chatafl_opt,1,b_per,5.1
1772028655,live555,chatafl_opt,1,b_abs,952
1772028655,live555,chatafl_opt,1,l_per,8.5
1772028655,live555,chatafl_opt,1,l_abs,2009
1772028655,live555,chatafl_opt,1,b_per,5.1
1772028655,live555,chatafl_opt,1,b_abs,952
1772028655,live555,chatafl_opt,1,l_per,8.5
1772028655,live555,chatafl_opt,1,l_abs,2009
1772028655,live555,chatafl_opt,1,b_per,5.1
1772028655,live555,chatafl_opt,1,b_abs,952
1772028655,live555,chatafl_opt,1,l_per,8.5
1772028655,live555,chatafl_opt,1,l_abs,2009
1772028655,live555,chatafl_opt,1,b_per,5.1
1772028655,live555,chatafl_opt,1,b_abs,952
1772028656,live555,chatafl_opt,1,l_per,8.5
1772028656,live555,chatafl_opt,1,l_abs,2009
1772028656,live555,chatafl_opt,1,b_per,5.1
1772028656,live555,chatafl_opt,1,b_abs,952
1772028656,live555,chatafl_opt,1,l_per,8.5
1772028656,live555,chatafl_opt,1,l_abs,2009
1772028656,live555,chatafl_opt,1,b_per,5.1
1772028656,live555,chatafl_opt,1,b_abs,952
1772028656,live555,chatafl_opt,1,l_per,8.5
1772028656,live555,chatafl_opt,1,l_abs,2009
1772028656,live555,chatafl_opt,1,b_per,5.1
1772028656,live555,chatafl_opt,1,b_abs,952
1772028656,live555,chatafl_opt,1,l_per,8.5
1772028656,live555,chatafl_opt,1,l_abs,2009
1772028656,live555,chatafl_opt,1,b_per,5.1
1772028656,live555,chatafl_opt,1,b_abs,952
1772028656,live555,chatafl_opt,1,l_per,8.5
1772028656,live555,chatafl_opt,1,l_abs,2009
1772028656,live555,chatafl_opt,1,b_per,5.1
1772028656,live555,chatafl_opt,1,b_abs,952
1772028656,live555,chatafl_opt,1,l_per,8.5
1772028656,live555,chatafl_opt,1,l_abs,2009
1772028656,live555,chatafl_opt,1,b_per,5.1
1772028656,live555,chatafl_opt,1,b_abs,952
1772028657,live555,chatafl_opt,1,l_per,8.5
1772028657,live555,chatafl_opt,1,l_abs,2009
1772028657,live555,chatafl_opt,1,b_per,5.1
1772028657,live555,chatafl_opt,1,b_abs,952
1772028657,live555,chatafl_opt,1,l_per,8.5
1772028657,live555,chatafl_opt,1,l_abs,2009
1772028657,live555,chatafl_opt,1,b_per,5.1
1772028657,live555,chatafl_opt,1,b_abs,952
1772028657,live555,chatafl_opt,1,l_per,8.5
1772028657,live555,chatafl_opt,1,l_abs,2009
1772028657,live555,chatafl_opt,1,b_per,5.1
1772028657,live555,chatafl_opt,1,b_abs,952
1772028657,live555,chatafl_opt,1,l_per,8.5
1772028657,live555,chatafl_opt,1,l_abs,2009
1772028657,live555,chatafl_opt,1,b_per,5.1
1772028657,live555,chatafl_opt,1,b_abs,952
1772028657,live555,chatafl_opt,1,l_per,8.5
1772028657,live555,chatafl_opt,1,l_abs,2009
1772028657,live555,chatafl_opt,1,b_per,5.1
1772028657,live555,chatafl_opt,1,b_abs,952
1772028657,live555,chatafl_opt,1,l_per,8.5
1772028657,live555,chatafl_opt,1,l_abs,2009
1772028657,live555,chatafl_opt,1,b_per,5.1
1772028657,live555,chatafl_opt,1,b_abs,952
1772028658,live555,chatafl_opt,1,l_per,8.5
1772028658,live555,chatafl_opt,1,l_abs,2009
1772028658,live555,chatafl_opt,1,b_per,5.1
1772028658,live555,chatafl_opt,1,b_abs,952
1772028658,live555,chatafl_opt,1,l_per,8.5
1772028658,live555,chatafl_opt,1,l_abs,2009
1772028658,live555,chatafl_opt,1,b_per,5.1
1772028658,live555,chatafl_opt,1,b_abs,952
1772028658,live555,chatafl_opt,1,l_per,8.5
1772028658,live555,chatafl_opt,1,l_abs,2009
1772028658,live555,chatafl_opt,1,b_per,5.1
1772028658,live555,chatafl_opt,1,b_abs,952
1772028658,live555,chatafl_opt,1,l_per,8.5
1772028658,live555,chatafl_opt,1,l_abs,2009
1772028658,live555,chatafl_opt,1,b_per,5.1
1772028658,live555,chatafl_opt,1,b_abs,952
1772028658,live555,chatafl_opt,1,l_per,8.5
1772028658,live555,chatafl_opt,1,l_abs,2009
1772028658,live555,chatafl_opt,1,b_per,5.1
1772028658,live555,chatafl_opt,1,b_abs,952
1772028659,live555,chatafl_opt,1,l_per,8.5
1772028659,live555,chatafl_opt,1,l_abs,2009
1772028659,live555,chatafl_opt,1,b_per,5.1
1772028659,live555,chatafl_opt,1,b_abs,952
1772028659,live555,chatafl_opt,1,l_per,8.5
1772028659,live555,chatafl_opt,1,l_abs,2009
1772028659,live555,chatafl_opt,1,b_per,5.1
1772028659,live555,chatafl_opt,1,b_abs,952
1772028659,live555,chatafl_opt,1,l_per,8.5
1772028659,live555,chatafl_opt,1,l_abs,2009
1772028659,live555,chatafl_opt,1,b_per,5.1
1772028659,live555,chatafl_opt,1,b_abs,952
1772028659,live555,chatafl_opt,1,l_per,8.5
1772028659,live555,chatafl_opt,1,l_abs,2009
1772028659,live555,chatafl_opt,1,b_per,5.1
1772028659,live555,chatafl_opt,1,b_abs,952
1772028659,live555,chatafl_opt,1,l_per,8.5
1772028659,live555,chatafl_opt,1,l_abs,2009
1772028659,live555,chatafl_opt,1,b_per,5.1
1772028659,live555,chatafl_opt,1,b_abs,952
1772028659,live555,chatafl_opt,1,l_per,8.5
1772028659,live555,chatafl_opt,1,l_abs,2009
1772028659,live555,chatafl_opt,1,b_per,5.1
1772028659,live555,chatafl_opt,1,b_abs,952
1772028660,live555,chatafl_opt,1,l_per,8.5
1772028660,live555,chatafl_opt,1,l_abs,2009
1772028660,live555,chatafl_opt,1,b_per,5.1
1772028660,live555,chatafl_opt,1,b_abs,952
1772028660,live555,chatafl_opt,1,l_per,8.5
1772028660,live555,chatafl_opt,1,l_abs,2009
1772028660,live555,chatafl_opt,1,b_per,5.1
1772028660,live555,chatafl_opt,1,b_abs,952
1772028660,live555,chatafl_opt,1,l_per,8.5
1772028660,live555,chatafl_opt,1,l_abs,2009
1772028660,live555,chatafl_opt,1,b_per,5.1
1772028660,live555,chatafl_opt,1,b_abs,952
1772028660,live555,chatafl_opt,1,l_per,8.5
1772028660,live555,chatafl_opt,1,l_abs,2009
1772028660,live555,chatafl_opt,1,b_per,5.1
1772028660,live555,chatafl_opt,1,b_abs,952
1772028660,live555,chatafl_opt,1,l_per,8.5
1772028660,live555,chatafl_opt,1,l_abs,2009
1772028660,live555,chatafl_opt,1,b_per,5.1
1772028660,live555,chatafl_opt,1,b_abs,952
1772028660,live555,chatafl_opt,1,l_per,8.5
1772028660,live555,chatafl_opt,1,l_abs,2009
1772028660,live555,chatafl_opt,1,b_per,5.1
1772028660,live555,chatafl_opt,1,b_abs,952
1772028661,live555,chatafl_opt,1,l_per,8.5
1772028661,live555,chatafl_opt,1,l_abs,2009
1772028661,live555,chatafl_opt,1,b_per,5.1
1772028661,live555,chatafl_opt,1,b_abs,952
1772028661,live555,chatafl_opt,1,l_per,8.5
1772028661,live555,chatafl_opt,1,l_abs,2009
1772028661,live555,chatafl_opt,1,b_per,5.1
1772028661,live555,chatafl_opt,1,b_abs,952
1772028661,live555,chatafl_opt,1,l_per,8.5
1772028661,live555,chatafl_opt,1,l_abs,2009
1772028661,live555,chatafl_opt,1,b_per,5.1
1772028661,live555,chatafl_opt,1,b_abs,952
1772028661,live555,chatafl_opt,1,l_per,8.5
1772028661,live555,chatafl_opt,1,l_abs,2009
1772028661,live555,chatafl_opt,1,b_per,5.1
1772028661,live555,chatafl_opt,1,b_abs,952
1772028661,live555,chatafl_opt,1,l_per,8.5
1772028661,live555,chatafl_opt,1,l_abs,2009
1772028661,live555,chatafl_opt,1,b_per,5.1
1772028661,live555,chatafl_opt,1,b_abs,952
1772028662,live555,chatafl_opt,1,l_per,8.5
1772028662,live555,chatafl_opt,1,l_abs,2009
1772028662,live555,chatafl_opt,1,b_per,5.1
1772028662,live555,chatafl_opt,1,b_abs,952
1772028662,live555,chatafl_opt,1,l_per,8.5
1772028662,live555,chatafl_opt,1,l_abs,2009
1772028662,live555,chatafl_opt,1,b_per,5.1
1772028662,live555,chatafl_opt,1,b_abs,952
1772028662,live555,chatafl_opt,1,l_per,8.5
1772028662,live555,chatafl_opt,1,l_abs,2009
1772028662,live555,chatafl_opt,1,b_per,5.1
1772028662,live555,chatafl_opt,1,b_abs,952
1772028662,live555,chatafl_opt,1,l_per,8.5
1772028662,live555,chatafl_opt,1,l_abs,2009
1772028662,live555,chatafl_opt,1,b_per,5.1
1772028662,live555,chatafl_opt,1,b_abs,952
1772028662,live555,chatafl_opt,1,l_per,8.5
1772028662,live555,chatafl_opt,1,l_abs,2009
1772028662,live555,chatafl_opt,1,b_per,5.1
1772028662,live555,chatafl_opt,1,b_abs,952
1772028662,live555,chatafl_opt,1,l_per,8.5
1772028662,live555,chatafl_opt,1,l_abs,2009
1772028662,live555,chatafl_opt,1,b_per,5.1
1772028662,live555,chatafl_opt,1,b_abs,952
1772028663,live555,chatafl_opt,1,l_per,8.5
1772028663,live555,chatafl_opt,1,l_abs,2009
1772028663,live555,chatafl_opt,1,b_per,5.1
1772028663,live555,chatafl_opt,1,b_abs,952
1772028663,live555,chatafl_opt,1,l_per,8.5
1772028663,live555,chatafl_opt,1,l_abs,2009
1772028663,live555,chatafl_opt,1,b_per,5.1
1772028663,live555,chatafl_opt,1,b_abs,952
1772028663,live555,chatafl_opt,1,l_per,8.5
1772028663,live555,chatafl_opt,1,l_abs,2009
1772028663,live555,chatafl_opt,1,b_per,5.1
1772028663,live555,chatafl_opt,1,b_abs,952
1772028663,live555,chatafl_opt,1,l_per,8.5
1772028663,live555,chatafl_opt,1,l_abs,2009
1772028663,live555,chatafl_opt,1,b_per,5.1
1772028663,live555,chatafl_opt,1,b_abs,952
1772028663,live555,chatafl_opt,1,l_per,8.5
1772028663,live555,chatafl_opt,1,l_abs,2009
1772028663,live555,chatafl_opt,1,b_per,5.1
1772028663,live555,chatafl_opt,1,b_abs,952
1772028663,live555,chatafl_opt,1,l_per,8.5
1772028663,live555,chatafl_opt,1,l_abs,2009
1772028663,live555,chatafl_opt,1,b_per,5.1
1772028663,live555,chatafl_opt,1,b_abs,952
1772028664,live555,chatafl_opt,1,l_per,8.5
1772028664,live555,chatafl_opt,1,l_abs,2009
1772028664,live555,chatafl_opt,1,b_per,5.1
1772028664,live555,chatafl_opt,1,b_abs,952
1772028664,live555,chatafl_opt,1,l_per,8.5
1772028664,live555,chatafl_opt,1,l_abs,2009
1772028664,live555,chatafl_opt,1,b_per,5.1
1772028664,live555,chatafl_opt,1,b_abs,952
1772028664,live555,chatafl_opt,1,l_per,8.5
1772028664,live555,chatafl_opt,1,l_abs,2009
1772028664,live555,chatafl_opt,1,b_per,5.1
1772028664,live555,chatafl_opt,1,b_abs,952
1772028664,live555,chatafl_opt,1,l_per,8.5
1772028664,live555,chatafl_opt,1,l_abs,2009
1772028664,live555,chatafl_opt,1,b_per,5.1
1772028664,live555,chatafl_opt,1,b_abs,952
1772028664,live555,chatafl_opt,1,l_per,8.5
1772028664,live555,chatafl_opt,1,l_abs,2009
1772028664,live555,chatafl_opt,1,b_per,5.1
1772028664,live555,chatafl_opt,1,b_abs,952
1772028664,live555,chatafl_opt,1,l_per,8.5
1772028664,live555,chatafl_opt,1,l_abs,2009
1772028664,live555,chatafl_opt,1,b_per,5.1
1772028664,live555,chatafl_opt,1,b_abs,952
1772028665,live555,chatafl_opt,1,l_per,8.5
1772028665,live555,chatafl_opt,1,l_abs,2009
1772028665,live555,chatafl_opt,1,b_per,5.1
1772028665,live555,chatafl_opt,1,b_abs,952
1772028665,live555,chatafl_opt,1,l_per,8.5
1772028665,live555,chatafl_opt,1,l_abs,2009
1772028665,live555,chatafl_opt,1,b_per,5.1
1772028665,live555,chatafl_opt,1,b_abs,952
1772028665,live555,chatafl_opt,1,l_per,8.5
1772028665,live555,chatafl_opt,1,l_abs,2009
1772028665,live555,chatafl_opt,1,b_per,5.1
1772028665,live555,chatafl_opt,1,b_abs,952
1772028665,live555,chatafl_opt,1,l_per,8.5
1772028665,live555,chatafl_opt,1,l_abs,2009
1772028665,live555,chatafl_opt,1,b_per,5.1
1772028665,live555,chatafl_opt,1,b_abs,952
1772028665,live555,chatafl_opt,1,l_per,8.5
1772028665,live555,chatafl_opt,1,l_abs,2009
1772028665,live555,chatafl_opt,1,b_per,5.1
1772028665,live555,chatafl_opt,1,b_abs,952
1772028665,live555,chatafl_opt,1,l_per,8.5
1772028665,live555,chatafl_opt,1,l_abs,2009
1772028665,live555,chatafl_opt,1,b_per,5.1
1772028665,live555,chatafl_opt,1,b_abs,952
1772028666,live555,chatafl_opt,1,l_per,8.5
1772028666,live555,chatafl_opt,1,l_abs,2009
1772028666,live555,chatafl_opt,1,b_per,5.1
1772028666,live555,chatafl_opt,1,b_abs,952
1772028666,live555,chatafl_opt,1,l_per,8.5
1772028666,live555,chatafl_opt,1,l_abs,2009
1772028666,live555,chatafl_opt,1,b_per,5.1
1772028666,live555,chatafl_opt,1,b_abs,952
1772028666,live555,chatafl_opt,1,l_per,8.5
1772028666,live555,chatafl_opt,1,l_abs,2009
1772028666,live555,chatafl_opt,1,b_per,5.1
1772028666,live555,chatafl_opt,1,b_abs,952
1772028666,live555,chatafl_opt,1,l_per,8.5
1772028666,live555,chatafl_opt,1,l_abs,2009
1772028666,live555,chatafl_opt,1,b_per,5.1
1772028666,live555,chatafl_opt,1,b_abs,952
1772028666,live555,chatafl_opt,1,l_per,8.5
1772028666,live555,chatafl_opt,1,l_abs,2009
1772028666,live555,chatafl_opt,1,b_per,5.1
1772028666,live555,chatafl_opt,1,b_abs,952
1772028666,live555,chatafl_opt,1,l_per,8.5
1772028666,live555,chatafl_opt,1,l_abs,2009
1772028666,live555,chatafl_opt,1,b_per,5.1
1772028666,live555,chatafl_opt,1,b_abs,952
1772028667,live555,chatafl_opt,1,l_per,8.5
1772028667,live555,chatafl_opt,1,l_abs,2009
1772028667,live555,chatafl_opt,1,b_per,5.1
1772028667,live555,chatafl_opt,1,b_abs,952
1772028667,live555,chatafl_opt,1,l_per,8.5
1772028667,live555,chatafl_opt,1,l_abs,2009
1772028667,live555,chatafl_opt,1,b_per,5.1
1772028667,live555,chatafl_opt,1,b_abs,952
1772028667,live555,chatafl_opt,1,l_per,8.5
1772028667,live555,chatafl_opt,1,l_abs,2009
1772028667,live555,chatafl_opt,1,b_per,5.1
1772028667,live555,chatafl_opt,1,b_abs,952
1772028667,live555,chatafl_opt,1,l_per,8.5
1772028667,live555,chatafl_opt,1,l_abs,2009
1772028667,live555,chatafl_opt,1,b_per,5.1
1772028667,live555,chatafl_opt,1,b_abs,952
1772028667,live555,chatafl_opt,1,l_per,8.5
1772028667,live555,chatafl_opt,1,l_abs,2009
1772028667,live555,chatafl_opt,1,b_per,5.1
1772028667,live555,chatafl_opt,1,b_abs,952
1772028667,live555,chatafl_opt,1,l_per,8.5
1772028667,live555,chatafl_opt,1,l_abs,2009
1772028667,live555,chatafl_opt,1,b_per,5.1
1772028667,live555,chatafl_opt,1,b_abs,952
1772028668,live555,chatafl_opt,1,l_per,8.5
1772028668,live555,chatafl_opt,1,l_abs,2009
1772028668,live555,chatafl_opt,1,b_per,5.1
1772028668,live555,chatafl_opt,1,b_abs,952
1772028668,live555,chatafl_opt,1,l_per,8.5
1772028668,live555,chatafl_opt,1,l_abs,2009
1772028668,live555,chatafl_opt,1,b_per,5.1
1772028668,live555,chatafl_opt,1,b_abs,952
1772028668,live555,chatafl_opt,1,l_per,8.5
1772028668,live555,chatafl_opt,1,l_abs,2009
1772028668,live555,chatafl_opt,1,b_per,5.1
1772028668,live555,chatafl_opt,1,b_abs,952
1772028668,live555,chatafl_opt,1,l_per,8.5
1772028668,live555,chatafl_opt,1,l_abs,2009
1772028668,live555,chatafl_opt,1,b_per,5.1
1772028668,live555,chatafl_opt,1,b_abs,952
1772028668,live555,chatafl_opt,1,l_per,8.5
1772028668,live555,chatafl_opt,1,l_abs,2009
1772028668,live555,chatafl_opt,1,b_per,5.1
1772028668,live555,chatafl_opt,1,b_abs,952
1772028669,live555,chatafl_opt,1,l_per,8.5
1772028669,live555,chatafl_opt,1,l_abs,2009
1772028669,live555,chatafl_opt,1,b_per,5.1
1772028669,live555,chatafl_opt,1,b_abs,952
1772028669,live555,chatafl_opt,1,l_per,8.5
1772028669,live555,chatafl_opt,1,l_abs,2009
1772028669,live555,chatafl_opt,1,b_per,5.1
1772028669,live555,chatafl_opt,1,b_abs,952
1772028669,live555,chatafl_opt,1,l_per,8.5
1772028669,live555,chatafl_opt,1,l_abs,2009
1772028669,live555,chatafl_opt,1,b_per,5.1
1772028669,live555,chatafl_opt,1,b_abs,952
1772028669,live555,chatafl_opt,1,l_per,8.5
1772028669,live555,chatafl_opt,1,l_abs,2009
1772028669,live555,chatafl_opt,1,b_per,5.1
1772028669,live555,chatafl_opt,1,b_abs,952
1772028669,live555,chatafl_opt,1,l_per,8.5
1772028669,live555,chatafl_opt,1,l_abs,2009
1772028669,live555,chatafl_opt,1,b_per,5.1
1772028669,live555,chatafl_opt,1,b_abs,952
1772028669,live555,chatafl_opt,1,l_per,8.5
1772028669,live555,chatafl_opt,1,l_abs,2009
1772028669,live555,chatafl_opt,1,b_per,5.1
1772028669,live555,chatafl_opt,1,b_abs,952
1772028670,live555,chatafl_opt,1,l_per,8.5
1772028670,live555,chatafl_opt,1,l_abs,2009
1772028670,live555,chatafl_opt,1,b_per,5.1
1772028670,live555,chatafl_opt,1,b_abs,952
1772028670,live555,chatafl_opt,1,l_per,8.5
1772028670,live555,chatafl_opt,1,l_abs,2009
1772028670,live555,chatafl_opt,1,b_per,5.1
1772028670,live555,chatafl_opt,1,b_abs,952
1772028670,live555,chatafl_opt,1,l_per,8.5
1772028670,live555,chatafl_opt,1,l_abs,2009
1772028670,live555,chatafl_opt,1,b_per,5.1
1772028670,live555,chatafl_opt,1,b_abs,952
1772028670,live555,chatafl_opt,1,l_per,8.5
1772028670,live555,chatafl_opt,1,l_abs,2009
1772028670,live555,chatafl_opt,1,b_per,5.1
1772028670,live555,chatafl_opt,1,b_abs,952
1772028670,live555,chatafl_opt,1,l_per,8.5
1772028670,live555,chatafl_opt,1,l_abs,2009
1772028670,live555,chatafl_opt,1,b_per,5.1
1772028670,live555,chatafl_opt,1,b_abs,952
1772028670,live555,chatafl_opt,1,l_per,8.5
1772028670,live555,chatafl_opt,1,l_abs,2009
1772028670,live555,chatafl_opt,1,b_per,5.1
1772028670,live555,chatafl_opt,1,b_abs,952
1772028671,live555,chatafl_opt,1,l_per,8.5
1772028671,live555,chatafl_opt,1,l_abs,2009
1772028671,live555,chatafl_opt,1,b_per,5.1
1772028671,live555,chatafl_opt,1,b_abs,952
1772028671,live555,chatafl_opt,1,l_per,8.5
1772028671,live555,chatafl_opt,1,l_abs,2009
1772028671,live555,chatafl_opt,1,b_per,5.1
1772028671,live555,chatafl_opt,1,b_abs,952
1772028671,live555,chatafl_opt,1,l_per,8.5
1772028671,live555,chatafl_opt,1,l_abs,2009
1772028671,live555,chatafl_opt,1,b_per,5.1
1772028671,live555,chatafl_opt,1,b_abs,952
1772028671,live555,chatafl_opt,1,l_per,8.5
1772028671,live555,chatafl_opt,1,l_abs,2009
1772028671,live555,chatafl_opt,1,b_per,5.1
1772028671,live555,chatafl_opt,1,b_abs,952
1772028671,live555,chatafl_opt,1,l_per,8.5
1772028671,live555,chatafl_opt,1,l_abs,2009
1772028671,live555,chatafl_opt,1,b_per,5.1
1772028671,live555,chatafl_opt,1,b_abs,952
1772028671,live555,chatafl_opt,1,l_per,8.5
1772028671,live555,chatafl_opt,1,l_abs,2009
1772028671,live555,chatafl_opt,1,b_per,5.1
1772028671,live555,chatafl_opt,1,b_abs,952
1772028672,live555,chatafl_opt,1,l_per,8.5
1772028672,live555,chatafl_opt,1,l_abs,2009
1772028672,live555,chatafl_opt,1,b_per,5.1
1772028672,live555,chatafl_opt,1,b_abs,952
1772028672,live555,chatafl_opt,1,l_per,8.5
1772028672,live555,chatafl_opt,1,l_abs,2009
1772028672,live555,chatafl_opt,1,b_per,5.1
1772028672,live555,chatafl_opt,1,b_abs,952
1772028672,live555,chatafl_opt,1,l_per,8.5
1772028672,live555,chatafl_opt,1,l_abs,2009
1772028672,live555,chatafl_opt,1,b_per,5.1
1772028672,live555,chatafl_opt,1,b_abs,952
1772028672,live555,chatafl_opt,1,l_per,8.5
1772028672,live555,chatafl_opt,1,l_abs,2009
1772028672,live555,chatafl_opt,1,b_per,5.1
1772028672,live555,chatafl_opt,1,b_abs,952
1772028672,live555,chatafl_opt,1,l_per,8.5
1772028672,live555,chatafl_opt,1,l_abs,2009
1772028672,live555,chatafl_opt,1,b_per,5.1
1772028672,live555,chatafl_opt,1,b_abs,952
1772028672,live555,chatafl_opt,1,l_per,8.5
1772028672,live555,chatafl_opt,1,l_abs,2009
1772028672,live555,chatafl_opt,1,b_per,5.1
1772028672,live555,chatafl_opt,1,b_abs,952
1772028673,live555,chatafl_opt,1,l_per,8.5
1772028673,live555,chatafl_opt,1,l_abs,2009
1772028673,live555,chatafl_opt,1,b_per,5.1
1772028673,live555,chatafl_opt,1,b_abs,952
1772028673,live555,chatafl_opt,1,l_per,8.5
1772028673,live555,chatafl_opt,1,l_abs,2009
1772028673,live555,chatafl_opt,1,b_per,5.1
1772028673,live555,chatafl_opt,1,b_abs,952
1772028673,live555,chatafl_opt,1,l_per,8.5
1772028673,live555,chatafl_opt,1,l_abs,2009
1772028673,live555,chatafl_opt,1,b_per,5.1
1772028673,live555,chatafl_opt,1,b_abs,952
1772028673,live555,chatafl_opt,1,l_per,8.5
1772028673,live555,chatafl_opt,1,l_abs,2009
1772028673,live555,chatafl_opt,1,b_per,5.1
1772028673,live555,chatafl_opt,1,b_abs,952
1772028673,live555,chatafl_opt,1,l_per,8.5
1772028673,live555,chatafl_opt,1,l_abs,2009
1772028673,live555,chatafl_opt,1,b_per,5.1
1772028673,live555,chatafl_opt,1,b_abs,952
1772028674,live555,chatafl_opt,1,l_per,8.5
1772028674,live555,chatafl_opt,1,l_abs,2009
1772028674,live555,chatafl_opt,1,b_per,5.1
1772028674,live555,chatafl_opt,1,b_abs,952
1772028674,live555,chatafl_opt,1,l_per,8.5
1772028674,live555,chatafl_opt,1,l_abs,2009
1772028674,live555,chatafl_opt,1,b_per,5.1
1772028674,live555,chatafl_opt,1,b_abs,952
1772028674,live555,chatafl_opt,1,l_per,8.5
1772028674,live555,chatafl_opt,1,l_abs,2009
1772028674,live555,chatafl_opt,1,b_per,5.1
1772028674,live555,chatafl_opt,1,b_abs,952
1772028674,live555,chatafl_opt,1,l_per,8.5
1772028674,live555,chatafl_opt,1,l_abs,2009
1772028674,live555,chatafl_opt,1,b_per,5.1
1772028674,live555,chatafl_opt,1,b_abs,952
1772028674,live555,chatafl_opt,1,l_per,8.5
1772028674,live555,chatafl_opt,1,l_abs,2009
1772028674,live555,chatafl_opt,1,b_per,5.1
1772028674,live555,chatafl_opt,1,b_abs,952
1772028674,live555,chatafl_opt,1,l_per,8.5
1772028674,live555,chatafl_opt,1,l_abs,2009
1772028674,live555,chatafl_opt,1,b_per,5.1
1772028674,live555,chatafl_opt,1,b_abs,952
1772028675,live555,chatafl_opt,1,l_per,8.5
1772028675,live555,chatafl_opt,1,l_abs,2009
1772028675,live555,chatafl_opt,1,b_per,5.1
1772028675,live555,chatafl_opt,1,b_abs,952
1772028675,live555,chatafl_opt,1,l_per,8.5
1772028675,live555,chatafl_opt,1,l_abs,2009
1772028675,live555,chatafl_opt,1,b_per,5.1
1772028675,live555,chatafl_opt,1,b_abs,952
1772028675,live555,chatafl_opt,1,l_per,8.5
1772028675,live555,chatafl_opt,1,l_abs,2009
1772028675,live555,chatafl_opt,1,b_per,5.1
1772028675,live555,chatafl_opt,1,b_abs,952
1772028675,live555,chatafl_opt,1,l_per,8.5
1772028675,live555,chatafl_opt,1,l_abs,2009
1772028675,live555,chatafl_opt,1,b_per,5.1
1772028675,live555,chatafl_opt,1,b_abs,952
1772028675,live555,chatafl_opt,1,l_per,8.5
1772028675,live555,chatafl_opt,1,l_abs,2009
1772028675,live555,chatafl_opt,1,b_per,5.1
1772028675,live555,chatafl_opt,1,b_abs,952
1772028675,live555,chatafl_opt,1,l_per,8.5
1772028675,live555,chatafl_opt,1,l_abs,2009
1772028675,live555,chatafl_opt,1,b_per,5.1
1772028675,live555,chatafl_opt,1,b_abs,952
1772028676,live555,chatafl_opt,1,l_per,8.5
1772028676,live555,chatafl_opt,1,l_abs,2009
1772028676,live555,chatafl_opt,1,b_per,5.1
1772028676,live555,chatafl_opt,1,b_abs,952
1772028676,live555,chatafl_opt,1,l_per,8.5
1772028676,live555,chatafl_opt,1,l_abs,2009
1772028676,live555,chatafl_opt,1,b_per,5.1
1772028676,live555,chatafl_opt,1,b_abs,952
1772028676,live555,chatafl_opt,1,l_per,8.5
1772028676,live555,chatafl_opt,1,l_abs,2009
1772028676,live555,chatafl_opt,1,b_per,5.1
1772028676,live555,chatafl_opt,1,b_abs,952
1772028676,live555,chatafl_opt,1,l_per,8.5
1772028676,live555,chatafl_opt,1,l_abs,2009
1772028676,live555,chatafl_opt,1,b_per,5.1
1772028676,live555,chatafl_opt,1,b_abs,952
1772028676,live555,chatafl_opt,1,l_per,8.5
1772028676,live555,chatafl_opt,1,l_abs,2009
1772028676,live555,chatafl_opt,1,b_per,5.1
1772028676,live555,chatafl_opt,1,b_abs,952
1772028676,live555,chatafl_opt,1,l_per,8.5
1772028676,live555,chatafl_opt,1,l_abs,2009
1772028676,live555,chatafl_opt,1,b_per,5.1
1772028676,live555,chatafl_opt,1,b_abs,952
1772028677,live555,chatafl_opt,1,l_per,8.5
1772028677,live555,chatafl_opt,1,l_abs,2009
1772028677,live555,chatafl_opt,1,b_per,5.1
1772028677,live555,chatafl_opt,1,b_abs,952
1772028677,live555,chatafl_opt,1,l_per,8.5
1772028677,live555,chatafl_opt,1,l_abs,2009
1772028677,live555,chatafl_opt,1,b_per,5.1
1772028677,live555,chatafl_opt,1,b_abs,952
1772028677,live555,chatafl_opt,1,l_per,8.5
1772028677,live555,chatafl_opt,1,l_abs,2009
1772028677,live555,chatafl_opt,1,b_per,5.1
1772028677,live555,chatafl_opt,1,b_abs,952
1772028677,live555,chatafl_opt,1,l_per,8.5
1772028677,live555,chatafl_opt,1,l_abs,2009
1772028677,live555,chatafl_opt,1,b_per,5.1
1772028677,live555,chatafl_opt,1,b_abs,952
1772028677,live555,chatafl_opt,1,l_per,8.5
1772028677,live555,chatafl_opt,1,l_abs,2009
1772028677,live555,chatafl_opt,1,b_per,5.1
1772028677,live555,chatafl_opt,1,b_abs,952
1772028678,live555,chatafl_opt,1,l_per,8.5
1772028678,live555,chatafl_opt,1,l_abs,2009
1772028678,live555,chatafl_opt,1,b_per,5.1
1772028678,live555,chatafl_opt,1,b_abs,952
1772028678,live555,chatafl_opt,1,l_per,8.5
1772028678,live555,chatafl_opt,1,l_abs,2009
1772028678,live555,chatafl_opt,1,b_per,5.1
1772028678,live555,chatafl_opt,1,b_abs,952
1772028678,live555,chatafl_opt,1,l_per,8.5
1772028678,live555,chatafl_opt,1,l_abs,2009
1772028678,live555,chatafl_opt,1,b_per,5.1
1772028678,live555,chatafl_opt,1,b_abs,952
1772028678,live555,chatafl_opt,1,l_per,8.5
1772028678,live555,chatafl_opt,1,l_abs,2009
1772028678,live555,chatafl_opt,1,b_per,5.1
1772028678,live555,chatafl_opt,1,b_abs,952
1772028678,live555,chatafl_opt,1,l_per,8.5
1772028678,live555,chatafl_opt,1,l_abs,2009
1772028678,live555,chatafl_opt,1,b_per,5.1
1772028678,live555,chatafl_opt,1,b_abs,952
1772028678,live555,chatafl_opt,1,l_per,8.5
1772028678,live555,chatafl_opt,1,l_abs,2009
1772028678,live555,chatafl_opt,1,b_per,5.1
1772028678,live555,chatafl_opt,1,b_abs,952
1772028679,live555,chatafl_opt,1,l_per,8.5
1772028679,live555,chatafl_opt,1,l_abs,2009
1772028679,live555,chatafl_opt,1,b_per,5.1
1772028679,live555,chatafl_opt,1,b_abs,952
1772028679,live555,chatafl_opt,1,l_per,8.5
1772028679,live555,chatafl_opt,1,l_abs,2009
1772028679,live555,chatafl_opt,1,b_per,5.1
1772028679,live555,chatafl_opt,1,b_abs,952
1772028679,live555,chatafl_opt,1,l_per,8.5
1772028679,live555,chatafl_opt,1,l_abs,2009
1772028679,live555,chatafl_opt,1,b_per,5.1
1772028679,live555,chatafl_opt,1,b_abs,952
1772028679,live555,chatafl_opt,1,l_per,8.5
1772028679,live555,chatafl_opt,1,l_abs,2009
1772028679,live555,chatafl_opt,1,b_per,5.1
1772028679,live555,chatafl_opt,1,b_abs,952
1772028679,live555,chatafl_opt,1,l_per,8.5
1772028679,live555,chatafl_opt,1,l_abs,2009
1772028679,live555,chatafl_opt,1,b_per,5.1
1772028679,live555,chatafl_opt,1,b_abs,952
1772028679,live555,chatafl_opt,1,l_per,8.5
1772028679,live555,chatafl_opt,1,l_abs,2009
1772028679,live555,chatafl_opt,1,b_per,5.1
1772028679,live555,chatafl_opt,1,b_abs,952
1772028680,live555,chatafl_opt,1,l_per,8.5
1772028680,live555,chatafl_opt,1,l_abs,2009
1772028680,live555,chatafl_opt,1,b_per,5.1
1772028680,live555,chatafl_opt,1,b_abs,952
1772028680,live555,chatafl_opt,1,l_per,8.5
1772028680,live555,chatafl_opt,1,l_abs,2009
1772028680,live555,chatafl_opt,1,b_per,5.1
1772028680,live555,chatafl_opt,1,b_abs,952
1772028680,live555,chatafl_opt,1,l_per,8.5
1772028680,live555,chatafl_opt,1,l_abs,2009
1772028680,live555,chatafl_opt,1,b_per,5.1
1772028680,live555,chatafl_opt,1,b_abs,952
1772028680,live555,chatafl_opt,1,l_per,8.5
1772028680,live555,chatafl_opt,1,l_abs,2009
1772028680,live555,chatafl_opt,1,b_per,5.1
1772028680,live555,chatafl_opt,1,b_abs,952
1772028680,live555,chatafl_opt,1,l_per,8.5
1772028680,live555,chatafl_opt,1,l_abs,2009
1772028680,live555,chatafl_opt,1,b_per,5.1
1772028680,live555,chatafl_opt,1,b_abs,952
1772028680,live555,chatafl_opt,1,l_per,8.5
1772028680,live555,chatafl_opt,1,l_abs,2009
1772028680,live555,chatafl_opt,1,b_per,5.1
1772028680,live555,chatafl_opt,1,b_abs,952
1772028681,live555,chatafl_opt,1,l_per,8.5
1772028681,live555,chatafl_opt,1,l_abs,2009
1772028681,live555,chatafl_opt,1,b_per,5.1
1772028681,live555,chatafl_opt,1,b_abs,952
1772028681,live555,chatafl_opt,1,l_per,8.5
1772028681,live555,chatafl_opt,1,l_abs,2009
1772028681,live555,chatafl_opt,1,b_per,5.1
1772028681,live555,chatafl_opt,1,b_abs,952
1772028681,live555,chatafl_opt,1,l_per,8.5
1772028681,live555,chatafl_opt,1,l_abs,2009
1772028681,live555,chatafl_opt,1,b_per,5.1
1772028681,live555,chatafl_opt,1,b_abs,952
1772028681,live555,chatafl_opt,1,l_per,8.5
1772028681,live555,chatafl_opt,1,l_abs,2009
1772028681,live555,chatafl_opt,1,b_per,5.1
1772028681,live555,chatafl_opt,1,b_abs,952
1772028681,live555,chatafl_opt,1,l_per,8.5
1772028681,live555,chatafl_opt,1,l_abs,2009
1772028681,live555,chatafl_opt,1,b_per,5.1
1772028681,live555,chatafl_opt,1,b_abs,952
1772028681,live555,chatafl_opt,1,l_per,8.5
1772028681,live555,chatafl_opt,1,l_abs,2009
1772028681,live555,chatafl_opt,1,b_per,5.1
1772028681,live555,chatafl_opt,1,b_abs,952
1772028682,live555,chatafl_opt,1,l_per,8.5
1772028682,live555,chatafl_opt,1,l_abs,2009
1772028682,live555,chatafl_opt,1,b_per,5.1
1772028682,live555,chatafl_opt,1,b_abs,952
1772028682,live555,chatafl_opt,1,l_per,8.5
1772028682,live555,chatafl_opt,1,l_abs,2009
1772028682,live555,chatafl_opt,1,b_per,5.1
1772028682,live555,chatafl_opt,1,b_abs,952
1772028682,live555,chatafl_opt,1,l_per,8.5
1772028682,live555,chatafl_opt,1,l_abs,2009
1772028682,live555,chatafl_opt,1,b_per,5.1
1772028682,live555,chatafl_opt,1,b_abs,952
1772028682,live555,chatafl_opt,1,l_per,8.5
1772028682,live555,chatafl_opt,1,l_abs,2009
1772028682,live555,chatafl_opt,1,b_per,5.1
1772028682,live555,chatafl_opt,1,b_abs,952
1772028682,live555,chatafl_opt,1,l_per,8.5
1772028682,live555,chatafl_opt,1,l_abs,2009
1772028682,live555,chatafl_opt,1,b_per,5.1
1772028682,live555,chatafl_opt,1,b_abs,952
1772028682,live555,chatafl_opt,1,l_per,8.5
1772028682,live555,chatafl_opt,1,l_abs,2009
1772028682,live555,chatafl_opt,1,b_per,5.1
1772028682,live555,chatafl_opt,1,b_abs,952
1772028683,live555,chatafl_opt,1,l_per,8.5
1772028683,live555,chatafl_opt,1,l_abs,2009
1772028683,live555,chatafl_opt,1,b_per,5.1
1772028683,live555,chatafl_opt,1,b_abs,952
1772028683,live555,chatafl_opt,1,l_per,8.5
1772028683,live555,chatafl_opt,1,l_abs,2009
1772028683,live555,chatafl_opt,1,b_per,5.1
1772028683,live555,chatafl_opt,1,b_abs,952
1772028683,live555,chatafl_opt,1,l_per,8.5
1772028683,live555,chatafl_opt,1,l_abs,2009
1772028683,live555,chatafl_opt,1,b_per,5.1
1772028683,live555,chatafl_opt,1,b_abs,952
1772028683,live555,chatafl_opt,1,l_per,8.5
1772028683,live555,chatafl_opt,1,l_abs,2009
1772028683,live555,chatafl_opt,1,b_per,5.1
1772028683,live555,chatafl_opt,1,b_abs,952
1772028683,live555,chatafl_opt,1,l_per,8.5
1772028683,live555,chatafl_opt,1,l_abs,2009
1772028683,live555,chatafl_opt,1,b_per,5.1
1772028683,live555,chatafl_opt,1,b_abs,952
1772028683,live555,chatafl_opt,1,l_per,8.5
1772028683,live555,chatafl_opt,1,l_abs,2009
1772028683,live555,chatafl_opt,1,b_per,5.1
1772028683,live555,chatafl_opt,1,b_abs,952
1772028684,live555,chatafl_opt,1,l_per,8.5
1772028684,live555,chatafl_opt,1,l_abs,2009
1772028684,live555,chatafl_opt,1,b_per,5.1
1772028684,live555,chatafl_opt,1,b_abs,952
1772028684,live555,chatafl_opt,1,l_per,8.5
1772028684,live555,chatafl_opt,1,l_abs,2009
1772028684,live555,chatafl_opt,1,b_per,5.1
1772028684,live555,chatafl_opt,1,b_abs,952
1772028684,live555,chatafl_opt,1,l_per,8.5
1772028684,live555,chatafl_opt,1,l_abs,2009
1772028684,live555,chatafl_opt,1,b_per,5.1
1772028684,live555,chatafl_opt,1,b_abs,952
1772028684,live555,chatafl_opt,1,l_per,8.5
1772028684,live555,chatafl_opt,1,l_abs,2009
1772028684,live555,chatafl_opt,1,b_per,5.1
1772028684,live555,chatafl_opt,1,b_abs,952
1772028684,live555,chatafl_opt,1,l_per,8.5
1772028684,live555,chatafl_opt,1,l_abs,2009
1772028684,live555,chatafl_opt,1,b_per,5.1
1772028684,live555,chatafl_opt,1,b_abs,952
1772028684,live555,chatafl_opt,1,l_per,8.5
1772028684,live555,chatafl_opt,1,l_abs,2009
1772028684,live555,chatafl_opt,1,b_per,5.1
1772028684,live555,chatafl_opt,1,b_abs,952
1772028685,live555,chatafl_opt,1,l_per,8.5
1772028685,live555,chatafl_opt,1,l_abs,2009
1772028685,live555,chatafl_opt,1,b_per,5.1
1772028685,live555,chatafl_opt,1,b_abs,952
1772028685,live555,chatafl_opt,1,l_per,8.5
1772028685,live555,chatafl_opt,1,l_abs,2009
1772028685,live555,chatafl_opt,1,b_per,5.1
1772028685,live555,chatafl_opt,1,b_abs,952
1772028685,live555,chatafl_opt,1,l_per,8.5
1772028685,live555,chatafl_opt,1,l_abs,2009
1772028685,live555,chatafl_opt,1,b_per,5.1
1772028685,live555,chatafl_opt,1,b_abs,952
1772028685,live555,chatafl_opt,1,l_per,8.5
1772028685,live555,chatafl_opt,1,l_abs,2009
1772028685,live555,chatafl_opt,1,b_per,5.1
1772028685,live555,chatafl_opt,1,b_abs,952
1772028685,live555,chatafl_opt,1,l_per,8.5
1772028685,live555,chatafl_opt,1,l_abs,2009
1772028685,live555,chatafl_opt,1,b_per,5.1
1772028685,live555,chatafl_opt,1,b_abs,952
1772028686,live555,chatafl_opt,1,l_per,8.5
1772028686,live555,chatafl_opt,1,l_abs,2009
1772028686,live555,chatafl_opt,1,b_per,5.1
1772028686,live555,chatafl_opt,1,b_abs,952
1772028686,live555,chatafl_opt,1,l_per,8.5
1772028686,live555,chatafl_opt,1,l_abs,2009
1772028686,live555,chatafl_opt,1,b_per,5.1
1772028686,live555,chatafl_opt,1,b_abs,952
1772028686,live555,chatafl_opt,1,l_per,8.5
1772028686,live555,chatafl_opt,1,l_abs,2009
1772028686,live555,chatafl_opt,1,b_per,5.1
1772028686,live555,chatafl_opt,1,b_abs,952
1772028686,live555,chatafl_opt,1,l_per,8.5
1772028686,live555,chatafl_opt,1,l_abs,2009
1772028686,live555,chatafl_opt,1,b_per,5.1
1772028686,live555,chatafl_opt,1,b_abs,952
1772028686,live555,chatafl_opt,1,l_per,8.5
1772028686,live555,chatafl_opt,1,l_abs,2009
1772028686,live555,chatafl_opt,1,b_per,5.1
1772028686,live555,chatafl_opt,1,b_abs,952
1772028686,live555,chatafl_opt,1,l_per,8.5
1772028686,live555,chatafl_opt,1,l_abs,2009
1772028686,live555,chatafl_opt,1,b_per,5.1
1772028686,live555,chatafl_opt,1,b_abs,952
1772028687,live555,chatafl_opt,1,l_per,8.5
1772028687,live555,chatafl_opt,1,l_abs,2009
1772028687,live555,chatafl_opt,1,b_per,5.1
1772028687,live555,chatafl_opt,1,b_abs,952
1772028687,live555,chatafl_opt,1,l_per,8.5
1772028687,live555,chatafl_opt,1,l_abs,2009
1772028687,live555,chatafl_opt,1,b_per,5.1
1772028687,live555,chatafl_opt,1,b_abs,952
1772028687,live555,chatafl_opt,1,l_per,8.5
1772028687,live555,chatafl_opt,1,l_abs,2009
1772028687,live555,chatafl_opt,1,b_per,5.1
1772028687,live555,chatafl_opt,1,b_abs,952
1772028687,live555,chatafl_opt,1,l_per,8.5
1772028687,live555,chatafl_opt,1,l_abs,2009
1772028687,live555,chatafl_opt,1,b_per,5.1
1772028687,live555,chatafl_opt,1,b_abs,952
1772028687,live555,chatafl_opt,1,l_per,8.5
1772028687,live555,chatafl_opt,1,l_abs,2009
1772028687,live555,chatafl_opt,1,b_per,5.1
1772028687,live555,chatafl_opt,1,b_abs,952
1772028687,live555,chatafl_opt,1,l_per,8.5
1772028687,live555,chatafl_opt,1,l_abs,2009
1772028687,live555,chatafl_opt,1,b_per,5.1
1772028687,live555,chatafl_opt,1,b_abs,952
1772028687,live555,chatafl_opt,1,l_per,8.5
1772028687,live555,chatafl_opt,1,l_abs,2009
1772028687,live555,chatafl_opt,1,b_per,5.1
1772028687,live555,chatafl_opt,1,b_abs,952
1772028688,live555,chatafl_opt,1,l_per,8.5
1772028688,live555,chatafl_opt,1,l_abs,2009
1772028688,live555,chatafl_opt,1,b_per,5.1
1772028688,live555,chatafl_opt,1,b_abs,952
1772028688,live555,chatafl_opt,1,l_per,8.5
1772028688,live555,chatafl_opt,1,l_abs,2009
1772028688,live555,chatafl_opt,1,b_per,5.1
1772028688,live555,chatafl_opt,1,b_abs,952
1772028688,live555,chatafl_opt,1,l_per,8.5
1772028688,live555,chatafl_opt,1,l_abs,2009
1772028688,live555,chatafl_opt,1,b_per,5.1
1772028688,live555,chatafl_opt,1,b_abs,952
1772028688,live555,chatafl_opt,1,l_per,8.5
1772028688,live555,chatafl_opt,1,l_abs,2009
1772028688,live555,chatafl_opt,1,b_per,5.1
1772028688,live555,chatafl_opt,1,b_abs,952
1772028688,live555,chatafl_opt,1,l_per,8.5
1772028688,live555,chatafl_opt,1,l_abs,2009
1772028688,live555,chatafl_opt,1,b_per,5.1
1772028688,live555,chatafl_opt,1,b_abs,952
1772028689,live555,chatafl_opt,1,l_per,8.5
1772028689,live555,chatafl_opt,1,l_abs,2009
1772028689,live555,chatafl_opt,1,b_per,5.1
1772028689,live555,chatafl_opt,1,b_abs,952
1772028689,live555,chatafl_opt,1,l_per,8.5
1772028689,live555,chatafl_opt,1,l_abs,2009
1772028689,live555,chatafl_opt,1,b_per,5.1
1772028689,live555,chatafl_opt,1,b_abs,952
1772028689,live555,chatafl_opt,1,l_per,8.5
1772028689,live555,chatafl_opt,1,l_abs,2009
1772028689,live555,chatafl_opt,1,b_per,5.1
1772028689,live555,chatafl_opt,1,b_abs,952
1772028689,live555,chatafl_opt,1,l_per,8.5
1772028689,live555,chatafl_opt,1,l_abs,2009
1772028689,live555,chatafl_opt,1,b_per,5.1
1772028689,live555,chatafl_opt,1,b_abs,952
1772028689,live555,chatafl_opt,1,l_per,8.5
1772028689,live555,chatafl_opt,1,l_abs,2009
1772028689,live555,chatafl_opt,1,b_per,5.1
1772028689,live555,chatafl_opt,1,b_abs,952
1772028689,live555,chatafl_opt,1,l_per,8.5
1772028689,live555,chatafl_opt,1,l_abs,2009
1772028689,live555,chatafl_opt,1,b_per,5.1
1772028689,live555,chatafl_opt,1,b_abs,952
1772028690,live555,chatafl_opt,1,l_per,8.5
1772028690,live555,chatafl_opt,1,l_abs,2009
1772028690,live555,chatafl_opt,1,b_per,5.1
1772028690,live555,chatafl_opt,1,b_abs,952
1772028690,live555,chatafl_opt,1,l_per,8.5
1772028690,live555,chatafl_opt,1,l_abs,2009
1772028690,live555,chatafl_opt,1,b_per,5.1
1772028690,live555,chatafl_opt,1,b_abs,952
1772028690,live555,chatafl_opt,1,l_per,8.5
1772028690,live555,chatafl_opt,1,l_abs,2009
1772028690,live555,chatafl_opt,1,b_per,5.1
1772028690,live555,chatafl_opt,1,b_abs,952
1772028690,live555,chatafl_opt,1,l_per,8.5
1772028690,live555,chatafl_opt,1,l_abs,2009
1772028690,live555,chatafl_opt,1,b_per,5.1
1772028690,live555,chatafl_opt,1,b_abs,952
1772028690,live555,chatafl_opt,1,l_per,8.5
1772028690,live555,chatafl_opt,1,l_abs,2009
1772028690,live555,chatafl_opt,1,b_per,5.1
1772028690,live555,chatafl_opt,1,b_abs,952
1772028690,live555,chatafl_opt,1,l_per,8.5
1772028690,live555,chatafl_opt,1,l_abs,2009
1772028690,live555,chatafl_opt,1,b_per,5.1
1772028690,live555,chatafl_opt,1,b_abs,952
1772028691,live555,chatafl_opt,1,l_per,8.5
1772028691,live555,chatafl_opt,1,l_abs,2009
1772028691,live555,chatafl_opt,1,b_per,5.1
1772028691,live555,chatafl_opt,1,b_abs,952
1772028691,live555,chatafl_opt,1,l_per,8.5
1772028691,live555,chatafl_opt,1,l_abs,2009
1772028691,live555,chatafl_opt,1,b_per,5.1
1772028691,live555,chatafl_opt,1,b_abs,952
1772028691,live555,chatafl_opt,1,l_per,8.5
1772028691,live555,chatafl_opt,1,l_abs,2009
1772028691,live555,chatafl_opt,1,b_per,5.1
1772028691,live555,chatafl_opt,1,b_abs,952
1772028691,live555,chatafl_opt,1,l_per,8.5
1772028691,live555,chatafl_opt,1,l_abs,2009
1772028691,live555,chatafl_opt,1,b_per,5.1
1772028691,live555,chatafl_opt,1,b_abs,952
1772028691,live555,chatafl_opt,1,l_per,8.5
1772028691,live555,chatafl_opt,1,l_abs,2009
1772028691,live555,chatafl_opt,1,b_per,5.1
1772028691,live555,chatafl_opt,1,b_abs,952
1772028691,live555,chatafl_opt,1,l_per,8.5
1772028691,live555,chatafl_opt,1,l_abs,2009
1772028691,live555,chatafl_opt,1,b_per,5.1
1772028691,live555,chatafl_opt,1,b_abs,952
1772028692,live555,chatafl_opt,1,l_per,8.5
1772028692,live555,chatafl_opt,1,l_abs,2009
1772028692,live555,chatafl_opt,1,b_per,5.1
1772028692,live555,chatafl_opt,1,b_abs,952
1772028692,live555,chatafl_opt,1,l_per,8.5
1772028692,live555,chatafl_opt,1,l_abs,2009
1772028692,live555,chatafl_opt,1,b_per,5.1
1772028692,live555,chatafl_opt,1,b_abs,952
1772028692,live555,chatafl_opt,1,l_per,8.5
1772028692,live555,chatafl_opt,1,l_abs,2009
1772028692,live555,chatafl_opt,1,b_per,5.1
1772028692,live555,chatafl_opt,1,b_abs,952
1772028692,live555,chatafl_opt,1,l_per,8.5
1772028692,live555,chatafl_opt,1,l_abs,2009
1772028692,live555,chatafl_opt,1,b_per,5.1
1772028692,live555,chatafl_opt,1,b_abs,952
1772028692,live555,chatafl_opt,1,l_per,8.5
1772028692,live555,chatafl_opt,1,l_abs,2009
1772028692,live555,chatafl_opt,1,b_per,5.1
1772028692,live555,chatafl_opt,1,b_abs,952
1772028693,live555,chatafl_opt,1,l_per,8.5
1772028693,live555,chatafl_opt,1,l_abs,2009
1772028693,live555,chatafl_opt,1,b_per,5.1
1772028693,live555,chatafl_opt,1,b_abs,952
1772028693,live555,chatafl_opt,1,l_per,8.5
1772028693,live555,chatafl_opt,1,l_abs,2009
1772028693,live555,chatafl_opt,1,b_per,5.1
1772028693,live555,chatafl_opt,1,b_abs,952
1772028693,live555,chatafl_opt,1,l_per,8.5
1772028693,live555,chatafl_opt,1,l_abs,2009
1772028693,live555,chatafl_opt,1,b_per,5.1
1772028693,live555,chatafl_opt,1,b_abs,952
1772028693,live555,chatafl_opt,1,l_per,8.5
1772028693,live555,chatafl_opt,1,l_abs,2009
1772028693,live555,chatafl_opt,1,b_per,5.1
1772028693,live555,chatafl_opt,1,b_abs,952
1772028693,live555,chatafl_opt,1,l_per,8.5
1772028693,live555,chatafl_opt,1,l_abs,2009
1772028693,live555,chatafl_opt,1,b_per,5.1
1772028693,live555,chatafl_opt,1,b_abs,952
1772028693,live555,chatafl_opt,1,l_per,8.5
1772028693,live555,chatafl_opt,1,l_abs,2009
1772028693,live555,chatafl_opt,1,b_per,5.1
1772028693,live555,chatafl_opt,1,b_abs,952
1772028694,live555,chatafl_opt,1,l_per,8.5
1772028694,live555,chatafl_opt,1,l_abs,2009
1772028694,live555,chatafl_opt,1,b_per,5.1
1772028694,live555,chatafl_opt,1,b_abs,952
1772028694,live555,chatafl_opt,1,l_per,8.5
1772028694,live555,chatafl_opt,1,l_abs,2009
1772028694,live555,chatafl_opt,1,b_per,5.1
1772028694,live555,chatafl_opt,1,b_abs,952
1772028694,live555,chatafl_opt,1,l_per,8.5
1772028694,live555,chatafl_opt,1,l_abs,2009
1772028694,live555,chatafl_opt,1,b_per,5.1
1772028694,live555,chatafl_opt,1,b_abs,952
1772028694,live555,chatafl_opt,1,l_per,8.5
1772028694,live555,chatafl_opt,1,l_abs,2009
1772028694,live555,chatafl_opt,1,b_per,5.1
1772028694,live555,chatafl_opt,1,b_abs,952
1772028694,live555,chatafl_opt,1,l_per,8.5
1772028694,live555,chatafl_opt,1,l_abs,2009
1772028694,live555,chatafl_opt,1,b_per,5.1
1772028694,live555,chatafl_opt,1,b_abs,952
1772028694,live555,chatafl_opt,1,l_per,8.5
1772028694,live555,chatafl_opt,1,l_abs,2009
1772028694,live555,chatafl_opt,1,b_per,5.1
1772028694,live555,chatafl_opt,1,b_abs,952
1772028695,live555,chatafl_opt,1,l_per,8.5
1772028695,live555,chatafl_opt,1,l_abs,2009
1772028695,live555,chatafl_opt,1,b_per,5.1
1772028695,live555,chatafl_opt,1,b_abs,952
1772028695,live555,chatafl_opt,1,l_per,8.5
1772028695,live555,chatafl_opt,1,l_abs,2009
1772028695,live555,chatafl_opt,1,b_per,5.1
1772028695,live555,chatafl_opt,1,b_abs,952
1772028695,live555,chatafl_opt,1,l_per,8.5
1772028695,live555,chatafl_opt,1,l_abs,2009
1772028695,live555,chatafl_opt,1,b_per,5.1
1772028695,live555,chatafl_opt,1,b_abs,952
1772028695,live555,chatafl_opt,1,l_per,8.5
1772028695,live555,chatafl_opt,1,l_abs,2009
1772028695,live555,chatafl_opt,1,b_per,5.1
1772028695,live555,chatafl_opt,1,b_abs,952
1772028695,live555,chatafl_opt,1,l_per,8.5
1772028695,live555,chatafl_opt,1,l_abs,2009
1772028695,live555,chatafl_opt,1,b_per,5.1
1772028695,live555,chatafl_opt,1,b_abs,952
1772028695,live555,chatafl_opt,1,l_per,8.5
1772028695,live555,chatafl_opt,1,l_abs,2009
1772028695,live555,chatafl_opt,1,b_per,5.1
1772028695,live555,chatafl_opt,1,b_abs,952
1772028696,live555,chatafl_opt,1,l_per,8.5
1772028696,live555,chatafl_opt,1,l_abs,2009
1772028696,live555,chatafl_opt,1,b_per,5.1
1772028696,live555,chatafl_opt,1,b_abs,952
1772028696,live555,chatafl_opt,1,l_per,8.5
1772028696,live555,chatafl_opt,1,l_abs,2009
1772028696,live555,chatafl_opt,1,b_per,5.1
1772028696,live555,chatafl_opt,1,b_abs,952
1772028696,live555,chatafl_opt,1,l_per,8.5
1772028696,live555,chatafl_opt,1,l_abs,2009
1772028696,live555,chatafl_opt,1,b_per,5.1
1772028696,live555,chatafl_opt,1,b_abs,952
1772028696,live555,chatafl_opt,1,l_per,8.5
1772028696,live555,chatafl_opt,1,l_abs,2009
1772028696,live555,chatafl_opt,1,b_per,5.1
1772028696,live555,chatafl_opt,1,b_abs,952
1772028696,live555,chatafl_opt,1,l_per,8.5
1772028696,live555,chatafl_opt,1,l_abs,2009
1772028696,live555,chatafl_opt,1,b_per,5.1
1772028696,live555,chatafl_opt,1,b_abs,952
1772028696,live555,chatafl_opt,1,l_per,8.5
1772028696,live555,chatafl_opt,1,l_abs,2009
1772028696,live555,chatafl_opt,1,b_per,5.1
1772028696,live555,chatafl_opt,1,b_abs,952
1772028697,live555,chatafl_opt,1,l_per,8.5
1772028697,live555,chatafl_opt,1,l_abs,2009
1772028697,live555,chatafl_opt,1,b_per,5.1
1772028697,live555,chatafl_opt,1,b_abs,952
1772028697,live555,chatafl_opt,1,l_per,8.5
1772028697,live555,chatafl_opt,1,l_abs,2009
1772028697,live555,chatafl_opt,1,b_per,5.1
1772028697,live555,chatafl_opt,1,b_abs,952
1772028697,live555,chatafl_opt,1,l_per,8.5
1772028697,live555,chatafl_opt,1,l_abs,2009
1772028697,live555,chatafl_opt,1,b_per,5.1
1772028697,live555,chatafl_opt,1,b_abs,952
1772028697,live555,chatafl_opt,1,l_per,8.5
1772028697,live555,chatafl_opt,1,l_abs,2009
1772028697,live555,chatafl_opt,1,b_per,5.1
1772028697,live555,chatafl_opt,1,b_abs,952
1772028697,live555,chatafl_opt,1,l_per,8.5
1772028697,live555,chatafl_opt,1,l_abs,2009
1772028697,live555,chatafl_opt,1,b_per,5.1
1772028697,live555,chatafl_opt,1,b_abs,952
1772028698,live555,chatafl_opt,1,l_per,8.5
1772028698,live555,chatafl_opt,1,l_abs,2009
1772028698,live555,chatafl_opt,1,b_per,5.1
1772028698,live555,chatafl_opt,1,b_abs,952
1772028698,live555,chatafl_opt,1,l_per,8.5
1772028698,live555,chatafl_opt,1,l_abs,2009
1772028698,live555,chatafl_opt,1,b_per,5.1
1772028698,live555,chatafl_opt,1,b_abs,952
1772028698,live555,chatafl_opt,1,l_per,8.5
1772028698,live555,chatafl_opt,1,l_abs,2009
1772028698,live555,chatafl_opt,1,b_per,5.1
1772028698,live555,chatafl_opt,1,b_abs,952
1772028698,live555,chatafl_opt,1,l_per,8.5
1772028698,live555,chatafl_opt,1,l_abs,2009
1772028698,live555,chatafl_opt,1,b_per,5.1
1772028698,live555,chatafl_opt,1,b_abs,952
1772028698,live555,chatafl_opt,1,l_per,8.5
1772028698,live555,chatafl_opt,1,l_abs,2009
1772028698,live555,chatafl_opt,1,b_per,5.1
1772028698,live555,chatafl_opt,1,b_abs,952
1772028698,live555,chatafl_opt,1,l_per,8.5
1772028698,live555,chatafl_opt,1,l_abs,2009
1772028698,live555,chatafl_opt,1,b_per,5.1
1772028698,live555,chatafl_opt,1,b_abs,952
1772028699,live555,chatafl_opt,1,l_per,8.5
1772028699,live555,chatafl_opt,1,l_abs,2009
1772028699,live555,chatafl_opt,1,b_per,5.1
1772028699,live555,chatafl_opt,1,b_abs,952
1772028699,live555,chatafl_opt,1,l_per,8.5
1772028699,live555,chatafl_opt,1,l_abs,2009
1772028699,live555,chatafl_opt,1,b_per,5.1
1772028699,live555,chatafl_opt,1,b_abs,952
1772028699,live555,chatafl_opt,1,l_per,8.5
1772028699,live555,chatafl_opt,1,l_abs,2009
1772028699,live555,chatafl_opt,1,b_per,5.1
1772028699,live555,chatafl_opt,1,b_abs,952
1772028699,live555,chatafl_opt,1,l_per,8.5
1772028699,live555,chatafl_opt,1,l_abs,2009
1772028699,live555,chatafl_opt,1,b_per,5.1
1772028699,live555,chatafl_opt,1,b_abs,952
1772028699,live555,chatafl_opt,1,l_per,8.5
1772028699,live555,chatafl_opt,1,l_abs,2009
1772028699,live555,chatafl_opt,1,b_per,5.1
1772028699,live555,chatafl_opt,1,b_abs,952
1772028699,live555,chatafl_opt,1,l_per,8.5
1772028699,live555,chatafl_opt,1,l_abs,2009
1772028699,live555,chatafl_opt,1,b_per,5.1
1772028699,live555,chatafl_opt,1,b_abs,952
1772028700,live555,chatafl_opt,1,l_per,8.5
1772028700,live555,chatafl_opt,1,l_abs,2009
1772028700,live555,chatafl_opt,1,b_per,5.1
1772028700,live555,chatafl_opt,1,b_abs,952
1772028700,live555,chatafl_opt,1,l_per,8.5
1772028700,live555,chatafl_opt,1,l_abs,2009
1772028700,live555,chatafl_opt,1,b_per,5.1
1772028700,live555,chatafl_opt,1,b_abs,952
1772028700,live555,chatafl_opt,1,l_per,8.5
1772028700,live555,chatafl_opt,1,l_abs,2009
1772028700,live555,chatafl_opt,1,b_per,5.1
1772028700,live555,chatafl_opt,1,b_abs,952
1772028700,live555,chatafl_opt,1,l_per,8.5
1772028700,live555,chatafl_opt,1,l_abs,2009
1772028700,live555,chatafl_opt,1,b_per,5.1
1772028700,live555,chatafl_opt,1,b_abs,952
1772028700,live555,chatafl_opt,1,l_per,8.5
1772028700,live555,chatafl_opt,1,l_abs,2009
1772028700,live555,chatafl_opt,1,b_per,5.1
1772028700,live555,chatafl_opt,1,b_abs,952
1772028700,live555,chatafl_opt,1,l_per,8.5
1772028700,live555,chatafl_opt,1,l_abs,2009
1772028700,live555,chatafl_opt,1,b_per,5.1
1772028700,live555,chatafl_opt,1,b_abs,952
1772028701,live555,chatafl_opt,1,l_per,8.5
1772028701,live555,chatafl_opt,1,l_abs,2009
1772028701,live555,chatafl_opt,1,b_per,5.1
1772028701,live555,chatafl_opt,1,b_abs,952
1772028701,live555,chatafl_opt,1,l_per,8.5
1772028701,live555,chatafl_opt,1,l_abs,2009
1772028701,live555,chatafl_opt,1,b_per,5.1
1772028701,live555,chatafl_opt,1,b_abs,952
1772028701,live555,chatafl_opt,1,l_per,8.5
1772028701,live555,chatafl_opt,1,l_abs,2009
1772028701,live555,chatafl_opt,1,b_per,5.1
1772028701,live555,chatafl_opt,1,b_abs,952
1772028701,live555,chatafl_opt,1,l_per,8.5
1772028701,live555,chatafl_opt,1,l_abs,2009
1772028701,live555,chatafl_opt,1,b_per,5.1
1772028701,live555,chatafl_opt,1,b_abs,952
1772028701,live555,chatafl_opt,1,l_per,8.5
1772028701,live555,chatafl_opt,1,l_abs,2009
1772028701,live555,chatafl_opt,1,b_per,5.1
1772028701,live555,chatafl_opt,1,b_abs,952
1772028701,live555,chatafl_opt,1,l_per,8.5
1772028701,live555,chatafl_opt,1,l_abs,2009
1772028701,live555,chatafl_opt,1,b_per,5.1
1772028701,live555,chatafl_opt,1,b_abs,952
1772028702,live555,chatafl_opt,1,l_per,8.5
1772028702,live555,chatafl_opt,1,l_abs,2009
1772028702,live555,chatafl_opt,1,b_per,5.1
1772028702,live555,chatafl_opt,1,b_abs,952
1772028702,live555,chatafl_opt,1,l_per,8.5
1772028702,live555,chatafl_opt,1,l_abs,2009
1772028702,live555,chatafl_opt,1,b_per,5.1
1772028702,live555,chatafl_opt,1,b_abs,952
1772028702,live555,chatafl_opt,1,l_per,8.5
1772028702,live555,chatafl_opt,1,l_abs,2009
1772028702,live555,chatafl_opt,1,b_per,5.1
1772028702,live555,chatafl_opt,1,b_abs,952
1772028702,live555,chatafl_opt,1,l_per,8.5
1772028702,live555,chatafl_opt,1,l_abs,2009
1772028702,live555,chatafl_opt,1,b_per,5.1
1772028702,live555,chatafl_opt,1,b_abs,952
1772028702,live555,chatafl_opt,1,l_per,8.5
1772028702,live555,chatafl_opt,1,l_abs,2009
1772028702,live555,chatafl_opt,1,b_per,5.1
1772028702,live555,chatafl_opt,1,b_abs,952
1772028702,live555,chatafl_opt,1,l_per,8.5
1772028702,live555,chatafl_opt,1,l_abs,2009
1772028702,live555,chatafl_opt,1,b_per,5.1
1772028702,live555,chatafl_opt,1,b_abs,952
1772028703,live555,chatafl_opt,1,l_per,8.5
1772028703,live555,chatafl_opt,1,l_abs,2009
1772028703,live555,chatafl_opt,1,b_per,5.1
1772028703,live555,chatafl_opt,1,b_abs,952
1772028703,live555,chatafl_opt,1,l_per,8.5
1772028703,live555,chatafl_opt,1,l_abs,2009
1772028703,live555,chatafl_opt,1,b_per,5.1
1772028703,live555,chatafl_opt,1,b_abs,952
1772028703,live555,chatafl_opt,1,l_per,8.5
1772028703,live555,chatafl_opt,1,l_abs,2009
1772028703,live555,chatafl_opt,1,b_per,5.1
1772028703,live555,chatafl_opt,1,b_abs,952
1772028703,live555,chatafl_opt,1,l_per,8.5
1772028703,live555,chatafl_opt,1,l_abs,2009
1772028703,live555,chatafl_opt,1,b_per,5.1
1772028703,live555,chatafl_opt,1,b_abs,952
1772028703,live555,chatafl_opt,1,l_per,8.5
1772028703,live555,chatafl_opt,1,l_abs,2009
1772028703,live555,chatafl_opt,1,b_per,5.1
1772028703,live555,chatafl_opt,1,b_abs,952
1772028704,live555,chatafl_opt,1,l_per,8.5
1772028704,live555,chatafl_opt,1,l_abs,2009
1772028704,live555,chatafl_opt,1,b_per,5.1
1772028704,live555,chatafl_opt,1,b_abs,952
1772028704,live555,chatafl_opt,1,l_per,8.5
1772028704,live555,chatafl_opt,1,l_abs,2009
1772028704,live555,chatafl_opt,1,b_per,5.1
1772028704,live555,chatafl_opt,1,b_abs,952
1772028704,live555,chatafl_opt,1,l_per,8.5
1772028704,live555,chatafl_opt,1,l_abs,2009
1772028704,live555,chatafl_opt,1,b_per,5.1
1772028704,live555,chatafl_opt,1,b_abs,952
1772028704,live555,chatafl_opt,1,l_per,8.5
1772028704,live555,chatafl_opt,1,l_abs,2009
1772028704,live555,chatafl_opt,1,b_per,5.1
1772028704,live555,chatafl_opt,1,b_abs,952
1772028704,live555,chatafl_opt,1,l_per,8.5
1772028704,live555,chatafl_opt,1,l_abs,2009
1772028704,live555,chatafl_opt,1,b_per,5.1
1772028704,live555,chatafl_opt,1,b_abs,952
1772028704,live555,chatafl_opt,1,l_per,8.5
1772028704,live555,chatafl_opt,1,l_abs,2009
1772028704,live555,chatafl_opt,1,b_per,5.1
1772028704,live555,chatafl_opt,1,b_abs,952
1772028705,live555,chatafl_opt,1,l_per,8.5
1772028705,live555,chatafl_opt,1,l_abs,2009
1772028705,live555,chatafl_opt,1,b_per,5.1
1772028705,live555,chatafl_opt,1,b_abs,952
1772028705,live555,chatafl_opt,1,l_per,8.5
1772028705,live555,chatafl_opt,1,l_abs,2009
1772028705,live555,chatafl_opt,1,b_per,5.1
1772028705,live555,chatafl_opt,1,b_abs,952
1772028706,live555,chatafl_opt,1,l_per,13.7
1772028706,live555,chatafl_opt,1,l_abs,3257
1772028706,live555,chatafl_opt,1,b_per,8.2
1772028706,live555,chatafl_opt,1,b_abs,1524
1772028708,live555,chatafl_opt,1,l_per,14.3
1772028708,live555,chatafl_opt,1,l_abs,3402
1772028708,live555,chatafl_opt,1,b_per,8.4
1772028708,live555,chatafl_opt,1,b_abs,1563
1772028710,live555,chatafl_opt,1,l_per,17.2
1772028710,live555,chatafl_opt,1,l_abs,4092
1772028710,live555,chatafl_opt,1,b_per,10.2
1772028710,live555,chatafl_opt,1,b_abs,1886
1772028712,live555,chatafl_opt,1,l_per,19.4
1772028712,live555,chatafl_opt,1,l_abs,4616
1772028712,live555,chatafl_opt,1,b_per,11.4
1772028712,live555,chatafl_opt,1,b_abs,2108
1772028714,live555,chatafl_opt,1,l_per,21.1
1772028714,live555,chatafl_opt,1,l_abs,5033
1772028714,live555,chatafl_opt,1,b_per,12.2
1772028714,live555,chatafl_opt,1,b_abs,2267
1772028716,live555,chatafl_opt,1,l_per,22.0
1772028716,live555,chatafl_opt,1,l_abs,5238
1772028716,live555,chatafl_opt,1,b_per,12.9
1772028716,live555,chatafl_opt,1,b_abs,2389
1772028718,live555,chatafl_opt,1,l_per,22.6
1772028718,live555,chatafl_opt,1,l_abs,5386
1772028718,live555,chatafl_opt,1,b_per,13.3
1772028718,live555,chatafl_opt,1,b_abs,2465
1772028650,live555,chatafl_opt,1,l_per,22.6
1772028650,live555,chatafl_opt,1,l_abs,5386
1772028650,live555,chatafl_opt,1,b_per,13.3
1772028650,live555,chatafl_opt,1,b_abs,2465
1772028650,live555,chatafl_opt,1,l_per,22.6
1772028650,live555,chatafl_opt,1,l_abs,5386
1772028650,live555,chatafl_opt,1,b_per,13.3
1772028650,live555,chatafl_opt,1,b_abs,2465
1772028651,live555,chatafl_opt,1,l_per,22.6
1772028651,live555,chatafl_opt,1,l_abs,5386
1772028651,live555,chatafl_opt,1,b_per,13.3
1772028651,live555,chatafl_opt,1,b_abs,2465
1772028651,live555,chatafl_opt,1,l_per,22.6
1772028651,live555,chatafl_opt,1,l_abs,5386
1772028651,live555,chatafl_opt,1,b_per,13.3
1772028651,live555,chatafl_opt,1,b_abs,2465
1772028651,live555,chatafl_opt,1,l_per,22.6
1772028651,live555,chatafl_opt,1,l_abs,5386
1772028651,live555,chatafl_opt,1,b_per,13.3
1772028651,live555,chatafl_opt,1,b_abs,2465
1772028651,live555,chatafl_opt,1,l_per,22.6
1772028651,live555,chatafl_opt,1,l_abs,5386
1772028651,live555,chatafl_opt,1,b_per,13.3
1772028651,live555,chatafl_opt,1,b_abs,2465
1772028651,live555,chatafl_opt,1,l_per,22.6
1772028651,live555,chatafl_opt,1,l_abs,5386
1772028651,live555,chatafl_opt,1,b_per,13.3
1772028651,live555,chatafl_opt,1,b_abs,2465
1772028651,live555,chatafl_opt,1,l_per,22.6
1772028651,live555,chatafl_opt,1,l_abs,5386
1772028651,live555,chatafl_opt,1,b_per,13.3
1772028651,live555,chatafl_opt,1,b_abs,2465
1772028652,live555,chatafl_opt,1,l_per,22.6
1772028652,live555,chatafl_opt,1,l_abs,5386
1772028652,live555,chatafl_opt,1,b_per,13.3
1772028652,live555,chatafl_opt,1,b_abs,2465
1772028652,live555,chatafl_opt,1,l_per,22.6
1772028652,live555,chatafl_opt,1,l_abs,5386
1772028652,live555,chatafl_opt,1,b_per,13.3
1772028652,live555,chatafl_opt,1,b_abs,2465
1772028652,live555,chatafl_opt,1,l_per,22.6
1772028652,live555,chatafl_opt,1,l_abs,5386
1772028652,live555,chatafl_opt,1,b_per,13.3
1772028652,live555,chatafl_opt,1,b_abs,2465
1772028652,live555,chatafl_opt,1,l_per,22.6
1772028652,live555,chatafl_opt,1,l_abs,5386
1772028652,live555,chatafl_opt,1,b_per,13.3
1772028652,live555,chatafl_opt,1,b_abs,2465
1772028652,live555,chatafl_opt,1,l_per,22.6
1772028652,live555,chatafl_opt,1,l_abs,5386
1772028652,live555,chatafl_opt,1,b_per,13.3
1772028652,live555,chatafl_opt,1,b_abs,2465
1772028652,live555,chatafl_opt,1,l_per,22.6
1772028652,live555,chatafl_opt,1,l_abs,5386
1772028652,live555,chatafl_opt,1,b_per,13.3
1772028652,live555,chatafl_opt,1,b_abs,2465
1772028653,live555,chatafl_opt,1,l_per,22.6
1772028653,live555,chatafl_opt,1,l_abs,5386
1772028653,live555,chatafl_opt,1,b_per,13.3
1772028653,live555,chatafl_opt,1,b_abs,2465
1772028653,live555,chatafl_opt,1,l_per,22.6
1772028653,live555,chatafl_opt,1,l_abs,5386
1772028653,live555,chatafl_opt,1,b_per,13.3
1772028653,live555,chatafl_opt,1,b_abs,2465
1772028653,live555,chatafl_opt,1,l_per,22.6
1772028653,live555,chatafl_opt,1,l_abs,5386
1772028653,live555,chatafl_opt,1,b_per,13.3
1772028653,live555,chatafl_opt,1,b_abs,2465
1772028653,live555,chatafl_opt,1,l_per,22.6
1772028653,live555,chatafl_opt,1,l_abs,5386
1772028653,live555,chatafl_opt,1,b_per,13.3
1772028653,live555,chatafl_opt,1,b_abs,2465
1772028653,live555,chatafl_opt,1,l_per,22.6
1772028653,live555,chatafl_opt,1,l_abs,5386
1772028653,live555,chatafl_opt,1,b_per,13.3
1772028653,live555,chatafl_opt,1,b_abs,2465
1772028653,live555,chatafl_opt,1,l_per,22.6
1772028653,live555,chatafl_opt,1,l_abs,5386
1772028653,live555,chatafl_opt,1,b_per,13.3
1772028653,live555,chatafl_opt,1,b_abs,2465
1772028653,live555,chatafl_opt,1,l_per,22.6
1772028653,live555,chatafl_opt,1,l_abs,5386
1772028653,live555,chatafl_opt,1,b_per,13.3
1772028653,live555,chatafl_opt,1,b_abs,2465
1772028654,live555,chatafl_opt,1,l_per,22.6
1772028654,live555,chatafl_opt,1,l_abs,5386
1772028654,live555,chatafl_opt,1,b_per,13.3
1772028654,live555,chatafl_opt,1,b_abs,2465
1772028655,live555,chatafl_opt,1,l_per,22.6
1772028655,live555,chatafl_opt,1,l_abs,5386
1772028655,live555,chatafl_opt,1,b_per,13.3
1772028655,live555,chatafl_opt,1,b_abs,2465
1772028655,live555,chatafl_opt,1,l_per,22.6
1772028655,live555,chatafl_opt,1,l_abs,5386
1772028655,live555,chatafl_opt,1,b_per,13.3
1772028655,live555,chatafl_opt,1,b_abs,2465
1772028655,live555,chatafl_opt,1,l_per,22.6
1772028655,live555,chatafl_opt,1,l_abs,5386
1772028655,live555,chatafl_opt,1,b_per,13.3
1772028655,live555,chatafl_opt,1,b_abs,2465
1772028655,live555,chatafl_opt,1,l_per,22.6
1772028655,live555,chatafl_opt,1,l_abs,5386
1772028655,live555,chatafl_opt,1,b_per,13.3
1772028655,live555,chatafl_opt,1,b_abs,2465
1772028655,live555,chatafl_opt,1,l_per,22.6
1772028655,live555,chatafl_opt,1,l_abs,5386
1772028655,live555,chatafl_opt,1,b_per,13.3
1772028655,live555,chatafl_opt,1,b_abs,2465
1772028655,live555,chatafl_opt,1,l_per,22.6
1772028655,live555,chatafl_opt,1,l_abs,5386
1772028655,live555,chatafl_opt,1,b_per,13.3
1772028655,live555,chatafl_opt,1,b_abs,2465
1772028656,live555,chatafl_opt,1,l_per,22.6
1772028656,live555,chatafl_opt,1,l_abs,5386
1772028656,live555,chatafl_opt,1,b_per,13.3
1772028656,live555,chatafl_opt,1,b_abs,2465
1772028656,live555,chatafl_opt,1,l_per,22.6
1772028656,live555,chatafl_opt,1,l_abs,5386
1772028656,live555,chatafl_opt,1,b_per,13.3
1772028656,live555,chatafl_opt,1,b_abs,2465
1772028656,live555,chatafl_opt,1,l_per,22.6
1772028656,live555,chatafl_opt,1,l_abs,5386
1772028656,live555,chatafl_opt,1,b_per,13.3
1772028656,live555,chatafl_opt,1,b_abs,2465
1772028656,live555,chatafl_opt,1,l_per,22.6
1772028656,live555,chatafl_opt,1,l_abs,5386
1772028656,live555,chatafl_opt,1,b_per,13.3
1772028656,live555,chatafl_opt,1,b_abs,2465
1772028656,live555,chatafl_opt,1,l_per,22.6
1772028656,live555,chatafl_opt,1,l_abs,5386
1772028656,live555,chatafl_opt,1,b_per,13.3
1772028656,live555,chatafl_opt,1,b_abs,2465
1772028656,live555,chatafl_opt,1,l_per,22.6
1772028656,live555,chatafl_opt,1,l_abs,5386
1772028656,live555,chatafl_opt,1,b_per,13.3
1772028656,live555,chatafl_opt,1,b_abs,2465
1772028657,live555,chatafl_opt,1,l_per,22.6
1772028657,live555,chatafl_opt,1,l_abs,5386
1772028657,live555,chatafl_opt,1,b_per,13.3
1772028657,live555,chatafl_opt,1,b_abs,2465
1772028657,live555,chatafl_opt,1,l_per,22.6
1772028657,live555,chatafl_opt,1,l_abs,5386
1772028657,live555,chatafl_opt,1,b_per,13.3
1772028657,live555,chatafl_opt,1,b_abs,2465
1772028657,live555,chatafl_opt,1,l_per,22.6
1772028657,live555,chatafl_opt,1,l_abs,5386
1772028657,live555,chatafl_opt,1,b_per,13.3
1772028657,live555,chatafl_opt,1,b_abs,2465
1772028657,live555,chatafl_opt,1,l_per,22.6
1772028657,live555,chatafl_opt,1,l_abs,5386
1772028657,live555,chatafl_opt,1,b_per,13.3
1772028657,live555,chatafl_opt,1,b_abs,2465
1772028657,live555,chatafl_opt,1,l_per,22.6
1772028657,live555,chatafl_opt,1,l_abs,5386
1772028657,live555,chatafl_opt,1,b_per,13.3
1772028657,live555,chatafl_opt,1,b_abs,2465
1772028657,live555,chatafl_opt,1,l_per,22.6
1772028657,live555,chatafl_opt,1,l_abs,5386
1772028657,live555,chatafl_opt,1,b_per,13.3
1772028657,live555,chatafl_opt,1,b_abs,2465
1772028658,live555,chatafl_opt,1,l_per,22.6
1772028658,live555,chatafl_opt,1,l_abs,5386
1772028658,live555,chatafl_opt,1,b_per,13.3
1772028658,live555,chatafl_opt,1,b_abs,2465
1772028658,live555,chatafl_opt,1,l_per,22.6
1772028658,live555,chatafl_opt,1,l_abs,5386
1772028658,live555,chatafl_opt,1,b_per,13.3
1772028658,live555,chatafl_opt,1,b_abs,2465
1772028658,live555,chatafl_opt,1,l_per,22.6
1772028658,live555,chatafl_opt,1,l_abs,5386
1772028658,live555,chatafl_opt,1,b_per,13.3
1772028658,live555,chatafl_opt,1,b_abs,2465
1772028658,live555,chatafl_opt,1,l_per,22.6
1772028658,live555,chatafl_opt,1,l_abs,5386
1772028658,live555,chatafl_opt,1,b_per,13.3
1772028658,live555,chatafl_opt,1,b_abs,2465
1772028658,live555,chatafl_opt,1,l_per,22.6
1772028658,live555,chatafl_opt,1,l_abs,5386
1772028658,live555,chatafl_opt,1,b_per,13.3
1772028658,live555,chatafl_opt,1,b_abs,2465
1772028659,live555,chatafl_opt,1,l_per,22.6
1772028659,live555,chatafl_opt,1,l_abs,5386
1772028659,live555,chatafl_opt,1,b_per,13.3
1772028659,live555,chatafl_opt,1,b_abs,2465
1772028659,live555,chatafl_opt,1,l_per,22.6
1772028659,live555,chatafl_opt,1,l_abs,5386
1772028659,live555,chatafl_opt,1,b_per,13.3
1772028659,live555,chatafl_opt,1,b_abs,2465
1772028659,live555,chatafl_opt,1,l_per,22.6
1772028659,live555,chatafl_opt,1,l_abs,5386
1772028659,live555,chatafl_opt,1,b_per,13.3
1772028659,live555,chatafl_opt,1,b_abs,2465
1772028659,live555,chatafl_opt,1,l_per,22.6
1772028659,live555,chatafl_opt,1,l_abs,5386
1772028659,live555,chatafl_opt,1,b_per,13.3
1772028659,live555,chatafl_opt,1,b_abs,2465
1772028659,live555,chatafl_opt,1,l_per,22.6
1772028659,live555,chatafl_opt,1,l_abs,5386
1772028659,live555,chatafl_opt,1,b_per,13.3
1772028659,live555,chatafl_opt,1,b_abs,2465
1772028659,live555,chatafl_opt,1,l_per,22.6
1772028659,live555,chatafl_opt,1,l_abs,5386
1772028659,live555,chatafl_opt,1,b_per,13.3
1772028659,live555,chatafl_opt,1,b_abs,2465
1772028660,live555,chatafl_opt,1,l_per,22.6
1772028660,live555,chatafl_opt,1,l_abs,5386
1772028660,live555,chatafl_opt,1,b_per,13.3
1772028660,live555,chatafl_opt,1,b_abs,2465
1772028660,live555,chatafl_opt,1,l_per,22.6
1772028660,live555,chatafl_opt,1,l_abs,5386
1772028660,live555,chatafl_opt,1,b_per,13.3
1772028660,live555,chatafl_opt,1,b_abs,2465
1772028660,live555,chatafl_opt,1,l_per,22.6
1772028660,live555,chatafl_opt,1,l_abs,5386
1772028660,live555,chatafl_opt,1,b_per,13.3
1772028660,live555,chatafl_opt,1,b_abs,2465
1772028660,live555,chatafl_opt,1,l_per,22.6
1772028660,live555,chatafl_opt,1,l_abs,5386
1772028660,live555,chatafl_opt,1,b_per,13.3
1772028660,live555,chatafl_opt,1,b_abs,2465
1772028660,live555,chatafl_opt,1,l_per,22.6
1772028660,live555,chatafl_opt,1,l_abs,5386
1772028660,live555,chatafl_opt,1,b_per,13.3
1772028660,live555,chatafl_opt,1,b_abs,2465
1772028660,live555,chatafl_opt,1,l_per,22.6
1772028660,live555,chatafl_opt,1,l_abs,5386
1772028660,live555,chatafl_opt,1,b_per,13.3
1772028660,live555,chatafl_opt,1,b_abs,2465
1772028661,live555,chatafl_opt,1,l_per,22.6
1772028661,live555,chatafl_opt,1,l_abs,5386
1772028661,live555,chatafl_opt,1,b_per,13.3
1772028661,live555,chatafl_opt,1,b_abs,2465
1772028661,live555,chatafl_opt,1,l_per,22.6
1772028661,live555,chatafl_opt,1,l_abs,5386
1772028661,live555,chatafl_opt,1,b_per,13.3
1772028661,live555,chatafl_opt,1,b_abs,2465
1772028661,live555,chatafl_opt,1,l_per,22.6
1772028661,live555,chatafl_opt,1,l_abs,5386
1772028661,live555,chatafl_opt,1,b_per,13.3
1772028661,live555,chatafl_opt,1,b_abs,2465
1772028661,live555,chatafl_opt,1,l_per,22.6
1772028661,live555,chatafl_opt,1,l_abs,5386
1772028661,live555,chatafl_opt,1,b_per,13.3
1772028661,live555,chatafl_opt,1,b_abs,2465
1772028661,live555,chatafl_opt,1,l_per,22.6
1772028661,live555,chatafl_opt,1,l_abs,5386
1772028661,live555,chatafl_opt,1,b_per,13.3
1772028661,live555,chatafl_opt,1,b_abs,2465
1772028662,live555,chatafl_opt,1,l_per,22.6
1772028662,live555,chatafl_opt,1,l_abs,5386
1772028662,live555,chatafl_opt,1,b_per,13.3
1772028662,live555,chatafl_opt,1,b_abs,2465
1772028662,live555,chatafl_opt,1,l_per,22.6
1772028662,live555,chatafl_opt,1,l_abs,5386
1772028662,live555,chatafl_opt,1,b_per,13.3
1772028662,live555,chatafl_opt,1,b_abs,2465
1772028662,live555,chatafl_opt,1,l_per,22.6
1772028662,live555,chatafl_opt,1,l_abs,5386
1772028662,live555,chatafl_opt,1,b_per,13.3
1772028662,live555,chatafl_opt,1,b_abs,2465
1772028662,live555,chatafl_opt,1,l_per,22.6
1772028662,live555,chatafl_opt,1,l_abs,5386
1772028662,live555,chatafl_opt,1,b_per,13.3
1772028662,live555,chatafl_opt,1,b_abs,2465
1772028662,live555,chatafl_opt,1,l_per,22.6
1772028662,live555,chatafl_opt,1,l_abs,5386
1772028662,live555,chatafl_opt,1,b_per,13.3
1772028662,live555,chatafl_opt,1,b_abs,2465
1772028662,live555,chatafl_opt,1,l_per,22.6
1772028662,live555,chatafl_opt,1,l_abs,5386
1772028662,live555,chatafl_opt,1,b_per,13.3
1772028662,live555,chatafl_opt,1,b_abs,2465
1772028663,live555,chatafl_opt,1,l_per,22.6
1772028663,live555,chatafl_opt,1,l_abs,5386
1772028663,live555,chatafl_opt,1,b_per,13.3
1772028663,live555,chatafl_opt,1,b_abs,2465
1772028663,live555,chatafl_opt,1,l_per,22.6
1772028663,live555,chatafl_opt,1,l_abs,5386
1772028663,live555,chatafl_opt,1,b_per,13.3
1772028663,live555,chatafl_opt,1,b_abs,2465
1772028663,live555,chatafl_opt,1,l_per,22.6
1772028663,live555,chatafl_opt,1,l_abs,5386
1772028663,live555,chatafl_opt,1,b_per,13.3
1772028663,live555,chatafl_opt,1,b_abs,2465
1772028663,live555,chatafl_opt,1,l_per,22.6
1772028663,live555,chatafl_opt,1,l_abs,5386
1772028663,live555,chatafl_opt,1,b_per,13.3
1772028663,live555,chatafl_opt,1,b_abs,2465
1772028663,live555,chatafl_opt,1,l_per,22.6
1772028663,live555,chatafl_opt,1,l_abs,5386
1772028663,live555,chatafl_opt,1,b_per,13.3
1772028663,live555,chatafl_opt,1,b_abs,2465
1772028663,live555,chatafl_opt,1,l_per,22.6
1772028663,live555,chatafl_opt,1,l_abs,5386
1772028663,live555,chatafl_opt,1,b_per,13.3
1772028663,live555,chatafl_opt,1,b_abs,2465
1772028664,live555,chatafl_opt,1,l_per,22.6
1772028664,live555,chatafl_opt,1,l_abs,5386
1772028664,live555,chatafl_opt,1,b_per,13.3
1772028664,live555,chatafl_opt,1,b_abs,2465
1772028664,live555,chatafl_opt,1,l_per,22.6
1772028664,live555,chatafl_opt,1,l_abs,5386
1772028664,live555,chatafl_opt,1,b_per,13.3
1772028664,live555,chatafl_opt,1,b_abs,2465
1772028664,live555,chatafl_opt,1,l_per,22.6
1772028664,live555,chatafl_opt,1,l_abs,5386
1772028664,live555,chatafl_opt,1,b_per,13.3
1772028664,live555,chatafl_opt,1,b_abs,2465
1772028664,live555,chatafl_opt,1,l_per,22.6
1772028664,live555,chatafl_opt,1,l_abs,5386
1772028664,live555,chatafl_opt,1,b_per,13.3
1772028664,live555,chatafl_opt,1,b_abs,2465
1772028664,live555,chatafl_opt,1,l_per,22.6
1772028664,live555,chatafl_opt,1,l_abs,5386
1772028664,live555,chatafl_opt,1,b_per,13.3
1772028664,live555,chatafl_opt,1,b_abs,2465
1772028664,live555,chatafl_opt,1,l_per,22.6
1772028664,live555,chatafl_opt,1,l_abs,5386
1772028664,live555,chatafl_opt,1,b_per,13.3
1772028664,live555,chatafl_opt,1,b_abs,2465
1772028665,live555,chatafl_opt,1,l_per,22.6
1772028665,live555,chatafl_opt,1,l_abs,5386
1772028665,live555,chatafl_opt,1,b_per,13.3
1772028665,live555,chatafl_opt,1,b_abs,2465
1772028665,live555,chatafl_opt,1,l_per,22.6
1772028665,live555,chatafl_opt,1,l_abs,5386
1772028665,live555,chatafl_opt,1,b_per,13.3
1772028665,live555,chatafl_opt,1,b_abs,2465
1772028665,live555,chatafl_opt,1,l_per,22.6
1772028665,live555,chatafl_opt,1,l_abs,5386
1772028665,live555,chatafl_opt,1,b_per,13.3
1772028665,live555,chatafl_opt,1,b_abs,2465
1772028665,live555,chatafl_opt,1,l_per,22.6
1772028665,live555,chatafl_opt,1,l_abs,5386
1772028665,live555,chatafl_opt,1,b_per,13.3
1772028665,live555,chatafl_opt,1,b_abs,2465
1772028665,live555,chatafl_opt,1,l_per,22.6
1772028665,live555,chatafl_opt,1,l_abs,5386
1772028665,live555,chatafl_opt,1,b_per,13.3
1772028665,live555,chatafl_opt,1,b_abs,2465
1772028665,live555,chatafl_opt,1,l_per,22.6
1772028665,live555,chatafl_opt,1,l_abs,5386
1772028665,live555,chatafl_opt,1,b_per,13.3
1772028665,live555,chatafl_opt,1,b_abs,2465
1772028666,live555,chatafl_opt,1,l_per,22.6
1772028666,live555,chatafl_opt,1,l_abs,5386
1772028666,live555,chatafl_opt,1,b_per,13.3
1772028666,live555,chatafl_opt,1,b_abs,2465
1772028666,live555,chatafl_opt,1,l_per,22.6
1772028666,live555,chatafl_opt,1,l_abs,5386
1772028666,live555,chatafl_opt,1,b_per,13.3
1772028666,live555,chatafl_opt,1,b_abs,2465
1772028666,live555,chatafl_opt,1,l_per,22.6
1772028666,live555,chatafl_opt,1,l_abs,5386
1772028666,live555,chatafl_opt,1,b_per,13.3
1772028666,live555,chatafl_opt,1,b_abs,2465
1772028666,live555,chatafl_opt,1,l_per,22.6
1772028666,live555,chatafl_opt,1,l_abs,5386
1772028666,live555,chatafl_opt,1,b_per,13.3
1772028666,live555,chatafl_opt,1,b_abs,2465
1772028666,live555,chatafl_opt,1,l_per,22.6
1772028666,live555,chatafl_opt,1,l_abs,5386
1772028666,live555,chatafl_opt,1,b_per,13.3
1772028666,live555,chatafl_opt,1,b_abs,2465
1772028666,live555,chatafl_opt,1,l_per,22.6
1772028666,live555,chatafl_opt,1,l_abs,5386
1772028666,live555,chatafl_opt,1,b_per,13.3
1772028666,live555,chatafl_opt,1,b_abs,2465
1772028667,live555,chatafl_opt,1,l_per,22.6
1772028667,live555,chatafl_opt,1,l_abs,5386
1772028667,live555,chatafl_opt,1,b_per,13.3
1772028667,live555,chatafl_opt,1,b_abs,2465
1772028667,live555,chatafl_opt,1,l_per,22.6
1772028667,live555,chatafl_opt,1,l_abs,5386
1772028667,live555,chatafl_opt,1,b_per,13.3
1772028667,live555,chatafl_opt,1,b_abs,2465
1772028667,live555,chatafl_opt,1,l_per,22.6
1772028667,live555,chatafl_opt,1,l_abs,5386
1772028667,live555,chatafl_opt,1,b_per,13.3
1772028667,live555,chatafl_opt,1,b_abs,2465
1772028667,live555,chatafl_opt,1,l_per,22.6
1772028667,live555,chatafl_opt,1,l_abs,5386
1772028667,live555,chatafl_opt,1,b_per,13.3
1772028667,live555,chatafl_opt,1,b_abs,2465
1772028667,live555,chatafl_opt,1,l_per,22.6
1772028667,live555,chatafl_opt,1,l_abs,5386
1772028667,live555,chatafl_opt,1,b_per,13.3
1772028667,live555,chatafl_opt,1,b_abs,2465
1772028667,live555,chatafl_opt,1,l_per,22.6
1772028667,live555,chatafl_opt,1,l_abs,5386
1772028667,live555,chatafl_opt,1,b_per,13.3
1772028667,live555,chatafl_opt,1,b_abs,2465
1772028668,live555,chatafl_opt,1,l_per,22.6
1772028668,live555,chatafl_opt,1,l_abs,5386
1772028668,live555,chatafl_opt,1,b_per,13.3
1772028668,live555,chatafl_opt,1,b_abs,2465
1772028668,live555,chatafl_opt,1,l_per,22.6
1772028668,live555,chatafl_opt,1,l_abs,5386
1772028668,live555,chatafl_opt,1,b_per,13.3
1772028668,live555,chatafl_opt,1,b_abs,2465
1772028668,live555,chatafl_opt,1,l_per,22.6
1772028668,live555,chatafl_opt,1,l_abs,5386
1772028668,live555,chatafl_opt,1,b_per,13.3
1772028668,live555,chatafl_opt,1,b_abs,2465
1772028668,live555,chatafl_opt,1,l_per,22.6
1772028668,live555,chatafl_opt,1,l_abs,5386
1772028668,live555,chatafl_opt,1,b_per,13.3
1772028668,live555,chatafl_opt,1,b_abs,2465
1772028668,live555,chatafl_opt,1,l_per,22.6
1772028668,live555,chatafl_opt,1,l_abs,5386
1772028668,live555,chatafl_opt,1,b_per,13.3
1772028668,live555,chatafl_opt,1,b_abs,2465
1772028669,live555,chatafl_opt,1,l_per,22.6
1772028669,live555,chatafl_opt,1,l_abs,5386
1772028669,live555,chatafl_opt,1,b_per,13.3
1772028669,live555,chatafl_opt,1,b_abs,2465
1772028669,live555,chatafl_opt,1,l_per,22.6
1772028669,live555,chatafl_opt,1,l_abs,5386
1772028669,live555,chatafl_opt,1,b_per,13.3
1772028669,live555,chatafl_opt,1,b_abs,2465
1772028669,live555,chatafl_opt,1,l_per,22.6
1772028669,live555,chatafl_opt,1,l_abs,5386
1772028669,live555,chatafl_opt,1,b_per,13.3
1772028669,live555,chatafl_opt,1,b_abs,2465
1772028669,live555,chatafl_opt,1,l_per,22.6
1772028669,live555,chatafl_opt,1,l_abs,5386
1772028669,live555,chatafl_opt,1,b_per,13.3
1772028669,live555,chatafl_opt,1,b_abs,2465
1772028669,live555,chatafl_opt,1,l_per,22.6
1772028669,live555,chatafl_opt,1,l_abs,5386
1772028669,live555,chatafl_opt,1,b_per,13.3
1772028669,live555,chatafl_opt,1,b_abs,2465
1772028669,live555,chatafl_opt,1,l_per,22.6
1772028669,live555,chatafl_opt,1,l_abs,5386
1772028669,live555,chatafl_opt,1,b_per,13.3
1772028669,live555,chatafl_opt,1,b_abs,2465
1772028670,live555,chatafl_opt,1,l_per,22.6
1772028670,live555,chatafl_opt,1,l_abs,5386
1772028670,live555,chatafl_opt,1,b_per,13.3
1772028670,live555,chatafl_opt,1,b_abs,2465
1772028670,live555,chatafl_opt,1,l_per,22.6
1772028670,live555,chatafl_opt,1,l_abs,5386
1772028670,live555,chatafl_opt,1,b_per,13.3
1772028670,live555,chatafl_opt,1,b_abs,2465
1772028670,live555,chatafl_opt,1,l_per,22.6
1772028670,live555,chatafl_opt,1,l_abs,5386
1772028670,live555,chatafl_opt,1,b_per,13.3
1772028670,live555,chatafl_opt,1,b_abs,2465
1772028670,live555,chatafl_opt,1,l_per,22.6
1772028670,live555,chatafl_opt,1,l_abs,5386
1772028670,live555,chatafl_opt,1,b_per,13.3
1772028670,live555,chatafl_opt,1,b_abs,2465
1772028670,live555,chatafl_opt,1,l_per,22.6
1772028670,live555,chatafl_opt,1,l_abs,5386
1772028670,live555,chatafl_opt,1,b_per,13.3
1772028670,live555,chatafl_opt,1,b_abs,2465
1772028670,live555,chatafl_opt,1,l_per,22.6
1772028670,live555,chatafl_opt,1,l_abs,5386
1772028670,live555,chatafl_opt,1,b_per,13.3
1772028670,live555,chatafl_opt,1,b_abs,2465
1772028671,live555,chatafl_opt,1,l_per,22.6
1772028671,live555,chatafl_opt,1,l_abs,5386
1772028671,live555,chatafl_opt,1,b_per,13.3
1772028671,live555,chatafl_opt,1,b_abs,2465
1772028671,live555,chatafl_opt,1,l_per,22.6
1772028671,live555,chatafl_opt,1,l_abs,5386
1772028671,live555,chatafl_opt,1,b_per,13.3
1772028671,live555,chatafl_opt,1,b_abs,2465
1772028671,live555,chatafl_opt,1,l_per,22.6
1772028671,live555,chatafl_opt,1,l_abs,5386
1772028671,live555,chatafl_opt,1,b_per,13.3
1772028671,live555,chatafl_opt,1,b_abs,2465
1772028671,live555,chatafl_opt,1,l_per,22.6
1772028671,live555,chatafl_opt,1,l_abs,5386
1772028671,live555,chatafl_opt,1,b_per,13.3
1772028671,live555,chatafl_opt,1,b_abs,2465
1772028671,live555,chatafl_opt,1,l_per,22.6
1772028671,live555,chatafl_opt,1,l_abs,5386
1772028671,live555,chatafl_opt,1,b_per,13.3
1772028671,live555,chatafl_opt,1,b_abs,2465
1772028671,live555,chatafl_opt,1,l_per,22.6
1772028671,live555,chatafl_opt,1,l_abs,5386
1772028671,live555,chatafl_opt,1,b_per,13.3
1772028671,live555,chatafl_opt,1,b_abs,2465
1772028672,live555,chatafl_opt,1,l_per,22.6
1772028672,live555,chatafl_opt,1,l_abs,5386
1772028672,live555,chatafl_opt,1,b_per,13.3
1772028672,live555,chatafl_opt,1,b_abs,2465
1772028672,live555,chatafl_opt,1,l_per,22.6
1772028672,live555,chatafl_opt,1,l_abs,5386
1772028672,live555,chatafl_opt,1,b_per,13.3
1772028672,live555,chatafl_opt,1,b_abs,2465
1772028672,live555,chatafl_opt,1,l_per,22.6
1772028672,live555,chatafl_opt,1,l_abs,5386
1772028672,live555,chatafl_opt,1,b_per,13.3
1772028672,live555,chatafl_opt,1,b_abs,2465
1772028672,live555,chatafl_opt,1,l_per,22.6
1772028672,live555,chatafl_opt,1,l_abs,5386
1772028672,live555,chatafl_opt,1,b_per,13.3
1772028672,live555,chatafl_opt,1,b_abs,2465
1772028672,live555,chatafl_opt,1,l_per,22.6
1772028672,live555,chatafl_opt,1,l_abs,5386
1772028672,live555,chatafl_opt,1,b_per,13.3
1772028672,live555,chatafl_opt,1,b_abs,2465
1772028672,live555,chatafl_opt,1,l_per,22.6
1772028672,live555,chatafl_opt,1,l_abs,5386
1772028672,live555,chatafl_opt,1,b_per,13.3
1772028672,live555,chatafl_opt,1,b_abs,2465
1772028673,live555,chatafl_opt,1,l_per,22.6
1772028673,live555,chatafl_opt,1,l_abs,5386
1772028673,live555,chatafl_opt,1,b_per,13.3
1772028673,live555,chatafl_opt,1,b_abs,2465
1772028673,live555,chatafl_opt,1,l_per,22.6
1772028673,live555,chatafl_opt,1,l_abs,5386
1772028673,live555,chatafl_opt,1,b_per,13.3
1772028673,live555,chatafl_opt,1,b_abs,2465
1772028673,live555,chatafl_opt,1,l_per,22.6
1772028673,live555,chatafl_opt,1,l_abs,5386
1772028673,live555,chatafl_opt,1,b_per,13.3
1772028673,live555,chatafl_opt,1,b_abs,2465
1772028673,live555,chatafl_opt,1,l_per,22.6
1772028673,live555,chatafl_opt,1,l_abs,5386
1772028673,live555,chatafl_opt,1,b_per,13.3
1772028673,live555,chatafl_opt,1,b_abs,2465
1772028673,live555,chatafl_opt,1,l_per,22.6
1772028673,live555,chatafl_opt,1,l_abs,5386
1772028673,live555,chatafl_opt,1,b_per,13.3
1772028673,live555,chatafl_opt,1,b_abs,2465
1772028674,live555,chatafl_opt,1,l_per,22.6
1772028674,live555,chatafl_opt,1,l_abs,5386
1772028674,live555,chatafl_opt,1,b_per,13.3
1772028674,live555,chatafl_opt,1,b_abs,2465
1772028674,live555,chatafl_opt,1,l_per,22.6
1772028674,live555,chatafl_opt,1,l_abs,5386
1772028674,live555,chatafl_opt,1,b_per,13.3
1772028674,live555,chatafl_opt,1,b_abs,2465
1772028674,live555,chatafl_opt,1,l_per,22.6
1772028674,live555,chatafl_opt,1,l_abs,5386
1772028674,live555,chatafl_opt,1,b_per,13.3
1772028674,live555,chatafl_opt,1,b_abs,2465
1772028674,live555,chatafl_opt,1,l_per,22.6
1772028674,live555,chatafl_opt,1,l_abs,5386
1772028674,live555,chatafl_opt,1,b_per,13.3
1772028674,live555,chatafl_opt,1,b_abs,2465
1772028674,live555,chatafl_opt,1,l_per,22.6
1772028674,live555,chatafl_opt,1,l_abs,5386
1772028674,live555,chatafl_opt,1,b_per,13.3
1772028674,live555,chatafl_opt,1,b_abs,2465
1772028674,live555,chatafl_opt,1,l_per,22.6
1772028674,live555,chatafl_opt,1,l_abs,5386
1772028674,live555,chatafl_opt,1,b_per,13.3
1772028674,live555,chatafl_opt,1,b_abs,2465
1772028675,live555,chatafl_opt,1,l_per,22.6
1772028675,live555,chatafl_opt,1,l_abs,5386
1772028675,live555,chatafl_opt,1,b_per,13.3
1772028675,live555,chatafl_opt,1,b_abs,2465
1772028675,live555,chatafl_opt,1,l_per,22.6
1772028675,live555,chatafl_opt,1,l_abs,5386
1772028675,live555,chatafl_opt,1,b_per,13.3
1772028675,live555,chatafl_opt,1,b_abs,2465
1772028675,live555,chatafl_opt,1,l_per,22.6
1772028675,live555,chatafl_opt,1,l_abs,5386
1772028675,live555,chatafl_opt,1,b_per,13.3
1772028675,live555,chatafl_opt,1,b_abs,2465
1772028675,live555,chatafl_opt,1,l_per,22.6
1772028675,live555,chatafl_opt,1,l_abs,5386
1772028675,live555,chatafl_opt,1,b_per,13.3
1772028675,live555,chatafl_opt,1,b_abs,2465
1772028675,live555,chatafl_opt,1,l_per,22.6
1772028675,live555,chatafl_opt,1,l_abs,5386
1772028675,live555,chatafl_opt,1,b_per,13.3
1772028675,live555,chatafl_opt,1,b_abs,2465
1772028675,live555,chatafl_opt,1,l_per,22.6
1772028675,live555,chatafl_opt,1,l_abs,5386
1772028675,live555,chatafl_opt,1,b_per,13.3
1772028675,live555,chatafl_opt,1,b_abs,2465
1772028676,live555,chatafl_opt,1,l_per,22.6
1772028676,live555,chatafl_opt,1,l_abs,5386
1772028676,live555,chatafl_opt,1,b_per,13.3
1772028676,live555,chatafl_opt,1,b_abs,2465
1772028676,live555,chatafl_opt,1,l_per,22.6
1772028676,live555,chatafl_opt,1,l_abs,5386
1772028676,live555,chatafl_opt,1,b_per,13.3
1772028676,live555,chatafl_opt,1,b_abs,2465
1772028676,live555,chatafl_opt,1,l_per,22.6
1772028676,live555,chatafl_opt,1,l_abs,5386
1772028676,live555,chatafl_opt,1,b_per,13.3
1772028676,live555,chatafl_opt,1,b_abs,2465
1772028676,live555,chatafl_opt,1,l_per,22.6
1772028676,live555,chatafl_opt,1,l_abs,5386
1772028676,live555,chatafl_opt,1,b_per,13.3
1772028676,live555,chatafl_opt,1,b_abs,2465
1772028676,live555,chatafl_opt,1,l_per,22.6
1772028676,live555,chatafl_opt,1,l_abs,5386
1772028676,live555,chatafl_opt,1,b_per,13.3
1772028676,live555,chatafl_opt,1,b_abs,2465
1772028676,live555,chatafl_opt,1,l_per,22.6
1772028676,live555,chatafl_opt,1,l_abs,5386
1772028676,live555,chatafl_opt,1,b_per,13.3
1772028676,live555,chatafl_opt,1,b_abs,2465
1772028677,live555,chatafl_opt,1,l_per,22.6
1772028677,live555,chatafl_opt,1,l_abs,5386
1772028677,live555,chatafl_opt,1,b_per,13.3
1772028677,live555,chatafl_opt,1,b_abs,2465
1772028677,live555,chatafl_opt,1,l_per,22.6
1772028677,live555,chatafl_opt,1,l_abs,5386
1772028677,live555,chatafl_opt,1,b_per,13.3
1772028677,live555,chatafl_opt,1,b_abs,2465
1772028677,live555,chatafl_opt,1,l_per,22.6
1772028677,live555,chatafl_opt,1,l_abs,5386
1772028677,live555,chatafl_opt,1,b_per,13.3
1772028677,live555,chatafl_opt,1,b_abs,2465
1772028677,live555,chatafl_opt,1,l_per,22.6
1772028677,live555,chatafl_opt,1,l_abs,5386
1772028677,live555,chatafl_opt,1,b_per,13.3
1772028677,live555,chatafl_opt,1,b_abs,2465
1772028677,live555,chatafl_opt,1,l_per,22.6
1772028677,live555,chatafl_opt,1,l_abs,5386
1772028677,live555,chatafl_opt,1,b_per,13.3
1772028677,live555,chatafl_opt,1,b_abs,2465
1772028678,live555,chatafl_opt,1,l_per,22.6
1772028678,live555,chatafl_opt,1,l_abs,5386
1772028678,live555,chatafl_opt,1,b_per,13.3
1772028678,live555,chatafl_opt,1,b_abs,2465
1772028678,live555,chatafl_opt,1,l_per,22.6
1772028678,live555,chatafl_opt,1,l_abs,5386
1772028678,live555,chatafl_opt,1,b_per,13.3
1772028678,live555,chatafl_opt,1,b_abs,2465
1772028678,live555,chatafl_opt,1,l_per,22.6
1772028678,live555,chatafl_opt,1,l_abs,5386
1772028678,live555,chatafl_opt,1,b_per,13.3
1772028678,live555,chatafl_opt,1,b_abs,2465
1772028678,live555,chatafl_opt,1,l_per,22.6
1772028678,live555,chatafl_opt,1,l_abs,5386
1772028678,live555,chatafl_opt,1,b_per,13.3
1772028678,live555,chatafl_opt,1,b_abs,2465
1772028678,live555,chatafl_opt,1,l_per,22.6
1772028678,live555,chatafl_opt,1,l_abs,5386
1772028678,live555,chatafl_opt,1,b_per,13.3
1772028678,live555,chatafl_opt,1,b_abs,2465
1772028678,live555,chatafl_opt,1,l_per,22.6
1772028678,live555,chatafl_opt,1,l_abs,5386
1772028678,live555,chatafl_opt,1,b_per,13.3
1772028678,live555,chatafl_opt,1,b_abs,2465
1772028679,live555,chatafl_opt,1,l_per,22.6
1772028679,live555,chatafl_opt,1,l_abs,5386
1772028679,live555,chatafl_opt,1,b_per,13.3
1772028679,live555,chatafl_opt,1,b_abs,2465
1772028679,live555,chatafl_opt,1,l_per,22.6
1772028679,live555,chatafl_opt,1,l_abs,5386
1772028679,live555,chatafl_opt,1,b_per,13.3
1772028679,live555,chatafl_opt,1,b_abs,2465
1772028679,live555,chatafl_opt,1,l_per,22.6
1772028679,live555,chatafl_opt,1,l_abs,5386
1772028679,live555,chatafl_opt,1,b_per,13.3
1772028679,live555,chatafl_opt,1,b_abs,2465
1772028679,live555,chatafl_opt,1,l_per,22.6
1772028679,live555,chatafl_opt,1,l_abs,5386
1772028679,live555,chatafl_opt,1,b_per,13.3
1772028679,live555,chatafl_opt,1,b_abs,2465
1772028679,live555,chatafl_opt,1,l_per,22.6
1772028679,live555,chatafl_opt,1,l_abs,5386
1772028679,live555,chatafl_opt,1,b_per,13.3
1772028679,live555,chatafl_opt,1,b_abs,2465
1772028679,live555,chatafl_opt,1,l_per,22.6
1772028679,live555,chatafl_opt,1,l_abs,5386
1772028679,live555,chatafl_opt,1,b_per,13.3
1772028679,live555,chatafl_opt,1,b_abs,2465
1772028680,live555,chatafl_opt,1,l_per,22.6
1772028680,live555,chatafl_opt,1,l_abs,5386
1772028680,live555,chatafl_opt,1,b_per,13.3
1772028680,live555,chatafl_opt,1,b_abs,2465
1772028680,live555,chatafl_opt,1,l_per,22.6
1772028680,live555,chatafl_opt,1,l_abs,5386
1772028680,live555,chatafl_opt,1,b_per,13.3
1772028680,live555,chatafl_opt,1,b_abs,2465
1772028680,live555,chatafl_opt,1,l_per,22.6
1772028680,live555,chatafl_opt,1,l_abs,5386
1772028680,live555,chatafl_opt,1,b_per,13.3
1772028680,live555,chatafl_opt,1,b_abs,2465
1772028680,live555,chatafl_opt,1,l_per,22.6
1772028680,live555,chatafl_opt,1,l_abs,5386
1772028680,live555,chatafl_opt,1,b_per,13.3
1772028680,live555,chatafl_opt,1,b_abs,2465
1772028680,live555,chatafl_opt,1,l_per,22.6
1772028680,live555,chatafl_opt,1,l_abs,5386
1772028680,live555,chatafl_opt,1,b_per,13.3
1772028680,live555,chatafl_opt,1,b_abs,2465
1772028680,live555,chatafl_opt,1,l_per,22.6
1772028680,live555,chatafl_opt,1,l_abs,5386
1772028680,live555,chatafl_opt,1,b_per,13.3
1772028680,live555,chatafl_opt,1,b_abs,2465
1772028681,live555,chatafl_opt,1,l_per,22.6
1772028681,live555,chatafl_opt,1,l_abs,5386
1772028681,live555,chatafl_opt,1,b_per,13.3
1772028681,live555,chatafl_opt,1,b_abs,2465
1772028681,live555,chatafl_opt,1,l_per,22.6
1772028681,live555,chatafl_opt,1,l_abs,5386
1772028681,live555,chatafl_opt,1,b_per,13.3
1772028681,live555,chatafl_opt,1,b_abs,2465
1772028681,live555,chatafl_opt,1,l_per,22.6
1772028681,live555,chatafl_opt,1,l_abs,5386
1772028681,live555,chatafl_opt,1,b_per,13.3
1772028681,live555,chatafl_opt,1,b_abs,2465
1772028681,live555,chatafl_opt,1,l_per,22.6
1772028681,live555,chatafl_opt,1,l_abs,5386
1772028681,live555,chatafl_opt,1,b_per,13.3
1772028681,live555,chatafl_opt,1,b_abs,2465
1772028681,live555,chatafl_opt,1,l_per,22.6
1772028681,live555,chatafl_opt,1,l_abs,5386
1772028681,live555,chatafl_opt,1,b_per,13.3
1772028681,live555,chatafl_opt,1,b_abs,2465
1772028681,live555,chatafl_opt,1,l_per,22.6
1772028681,live555,chatafl_opt,1,l_abs,5386
1772028681,live555,chatafl_opt,1,b_per,13.3
1772028681,live555,chatafl_opt,1,b_abs,2465
1772028682,live555,chatafl_opt,1,l_per,22.6
1772028682,live555,chatafl_opt,1,l_abs,5386
1772028682,live555,chatafl_opt,1,b_per,13.3
1772028682,live555,chatafl_opt,1,b_abs,2465
1772028682,live555,chatafl_opt,1,l_per,22.6
1772028682,live555,chatafl_opt,1,l_abs,5386
1772028682,live555,chatafl_opt,1,b_per,13.3
1772028682,live555,chatafl_opt,1,b_abs,2465
1772028682,live555,chatafl_opt,1,l_per,22.6
1772028682,live555,chatafl_opt,1,l_abs,5386
1772028682,live555,chatafl_opt,1,b_per,13.3
1772028682,live555,chatafl_opt,1,b_abs,2465
1772028682,live555,chatafl_opt,1,l_per,22.6
1772028682,live555,chatafl_opt,1,l_abs,5386
1772028682,live555,chatafl_opt,1,b_per,13.3
1772028682,live555,chatafl_opt,1,b_abs,2465
1772028682,live555,chatafl_opt,1,l_per,22.6
1772028682,live555,chatafl_opt,1,l_abs,5386
1772028682,live555,chatafl_opt,1,b_per,13.3
1772028682,live555,chatafl_opt,1,b_abs,2465
1772028682,live555,chatafl_opt,1,l_per,22.6
1772028682,live555,chatafl_opt,1,l_abs,5386
1772028682,live555,chatafl_opt,1,b_per,13.3
1772028682,live555,chatafl_opt,1,b_abs,2465
1772028683,live555,chatafl_opt,1,l_per,22.6
1772028683,live555,chatafl_opt,1,l_abs,5386
1772028683,live555,chatafl_opt,1,b_per,13.3
1772028683,live555,chatafl_opt,1,b_abs,2465
1772028683,live555,chatafl_opt,1,l_per,22.6
1772028683,live555,chatafl_opt,1,l_abs,5386
1772028683,live555,chatafl_opt,1,b_per,13.3
1772028683,live555,chatafl_opt,1,b_abs,2465
1772028683,live555,chatafl_opt,1,l_per,22.6
1772028683,live555,chatafl_opt,1,l_abs,5386
1772028683,live555,chatafl_opt,1,b_per,13.3
1772028683,live555,chatafl_opt,1,b_abs,2465
1772028683,live555,chatafl_opt,1,l_per,22.6
1772028683,live555,chatafl_opt,1,l_abs,5386
1772028683,live555,chatafl_opt,1,b_per,13.3
1772028683,live555,chatafl_opt,1,b_abs,2465
1772028683,live555,chatafl_opt,1,l_per,22.6
1772028683,live555,chatafl_opt,1,l_abs,5386
1772028683,live555,chatafl_opt,1,b_per,13.3
1772028683,live555,chatafl_opt,1,b_abs,2465
1772028683,live555,chatafl_opt,1,l_per,22.6
1772028683,live555,chatafl_opt,1,l_abs,5386
1772028683,live555,chatafl_opt,1,b_per,13.3
1772028683,live555,chatafl_opt,1,b_abs,2465
1772028684,live555,chatafl_opt,1,l_per,22.6
1772028684,live555,chatafl_opt,1,l_abs,5386
1772028684,live555,chatafl_opt,1,b_per,13.3
1772028684,live555,chatafl_opt,1,b_abs,2465
1772028684,live555,chatafl_opt,1,l_per,22.6
1772028684,live555,chatafl_opt,1,l_abs,5386
1772028684,live555,chatafl_opt,1,b_per,13.3
1772028684,live555,chatafl_opt,1,b_abs,2465
1772028684,live555,chatafl_opt,1,l_per,22.6
1772028684,live555,chatafl_opt,1,l_abs,5386
1772028684,live555,chatafl_opt,1,b_per,13.3
1772028684,live555,chatafl_opt,1,b_abs,2465
1772028684,live555,chatafl_opt,1,l_per,22.6
1772028684,live555,chatafl_opt,1,l_abs,5386
1772028684,live555,chatafl_opt,1,b_per,13.3
1772028684,live555,chatafl_opt,1,b_abs,2465
1772028684,live555,chatafl_opt,1,l_per,22.6
1772028684,live555,chatafl_opt,1,l_abs,5386
1772028684,live555,chatafl_opt,1,b_per,13.3
1772028684,live555,chatafl_opt,1,b_abs,2465
1772028684,live555,chatafl_opt,1,l_per,22.6
1772028684,live555,chatafl_opt,1,l_abs,5386
1772028684,live555,chatafl_opt,1,b_per,13.3
1772028684,live555,chatafl_opt,1,b_abs,2465
1772028685,live555,chatafl_opt,1,l_per,22.6
1772028685,live555,chatafl_opt,1,l_abs,5386
1772028685,live555,chatafl_opt,1,b_per,13.3
1772028685,live555,chatafl_opt,1,b_abs,2465
1772028685,live555,chatafl_opt,1,l_per,22.6
1772028685,live555,chatafl_opt,1,l_abs,5386
1772028685,live555,chatafl_opt,1,b_per,13.3
1772028685,live555,chatafl_opt,1,b_abs,2465
1772028685,live555,chatafl_opt,1,l_per,22.6
1772028685,live555,chatafl_opt,1,l_abs,5386
1772028685,live555,chatafl_opt,1,b_per,13.3
1772028685,live555,chatafl_opt,1,b_abs,2465
1772028685,live555,chatafl_opt,1,l_per,22.6
1772028685,live555,chatafl_opt,1,l_abs,5386
1772028685,live555,chatafl_opt,1,b_per,13.3
1772028685,live555,chatafl_opt,1,b_abs,2465
1772028685,live555,chatafl_opt,1,l_per,22.6
1772028685,live555,chatafl_opt,1,l_abs,5386
1772028685,live555,chatafl_opt,1,b_per,13.3
1772028685,live555,chatafl_opt,1,b_abs,2465
1772028686,live555,chatafl_opt,1,l_per,22.6
1772028686,live555,chatafl_opt,1,l_abs,5386
1772028686,live555,chatafl_opt,1,b_per,13.3
1772028686,live555,chatafl_opt,1,b_abs,2465
1772028686,live555,chatafl_opt,1,l_per,22.6
1772028686,live555,chatafl_opt,1,l_abs,5386
1772028686,live555,chatafl_opt,1,b_per,13.3
1772028686,live555,chatafl_opt,1,b_abs,2465
1772028686,live555,chatafl_opt,1,l_per,22.6
1772028686,live555,chatafl_opt,1,l_abs,5386
1772028686,live555,chatafl_opt,1,b_per,13.3
1772028686,live555,chatafl_opt,1,b_abs,2465
1772028686,live555,chatafl_opt,1,l_per,22.6
1772028686,live555,chatafl_opt,1,l_abs,5386
1772028686,live555,chatafl_opt,1,b_per,13.3
1772028686,live555,chatafl_opt,1,b_abs,2465
1772028686,live555,chatafl_opt,1,l_per,22.6
1772028686,live555,chatafl_opt,1,l_abs,5386
1772028686,live555,chatafl_opt,1,b_per,13.3
1772028686,live555,chatafl_opt,1,b_abs,2465
1772028686,live555,chatafl_opt,1,l_per,22.6
1772028686,live555,chatafl_opt,1,l_abs,5386
1772028686,live555,chatafl_opt,1,b_per,13.3
1772028686,live555,chatafl_opt,1,b_abs,2465
1772028687,live555,chatafl_opt,1,l_per,22.6
1772028687,live555,chatafl_opt,1,l_abs,5386
1772028687,live555,chatafl_opt,1,b_per,13.3
1772028687,live555,chatafl_opt,1,b_abs,2465
1772028687,live555,chatafl_opt,1,l_per,22.6
1772028687,live555,chatafl_opt,1,l_abs,5386
1772028687,live555,chatafl_opt,1,b_per,13.3
1772028687,live555,chatafl_opt,1,b_abs,2465
1772028687,live555,chatafl_opt,1,l_per,22.6
1772028687,live555,chatafl_opt,1,l_abs,5386
1772028687,live555,chatafl_opt,1,b_per,13.3
1772028687,live555,chatafl_opt,1,b_abs,2465
1772028687,live555,chatafl_opt,1,l_per,22.6
1772028687,live555,chatafl_opt,1,l_abs,5386
1772028687,live555,chatafl_opt,1,b_per,13.3
1772028687,live555,chatafl_opt,1,b_abs,2465
1772028687,live555,chatafl_opt,1,l_per,22.6
1772028687,live555,chatafl_opt,1,l_abs,5386
1772028687,live555,chatafl_opt,1,b_per,13.3
1772028687,live555,chatafl_opt,1,b_abs,2465
1772028687,live555,chatafl_opt,1,l_per,22.6
1772028687,live555,chatafl_opt,1,l_abs,5386
1772028687,live555,chatafl_opt,1,b_per,13.3
1772028687,live555,chatafl_opt,1,b_abs,2465
1772028687,live555,chatafl_opt,1,l_per,22.6
1772028687,live555,chatafl_opt,1,l_abs,5386
1772028687,live555,chatafl_opt,1,b_per,13.3
1772028687,live555,chatafl_opt,1,b_abs,2465
1772028688,live555,chatafl_opt,1,l_per,22.6
1772028688,live555,chatafl_opt,1,l_abs,5386
1772028688,live555,chatafl_opt,1,b_per,13.3
1772028688,live555,chatafl_opt,1,b_abs,2465
1772028688,live555,chatafl_opt,1,l_per,22.6
1772028688,live555,chatafl_opt,1,l_abs,5386
1772028688,live555,chatafl_opt,1,b_per,13.3
1772028688,live555,chatafl_opt,1,b_abs,2465
1772028688,live555,chatafl_opt,1,l_per,22.6
1772028688,live555,chatafl_opt,1,l_abs,5386
1772028688,live555,chatafl_opt,1,b_per,13.3
1772028688,live555,chatafl_opt,1,b_abs,2465
1772028688,live555,chatafl_opt,1,l_per,22.6
1772028688,live555,chatafl_opt,1,l_abs,5386
1772028688,live555,chatafl_opt,1,b_per,13.3
1772028688,live555,chatafl_opt,1,b_abs,2465
1772028688,live555,chatafl_opt,1,l_per,22.6
1772028688,live555,chatafl_opt,1,l_abs,5386
1772028688,live555,chatafl_opt,1,b_per,13.3
1772028688,live555,chatafl_opt,1,b_abs,2465
1772028689,live555,chatafl_opt,1,l_per,22.6
1772028689,live555,chatafl_opt,1,l_abs,5386
1772028689,live555,chatafl_opt,1,b_per,13.3
1772028689,live555,chatafl_opt,1,b_abs,2465
1772028689,live555,chatafl_opt,1,l_per,22.6
1772028689,live555,chatafl_opt,1,l_abs,5386
1772028689,live555,chatafl_opt,1,b_per,13.3
1772028689,live555,chatafl_opt,1,b_abs,2465
1772028689,live555,chatafl_opt,1,l_per,22.6
1772028689,live555,chatafl_opt,1,l_abs,5386
1772028689,live555,chatafl_opt,1,b_per,13.3
1772028689,live555,chatafl_opt,1,b_abs,2465
1772028689,live555,chatafl_opt,1,l_per,22.6
1772028689,live555,chatafl_opt,1,l_abs,5386
1772028689,live555,chatafl_opt,1,b_per,13.3
1772028689,live555,chatafl_opt,1,b_abs,2465
1772028689,live555,chatafl_opt,1,l_per,22.6
1772028689,live555,chatafl_opt,1,l_abs,5386
1772028689,live555,chatafl_opt,1,b_per,13.3
1772028689,live555,chatafl_opt,1,b_abs,2465
1772028689,live555,chatafl_opt,1,l_per,22.6
1772028689,live555,chatafl_opt,1,l_abs,5386
1772028689,live555,chatafl_opt,1,b_per,13.3
1772028689,live555,chatafl_opt,1,b_abs,2465
1772028690,live555,chatafl_opt,1,l_per,22.6
1772028690,live555,chatafl_opt,1,l_abs,5386
1772028690,live555,chatafl_opt,1,b_per,13.3
1772028690,live555,chatafl_opt,1,b_abs,2465
1772028690,live555,chatafl_opt,1,l_per,22.6
1772028690,live555,chatafl_opt,1,l_abs,5386
1772028690,live555,chatafl_opt,1,b_per,13.3
1772028690,live555,chatafl_opt,1,b_abs,2465
1772028690,live555,chatafl_opt,1,l_per,22.6
1772028690,live555,chatafl_opt,1,l_abs,5386
1772028690,live555,chatafl_opt,1,b_per,13.3
1772028690,live555,chatafl_opt,1,b_abs,2465
1772028690,live555,chatafl_opt,1,l_per,22.6
1772028690,live555,chatafl_opt,1,l_abs,5386
1772028690,live555,chatafl_opt,1,b_per,13.3
1772028690,live555,chatafl_opt,1,b_abs,2465
1772028690,live555,chatafl_opt,1,l_per,22.6
1772028690,live555,chatafl_opt,1,l_abs,5386
1772028690,live555,chatafl_opt,1,b_per,13.3
1772028690,live555,chatafl_opt,1,b_abs,2465
1772028690,live555,chatafl_opt,1,l_per,22.6
1772028690,live555,chatafl_opt,1,l_abs,5386
1772028690,live555,chatafl_opt,1,b_per,13.3
1772028690,live555,chatafl_opt,1,b_abs,2465
1772028691,live555,chatafl_opt,1,l_per,22.6
1772028691,live555,chatafl_opt,1,l_abs,5386
1772028691,live555,chatafl_opt,1,b_per,13.3
1772028691,live555,chatafl_opt,1,b_abs,2465
1772028691,live555,chatafl_opt,1,l_per,22.6
1772028691,live555,chatafl_opt,1,l_abs,5386
1772028691,live555,chatafl_opt,1,b_per,13.3
1772028691,live555,chatafl_opt,1,b_abs,2465
1772028691,live555,chatafl_opt,1,l_per,22.6
1772028691,live555,chatafl_opt,1,l_abs,5386
1772028691,live555,chatafl_opt,1,b_per,13.3
1772028691,live555,chatafl_opt,1,b_abs,2465
1772028691,live555,chatafl_opt,1,l_per,22.6
1772028691,live555,chatafl_opt,1,l_abs,5386
1772028691,live555,chatafl_opt,1,b_per,13.3
1772028691,live555,chatafl_opt,1,b_abs,2465
1772028691,live555,chatafl_opt,1,l_per,22.6
1772028691,live555,chatafl_opt,1,l_abs,5386
1772028691,live555,chatafl_opt,1,b_per,13.3
1772028691,live555,chatafl_opt,1,b_abs,2465
1772028691,live555,chatafl_opt,1,l_per,22.6
1772028691,live555,chatafl_opt,1,l_abs,5386
1772028691,live555,chatafl_opt,1,b_per,13.3
1772028691,live555,chatafl_opt,1,b_abs,2465
1772028692,live555,chatafl_opt,1,l_per,22.6
1772028692,live555,chatafl_opt,1,l_abs,5386
1772028692,live555,chatafl_opt,1,b_per,13.3
1772028692,live555,chatafl_opt,1,b_abs,2465
1772028692,live555,chatafl_opt,1,l_per,22.6
1772028692,live555,chatafl_opt,1,l_abs,5386
1772028692,live555,chatafl_opt,1,b_per,13.3
1772028692,live555,chatafl_opt,1,b_abs,2465
1772028692,live555,chatafl_opt,1,l_per,22.6
1772028692,live555,chatafl_opt,1,l_abs,5386
1772028692,live555,chatafl_opt,1,b_per,13.3
1772028692,live555,chatafl_opt,1,b_abs,2465
1772028692,live555,chatafl_opt,1,l_per,22.6
1772028692,live555,chatafl_opt,1,l_abs,5386
1772028692,live555,chatafl_opt,1,b_per,13.3
1772028692,live555,chatafl_opt,1,b_abs,2465
1772028692,live555,chatafl_opt,1,l_per,22.6
1772028692,live555,chatafl_opt,1,l_abs,5386
1772028692,live555,chatafl_opt,1,b_per,13.3
1772028692,live555,chatafl_opt,1,b_abs,2465
1772028693,live555,chatafl_opt,1,l_per,22.6
1772028693,live555,chatafl_opt,1,l_abs,5386
1772028693,live555,chatafl_opt,1,b_per,13.3
1772028693,live555,chatafl_opt,1,b_abs,2465
1772028693,live555,chatafl_opt,1,l_per,22.6
1772028693,live555,chatafl_opt,1,l_abs,5386
1772028693,live555,chatafl_opt,1,b_per,13.3
1772028693,live555,chatafl_opt,1,b_abs,2465
1772028693,live555,chatafl_opt,1,l_per,22.6
1772028693,live555,chatafl_opt,1,l_abs,5386
1772028693,live555,chatafl_opt,1,b_per,13.3
1772028693,live555,chatafl_opt,1,b_abs,2465
1772028693,live555,chatafl_opt,1,l_per,22.6
1772028693,live555,chatafl_opt,1,l_abs,5386
1772028693,live555,chatafl_opt,1,b_per,13.3
1772028693,live555,chatafl_opt,1,b_abs,2465
1772028693,live555,chatafl_opt,1,l_per,22.6
1772028693,live555,chatafl_opt,1,l_abs,5386
1772028693,live555,chatafl_opt,1,b_per,13.3
1772028693,live555,chatafl_opt,1,b_abs,2465
1772028693,live555,chatafl_opt,1,l_per,22.6
1772028693,live555,chatafl_opt,1,l_abs,5386
1772028693,live555,chatafl_opt,1,b_per,13.3
1772028693,live555,chatafl_opt,1,b_abs,2465
1772028694,live555,chatafl_opt,1,l_per,22.6
1772028694,live555,chatafl_opt,1,l_abs,5386
1772028694,live555,chatafl_opt,1,b_per,13.3
1772028694,live555,chatafl_opt,1,b_abs,2465
1772028694,live555,chatafl_opt,1,l_per,22.6
1772028694,live555,chatafl_opt,1,l_abs,5386
1772028694,live555,chatafl_opt,1,b_per,13.3
1772028694,live555,chatafl_opt,1,b_abs,2465
1772028694,live555,chatafl_opt,1,l_per,22.6
1772028694,live555,chatafl_opt,1,l_abs,5386
1772028694,live555,chatafl_opt,1,b_per,13.3
1772028694,live555,chatafl_opt,1,b_abs,2465
1772028694,live555,chatafl_opt,1,l_per,22.6
1772028694,live555,chatafl_opt,1,l_abs,5386
1772028694,live555,chatafl_opt,1,b_per,13.3
1772028694,live555,chatafl_opt,1,b_abs,2465
1772028694,live555,chatafl_opt,1,l_per,22.6
1772028694,live555,chatafl_opt,1,l_abs,5386
1772028694,live555,chatafl_opt,1,b_per,13.3
1772028694,live555,chatafl_opt,1,b_abs,2465
1772028694,live555,chatafl_opt,1,l_per,22.6
1772028694,live555,chatafl_opt,1,l_abs,5386
1772028694,live555,chatafl_opt,1,b_per,13.3
1772028694,live555,chatafl_opt,1,b_abs,2465
1772028695,live555,chatafl_opt,1,l_per,22.6
1772028695,live555,chatafl_opt,1,l_abs,5386
1772028695,live555,chatafl_opt,1,b_per,13.3
1772028695,live555,chatafl_opt,1,b_abs,2465
1772028695,live555,chatafl_opt,1,l_per,22.6
1772028695,live555,chatafl_opt,1,l_abs,5386
1772028695,live555,chatafl_opt,1,b_per,13.3
1772028695,live555,chatafl_opt,1,b_abs,2465
1772028695,live555,chatafl_opt,1,l_per,22.6
1772028695,live555,chatafl_opt,1,l_abs,5386
1772028695,live555,chatafl_opt,1,b_per,13.3
1772028695,live555,chatafl_opt,1,b_abs,2465
1772028695,live555,chatafl_opt,1,l_per,22.6
1772028695,live555,chatafl_opt,1,l_abs,5386
1772028695,live555,chatafl_opt,1,b_per,13.3
1772028695,live555,chatafl_opt,1,b_abs,2465
1772028695,live555,chatafl_opt,1,l_per,22.6
1772028695,live555,chatafl_opt,1,l_abs,5386
1772028695,live555,chatafl_opt,1,b_per,13.3
1772028695,live555,chatafl_opt,1,b_abs,2465
1772028695,live555,chatafl_opt,1,l_per,22.6
1772028695,live555,chatafl_opt,1,l_abs,5386
1772028695,live555,chatafl_opt,1,b_per,13.3
1772028695,live555,chatafl_opt,1,b_abs,2465
1772028696,live555,chatafl_opt,1,l_per,22.6
1772028696,live555,chatafl_opt,1,l_abs,5386
1772028696,live555,chatafl_opt,1,b_per,13.3
1772028696,live555,chatafl_opt,1,b_abs,2465
1772028696,live555,chatafl_opt,1,l_per,22.6
1772028696,live555,chatafl_opt,1,l_abs,5386
1772028696,live555,chatafl_opt,1,b_per,13.3
1772028696,live555,chatafl_opt,1,b_abs,2465
1772028696,live555,chatafl_opt,1,l_per,22.6
1772028696,live555,chatafl_opt,1,l_abs,5386
1772028696,live555,chatafl_opt,1,b_per,13.3
1772028696,live555,chatafl_opt,1,b_abs,2465
1772028696,live555,chatafl_opt,1,l_per,22.6
1772028696,live555,chatafl_opt,1,l_abs,5386
1772028696,live555,chatafl_opt,1,b_per,13.3
1772028696,live555,chatafl_opt,1,b_abs,2465
1772028696,live555,chatafl_opt,1,l_per,22.6
1772028696,live555,chatafl_opt,1,l_abs,5386
1772028696,live555,chatafl_opt,1,b_per,13.3
1772028696,live555,chatafl_opt,1,b_abs,2465
1772028696,live555,chatafl_opt,1,l_per,22.6
1772028696,live555,chatafl_opt,1,l_abs,5386
1772028696,live555,chatafl_opt,1,b_per,13.3
1772028696,live555,chatafl_opt,1,b_abs,2465
1772028697,live555,chatafl_opt,1,l_per,22.6
1772028697,live555,chatafl_opt,1,l_abs,5386
1772028697,live555,chatafl_opt,1,b_per,13.3
1772028697,live555,chatafl_opt,1,b_abs,2465
1772028697,live555,chatafl_opt,1,l_per,22.6
1772028697,live555,chatafl_opt,1,l_abs,5386
1772028697,live555,chatafl_opt,1,b_per,13.3
1772028697,live555,chatafl_opt,1,b_abs,2465
1772028697,live555,chatafl_opt,1,l_per,22.6
1772028697,live555,chatafl_opt,1,l_abs,5386
1772028697,live555,chatafl_opt,1,b_per,13.3
1772028697,live555,chatafl_opt,1,b_abs,2465
1772028697,live555,chatafl_opt,1,l_per,22.6
1772028697,live555,chatafl_opt,1,l_abs,5386
1772028697,live555,chatafl_opt,1,b_per,13.3
1772028697,live555,chatafl_opt,1,b_abs,2465
1772028697,live555,chatafl_opt,1,l_per,22.6
1772028697,live555,chatafl_opt,1,l_abs,5386
1772028697,live555,chatafl_opt,1,b_per,13.3
1772028697,live555,chatafl_opt,1,b_abs,2465
1772028698,live555,chatafl_opt,1,l_per,22.6
1772028698,live555,chatafl_opt,1,l_abs,5386
1772028698,live555,chatafl_opt,1,b_per,13.3
1772028698,live555,chatafl_opt,1,b_abs,2465
1772028698,live555,chatafl_opt,1,l_per,22.6
1772028698,live555,chatafl_opt,1,l_abs,5386
1772028698,live555,chatafl_opt,1,b_per,13.3
1772028698,live555,chatafl_opt,1,b_abs,2465
1772028698,live555,chatafl_opt,1,l_per,22.6
1772028698,live555,chatafl_opt,1,l_abs,5386
1772028698,live555,chatafl_opt,1,b_per,13.3
1772028698,live555,chatafl_opt,1,b_abs,2465
1772028698,live555,chatafl_opt,1,l_per,22.6
1772028698,live555,chatafl_opt,1,l_abs,5386
1772028698,live555,chatafl_opt,1,b_per,13.3
1772028698,live555,chatafl_opt,1,b_abs,2465
1772028698,live555,chatafl_opt,1,l_per,22.6
1772028698,live555,chatafl_opt,1,l_abs,5386
1772028698,live555,chatafl_opt,1,b_per,13.3
1772028698,live555,chatafl_opt,1,b_abs,2465
1772028698,live555,chatafl_opt,1,l_per,22.6
1772028698,live555,chatafl_opt,1,l_abs,5386
1772028698,live555,chatafl_opt,1,b_per,13.3
1772028698,live555,chatafl_opt,1,b_abs,2465
1772028699,live555,chatafl_opt,1,l_per,22.6
1772028699,live555,chatafl_opt,1,l_abs,5386
1772028699,live555,chatafl_opt,1,b_per,13.3
1772028699,live555,chatafl_opt,1,b_abs,2465
1772028699,live555,chatafl_opt,1,l_per,22.6
1772028699,live555,chatafl_opt,1,l_abs,5386
1772028699,live555,chatafl_opt,1,b_per,13.3
1772028699,live555,chatafl_opt,1,b_abs,2465
1772028699,live555,chatafl_opt,1,l_per,22.6
1772028699,live555,chatafl_opt,1,l_abs,5386
1772028699,live555,chatafl_opt,1,b_per,13.3
1772028699,live555,chatafl_opt,1,b_abs,2465
1772028699,live555,chatafl_opt,1,l_per,22.6
1772028699,live555,chatafl_opt,1,l_abs,5386
1772028699,live555,chatafl_opt,1,b_per,13.3
1772028699,live555,chatafl_opt,1,b_abs,2465
1772028699,live555,chatafl_opt,1,l_per,22.6
1772028699,live555,chatafl_opt,1,l_abs,5386
1772028699,live555,chatafl_opt,1,b_per,13.3
1772028699,live555,chatafl_opt,1,b_abs,2465
1772028699,live555,chatafl_opt,1,l_per,22.6
1772028699,live555,chatafl_opt,1,l_abs,5386
1772028699,live555,chatafl_opt,1,b_per,13.3
1772028699,live555,chatafl_opt,1,b_abs,2465
1772028700,live555,chatafl_opt,1,l_per,22.6
1772028700,live555,chatafl_opt,1,l_abs,5386
1772028700,live555,chatafl_opt,1,b_per,13.3
1772028700,live555,chatafl_opt,1,b_abs,2465
1772028700,live555,chatafl_opt,1,l_per,22.6
1772028700,live555,chatafl_opt,1,l_abs,5386
1772028700,live555,chatafl_opt,1,b_per,13.3
1772028700,live555,chatafl_opt,1,b_abs,2465
1772028700,live555,chatafl_opt,1,l_per,22.6
1772028700,live555,chatafl_opt,1,l_abs,5386
1772028700,live555,chatafl_opt,1,b_per,13.3
1772028700,live555,chatafl_opt,1,b_abs,2465
1772028700,live555,chatafl_opt,1,l_per,22.6
1772028700,live555,chatafl_opt,1,l_abs,5386
1772028700,live555,chatafl_opt,1,b_per,13.3
1772028700,live555,chatafl_opt,1,b_abs,2465
1772028700,live555,chatafl_opt,1,l_per,22.6
1772028700,live555,chatafl_opt,1,l_abs,5386
1772028700,live555,chatafl_opt,1,b_per,13.3
1772028700,live555,chatafl_opt,1,b_abs,2465
1772028700,live555,chatafl_opt,1,l_per,22.6
1772028700,live555,chatafl_opt,1,l_abs,5386
1772028700,live555,chatafl_opt,1,b_per,13.3
1772028700,live555,chatafl_opt,1,b_abs,2465
1772028701,live555,chatafl_opt,1,l_per,22.6
1772028701,live555,chatafl_opt,1,l_abs,5386
1772028701,live555,chatafl_opt,1,b_per,13.3
1772028701,live555,chatafl_opt,1,b_abs,2465
1772028701,live555,chatafl_opt,1,l_per,22.6
1772028701,live555,chatafl_opt,1,l_abs,5386
1772028701,live555,chatafl_opt,1,b_per,13.3
1772028701,live555,chatafl_opt,1,b_abs,2465
1772028701,live555,chatafl_opt,1,l_per,22.6
1772028701,live555,chatafl_opt,1,l_abs,5386
1772028701,live555,chatafl_opt,1,b_per,13.3
1772028701,live555,chatafl_opt,1,b_abs,2465
1772028701,live555,chatafl_opt,1,l_per,22.6
1772028701,live555,chatafl_opt,1,l_abs,5386
1772028701,live555,chatafl_opt,1,b_per,13.3
1772028701,live555,chatafl_opt,1,b_abs,2465
1772028701,live555,chatafl_opt,1,l_per,22.6
1772028701,live555,chatafl_opt,1,l_abs,5386
1772028701,live555,chatafl_opt,1,b_per,13.3
1772028701,live555,chatafl_opt,1,b_abs,2465
1772028701,live555,chatafl_opt,1,l_per,22.6
1772028701,live555,chatafl_opt,1,l_abs,5386
1772028701,live555,chatafl_opt,1,b_per,13.3
1772028701,live555,chatafl_opt,1,b_abs,2465
1772028702,live555,chatafl_opt,1,l_per,22.6
1772028702,live555,chatafl_opt,1,l_abs,5386
1772028702,live555,chatafl_opt,1,b_per,13.3
1772028702,live555,chatafl_opt,1,b_abs,2465
1772028702,live555,chatafl_opt,1,l_per,22.6
1772028702,live555,chatafl_opt,1,l_abs,5386
1772028702,live555,chatafl_opt,1,b_per,13.3
1772028702,live555,chatafl_opt,1,b_abs,2465
1772028702,live555,chatafl_opt,1,l_per,22.6
1772028702,live555,chatafl_opt,1,l_abs,5386
1772028702,live555,chatafl_opt,1,b_per,13.3
1772028702,live555,chatafl_opt,1,b_abs,2465
1772028702,live555,chatafl_opt,1,l_per,22.6
1772028702,live555,chatafl_opt,1,l_abs,5386
1772028702,live555,chatafl_opt,1,b_per,13.3
1772028702,live555,chatafl_opt,1,b_abs,2465
1772028702,live555,chatafl_opt,1,l_per,22.6
1772028702,live555,chatafl_opt,1,l_abs,5386
1772028702,live555,chatafl_opt,1,b_per,13.3
1772028702,live555,chatafl_opt,1,b_abs,2465
1772028702,live555,chatafl_opt,1,l_per,22.6
1772028702,live555,chatafl_opt,1,l_abs,5386
1772028702,live555,chatafl_opt,1,b_per,13.3
1772028702,live555,chatafl_opt,1,b_abs,2465
1772028703,live555,chatafl_opt,1,l_per,22.6
1772028703,live555,chatafl_opt,1,l_abs,5386
1772028703,live555,chatafl_opt,1,b_per,13.3
1772028703,live555,chatafl_opt,1,b_abs,2465
1772028703,live555,chatafl_opt,1,l_per,22.6
1772028703,live555,chatafl_opt,1,l_abs,5386
1772028703,live555,chatafl_opt,1,b_per,13.3
1772028703,live555,chatafl_opt,1,b_abs,2465
1772028703,live555,chatafl_opt,1,l_per,22.6
1772028703,live555,chatafl_opt,1,l_abs,5386
1772028703,live555,chatafl_opt,1,b_per,13.3
1772028703,live555,chatafl_opt,1,b_abs,2465
1772028703,live555,chatafl_opt,1,l_per,22.6
1772028703,live555,chatafl_opt,1,l_abs,5386
1772028703,live555,chatafl_opt,1,b_per,13.3
1772028703,live555,chatafl_opt,1,b_abs,2465
1772028703,live555,chatafl_opt,1,l_per,22.6
1772028703,live555,chatafl_opt,1,l_abs,5386
1772028703,live555,chatafl_opt,1,b_per,13.3
1772028703,live555,chatafl_opt,1,b_abs,2465
1772028704,live555,chatafl_opt,1,l_per,22.6
1772028704,live555,chatafl_opt,1,l_abs,5386
1772028704,live555,chatafl_opt,1,b_per,13.3
1772028704,live555,chatafl_opt,1,b_abs,2465
1772028704,live555,chatafl_opt,1,l_per,22.6
1772028704,live555,chatafl_opt,1,l_abs,5386
1772028704,live555,chatafl_opt,1,b_per,13.3
1772028704,live555,chatafl_opt,1,b_abs,2465
1772028704,live555,chatafl_opt,1,l_per,22.6
1772028704,live555,chatafl_opt,1,l_abs,5386
1772028704,live555,chatafl_opt,1,b_per,13.3
1772028704,live555,chatafl_opt,1,b_abs,2465
1772028704,live555,chatafl_opt,1,l_per,22.6
1772028704,live555,chatafl_opt,1,l_abs,5386
1772028704,live555,chatafl_opt,1,b_per,13.3
1772028704,live555,chatafl_opt,1,b_abs,2465
1772028704,live555,chatafl_opt,1,l_per,22.6
1772028704,live555,chatafl_opt,1,l_abs,5386
1772028704,live555,chatafl_opt,1,b_per,13.3
1772028704,live555,chatafl_opt,1,b_abs,2465
1772028704,live555,chatafl_opt,1,l_per,22.6
1772028704,live555,chatafl_opt,1,l_abs,5386
1772028704,live555,chatafl_opt,1,b_per,13.3
1772028704,live555,chatafl_opt,1,b_abs,2465
1772028705,live555,chatafl_opt,1,l_per,22.6
1772028705,live555,chatafl_opt,1,l_abs,5386
1772028705,live555,chatafl_opt,1,b_per,13.3
1772028705,live555,chatafl_opt,1,b_abs,2465
1772028705,live555,chatafl_opt,1,l_per,22.6
1772028705,live555,chatafl_opt,1,l_abs,5386
1772028705,live555,chatafl_opt,1,b_per,13.3
1772028705,live555,chatafl_opt,1,b_abs,2465
1772028706,live555,chatafl_opt,1,l_per,22.6
1772028706,live555,chatafl_opt,1,l_abs,5386
1772028706,live555,chatafl_opt,1,b_per,13.3
1772028706,live555,chatafl_opt,1,b_abs,2465
1772028708,live555,chatafl_opt,1,l_per,22.6
1772028708,live555,chatafl_opt,1,l_abs,5386
1772028708,live555,chatafl_opt,1,b_per,13.3
1772028708,live555,chatafl_opt,1,b_abs,2465
1772028710,live555,chatafl_opt,1,l_per,22.6
1772028710,live555,chatafl_opt,1,l_abs,5386
1772028710,live555,chatafl_opt,1,b_per,13.3
1772028710,live555,chatafl_opt,1,b_abs,2465
1772028712,live555,chatafl_opt,1,l_per,22.6
1772028712,live555,chatafl_opt,1,l_abs,5386
1772028712,live555,chatafl_opt,1,b_per,13.3
1772028712,live555,chatafl_opt,1,b_abs,2465
1772028714,live555,chatafl_opt,1,l_per,22.6
1772028714,live555,chatafl_opt,1,l_abs,5386
1772028714,live555,chatafl_opt,1,b_per,13.3
1772028714,live555,chatafl_opt,1,b_abs,2465
1772028716,live555,chatafl_opt,1,l_per,22.6
1772028716,live555,chatafl_opt,1,l_abs,5389
1772028716,live555,chatafl_opt,1,b_per,13.3
1772028716,live555,chatafl_opt,1,b_abs,2466
1772028718,live555,chatafl_opt,1,l_per,22.6
1772028718,live555,chatafl_opt,1,l_abs,5389
1772028718,live555,chatafl_opt,1,b_per,13.3
1772028718,live555,chatafl_opt,1,b_abs,2466
1772028767,live555,chatafl_opt,1,l_per,22.6
1772028767,live555,chatafl_opt,1,l_abs,5389
1772028767,live555,chatafl_opt,1,b_per,13.3
1772028767,live555,chatafl_opt,1,b_abs,2467
1772028767,live555,chatafl_opt,1,l_per,22.6
1772028767,live555,chatafl_opt,1,l_abs,5389
1772028767,live555,chatafl_opt,1,b_per,13.3
1772028767,live555,chatafl_opt,1,b_abs,2468
1772028767,live555,chatafl_opt,1,l_per,22.6
1772028767,live555,chatafl_opt,1,l_abs,5390
1772028767,live555,chatafl_opt,1,b_per,13.4
1772028767,live555,chatafl_opt,1,b_abs,2476
1772028770,live555,chatafl_opt,1,l_per,22.6
1772028770,live555,chatafl_opt,1,l_abs,5390
1772028770,live555,chatafl_opt,1,b_per,13.4
1772028770,live555,chatafl_opt,1,b_abs,2476
1772028771,live555,chatafl_opt,1,l_per,22.6
1772028771,live555,chatafl_opt,1,l_abs,5390
1772028771,live555,chatafl_opt,1,b_per,13.4
1772028771,live555,chatafl_opt,1,b_abs,2476
1772028771,live555,chatafl_opt,1,l_per,22.6
1772028771,live555,chatafl_opt,1,l_abs,5390
1772028771,live555,chatafl_opt,1,b_per,13.4
1772028771,live555,chatafl_opt,1,b_abs,2476
1772028771,live555,chatafl_opt,1,l_per,22.6
1772028771,live555,chatafl_opt,1,l_abs,5390
1772028771,live555,chatafl_opt,1,b_per,13.4
1772028771,live555,chatafl_opt,1,b_abs,2476
1772028771,live555,chatafl_opt,1,l_per,22.6
1772028771,live555,chatafl_opt,1,l_abs,5390
1772028771,live555,chatafl_opt,1,b_per,13.4
1772028771,live555,chatafl_opt,1,b_abs,2476
1772028772,live555,chatafl_opt,1,l_per,22.6
1772028772,live555,chatafl_opt,1,l_abs,5390
1772028772,live555,chatafl_opt,1,b_per,13.4
1772028772,live555,chatafl_opt,1,b_abs,2476
1772028772,live555,chatafl_opt,1,l_per,22.6
1772028772,live555,chatafl_opt,1,l_abs,5390
1772028772,live555,chatafl_opt,1,b_per,13.4
1772028772,live555,chatafl_opt,1,b_abs,2476
1772028773,live555,chatafl_opt,1,l_per,22.6
1772028773,live555,chatafl_opt,1,l_abs,5390
1772028773,live555,chatafl_opt,1,b_per,13.4
1772028773,live555,chatafl_opt,1,b_abs,2477
1772028774,live555,chatafl_opt,1,l_per,22.6
1772028774,live555,chatafl_opt,1,l_abs,5390
1772028774,live555,chatafl_opt,1,b_per,13.4
1772028774,live555,chatafl_opt,1,b_abs,2477
1772028774,live555,chatafl_opt,1,l_per,22.6
1772028774,live555,chatafl_opt,1,l_abs,5390
1772028774,live555,chatafl_opt,1,b_per,13.4
1772028774,live555,chatafl_opt,1,b_abs,2478
1772028774,live555,chatafl_opt,1,l_per,22.6
1772028774,live555,chatafl_opt,1,l_abs,5390
1772028774,live555,chatafl_opt,1,b_per,13.4
1772028774,live555,chatafl_opt,1,b_abs,2478
1772028775,live555,chatafl_opt,1,l_per,22.6
1772028775,live555,chatafl_opt,1,l_abs,5390
1772028775,live555,chatafl_opt,1,b_per,13.4
1772028775,live555,chatafl_opt,1,b_abs,2478
1772028776,live555,chatafl_opt,1,l_per,22.6
1772028776,live555,chatafl_opt,1,l_abs,5390
1772028776,live555,chatafl_opt,1,b_per,13.4
1772028776,live555,chatafl_opt,1,b_abs,2478
1772028776,live555,chatafl_opt,1,l_per,22.6
1772028776,live555,chatafl_opt,1,l_abs,5390
1772028776,live555,chatafl_opt,1,b_per,13.4
1772028776,live555,chatafl_opt,1,b_abs,2480
1772028777,live555,chatafl_opt,1,l_per,22.6
1772028777,live555,chatafl_opt,1,l_abs,5390
1772028777,live555,chatafl_opt,1,b_per,13.4
1772028777,live555,chatafl_opt,1,b_abs,2480
1772028777,live555,chatafl_opt,1,l_per,22.6
1772028777,live555,chatafl_opt,1,l_abs,5390
1772028777,live555,chatafl_opt,1,b_per,13.4
1772028777,live555,chatafl_opt,1,b_abs,2480
1772028777,live555,chatafl_opt,1,l_per,22.6
1772028777,live555,chatafl_opt,1,l_abs,5390
1772028777,live555,chatafl_opt,1,b_per,13.4
1772028777,live555,chatafl_opt,1,b_abs,2480
1772028778,live555,chatafl_opt,1,l_per,22.6
1772028778,live555,chatafl_opt,1,l_abs,5390
1772028778,live555,chatafl_opt,1,b_per,13.4
1772028778,live555,chatafl_opt,1,b_abs,2481
1772028779,live555,chatafl_opt,1,l_per,22.6
1772028779,live555,chatafl_opt,1,l_abs,5390
1772028779,live555,chatafl_opt,1,b_per,13.4
1772028779,live555,chatafl_opt,1,b_abs,2481
1772028779,live555,chatafl_opt,1,l_per,22.6
1772028779,live555,chatafl_opt,1,l_abs,5394
1772028779,live555,chatafl_opt,1,b_per,13.4
1772028779,live555,chatafl_opt,1,b_abs,2483
1772028780,live555,chatafl_opt,1,l_per,22.7
1772028780,live555,chatafl_opt,1,l_abs,5403
1772028780,live555,chatafl_opt,1,b_per,13.4
1772028780,live555,chatafl_opt,1,b_abs,2489
1772028781,live555,chatafl_opt,1,l_per,22.7
1772028781,live555,chatafl_opt,1,l_abs,5403
1772028781,live555,chatafl_opt,1,b_per,13.4
1772028781,live555,chatafl_opt,1,b_abs,2489
1772028781,live555,chatafl_opt,1,l_per,22.7
1772028781,live555,chatafl_opt,1,l_abs,5403
1772028781,live555,chatafl_opt,1,b_per,13.4
1772028781,live555,chatafl_opt,1,b_abs,2489
1772028782,live555,chatafl_opt,1,l_per,22.7
1772028782,live555,chatafl_opt,1,l_abs,5403
1772028782,live555,chatafl_opt,1,b_per,13.4
1772028782,live555,chatafl_opt,1,b_abs,2489
1772028782,live555,chatafl_opt,1,l_per,22.7
1772028782,live555,chatafl_opt,1,l_abs,5403
1772028782,live555,chatafl_opt,1,b_per,13.4
1772028782,live555,chatafl_opt,1,b_abs,2489
1772028783,live555,chatafl_opt,1,l_per,22.7
1772028783,live555,chatafl_opt,1,l_abs,5403
1772028783,live555,chatafl_opt,1,b_per,13.5
1772028783,live555,chatafl_opt,1,b_abs,2492
1772028784,live555,chatafl_opt,1,l_per,22.7
1772028784,live555,chatafl_opt,1,l_abs,5403
1772028784,live555,chatafl_opt,1,b_per,13.5
1772028784,live555,chatafl_opt,1,b_abs,2492
1772028784,live555,chatafl_opt,1,l_per,22.7
1772028784,live555,chatafl_opt,1,l_abs,5403
1772028784,live555,chatafl_opt,1,b_per,13.5
1772028784,live555,chatafl_opt,1,b_abs,2492
1772028785,live555,chatafl_opt,1,l_per,22.7
1772028785,live555,chatafl_opt,1,l_abs,5403
1772028785,live555,chatafl_opt,1,b_per,13.5
1772028785,live555,chatafl_opt,1,b_abs,2492
1772028786,live555,chatafl_opt,1,l_per,22.7
1772028786,live555,chatafl_opt,1,l_abs,5403
1772028786,live555,chatafl_opt,1,b_per,13.5
1772028786,live555,chatafl_opt,1,b_abs,2492
1772028786,live555,chatafl_opt,1,l_per,22.7
1772028786,live555,chatafl_opt,1,l_abs,5403
1772028786,live555,chatafl_opt,1,b_per,13.5
1772028786,live555,chatafl_opt,1,b_abs,2492
1772028788,live555,chatafl_opt,1,l_per,22.7
1772028788,live555,chatafl_opt,1,l_abs,5403
1772028788,live555,chatafl_opt,1,b_per,13.5
1772028788,live555,chatafl_opt,1,b_abs,2492
1772028789,live555,chatafl_opt,1,l_per,22.7
1772028789,live555,chatafl_opt,1,l_abs,5403
1772028789,live555,chatafl_opt,1,b_per,13.5
1772028789,live555,chatafl_opt,1,b_abs,2492
1772028789,live555,chatafl_opt,1,l_per,22.7
1772028789,live555,chatafl_opt,1,l_abs,5404
1772028789,live555,chatafl_opt,1,b_per,13.5
1772028789,live555,chatafl_opt,1,b_abs,2493
1772028790,live555,chatafl_opt,1,l_per,22.7
1772028790,live555,chatafl_opt,1,l_abs,5404
1772028790,live555,chatafl_opt,1,b_per,13.5
1772028790,live555,chatafl_opt,1,b_abs,2493
1772028791,live555,chatafl_opt,1,l_per,22.7
1772028791,live555,chatafl_opt,1,l_abs,5404
1772028791,live555,chatafl_opt,1,b_per,13.5
1772028791,live555,chatafl_opt,1,b_abs,2493
1772028791,live555,chatafl_opt,1,l_per,22.7
1772028791,live555,chatafl_opt,1,l_abs,5422
1772028791,live555,chatafl_opt,1,b_per,13.5
1772028791,live555,chatafl_opt,1,b_abs,2502
1772028792,live555,chatafl_opt,1,l_per,22.7
1772028792,live555,chatafl_opt,1,l_abs,5422
1772028792,live555,chatafl_opt,1,b_per,13.5
1772028792,live555,chatafl_opt,1,b_abs,2502
1772028792,live555,chatafl_opt,1,l_per,22.7
1772028792,live555,chatafl_opt,1,l_abs,5422
1772028792,live555,chatafl_opt,1,b_per,13.5
1772028792,live555,chatafl_opt,1,b_abs,2502
1772028793,live555,chatafl_opt,1,l_per,22.7
1772028793,live555,chatafl_opt,1,l_abs,5422
1772028793,live555,chatafl_opt,1,b_per,13.5
1772028793,live555,chatafl_opt,1,b_abs,2503
1772028794,live555,chatafl_opt,1,l_per,22.7
1772028794,live555,chatafl_opt,1,l_abs,5422
1772028794,live555,chatafl_opt,1,b_per,13.5
1772028794,live555,chatafl_opt,1,b_abs,2503
1772028794,live555,chatafl_opt,1,l_per,22.7
1772028794,live555,chatafl_opt,1,l_abs,5422
1772028794,live555,chatafl_opt,1,b_per,13.5
1772028794,live555,chatafl_opt,1,b_abs,2503
1772028797,live555,chatafl_opt,1,l_per,22.7
1772028797,live555,chatafl_opt,1,l_abs,5422
1772028797,live555,chatafl_opt,1,b_per,13.5
1772028797,live555,chatafl_opt,1,b_abs,2503
1772028798,live555,chatafl_opt,1,l_per,22.7
1772028798,live555,chatafl_opt,1,l_abs,5422
1772028798,live555,chatafl_opt,1,b_per,13.5
1772028798,live555,chatafl_opt,1,b_abs,2503
1772028798,live555,chatafl_opt,1,l_per,22.7
1772028798,live555,chatafl_opt,1,l_abs,5422
1772028798,live555,chatafl_opt,1,b_per,13.5
1772028798,live555,chatafl_opt,1,b_abs,2503
1772028800,live555,chatafl_opt,1,l_per,22.7
1772028800,live555,chatafl_opt,1,l_abs,5422
1772028800,live555,chatafl_opt,1,b_per,13.5
1772028800,live555,chatafl_opt,1,b_abs,2503
1772028802,live555,chatafl_opt,1,l_per,22.7
1772028802,live555,chatafl_opt,1,l_abs,5422
1772028802,live555,chatafl_opt,1,b_per,13.5
1772028802,live555,chatafl_opt,1,b_abs,2503
1772028802,live555,chatafl_opt,1,l_per,22.7
1772028802,live555,chatafl_opt,1,l_abs,5422
1772028802,live555,chatafl_opt,1,b_per,13.5
1772028802,live555,chatafl_opt,1,b_abs,2503
1772028802,live555,chatafl_opt,1,l_per,22.7
1772028802,live555,chatafl_opt,1,l_abs,5422
1772028802,live555,chatafl_opt,1,b_per,13.5
1772028802,live555,chatafl_opt,1,b_abs,2503
1772028803,live555,chatafl_opt,1,l_per,22.7
1772028803,live555,chatafl_opt,1,l_abs,5422
1772028803,live555,chatafl_opt,1,b_per,13.5
1772028803,live555,chatafl_opt,1,b_abs,2503
1772028804,live555,chatafl_opt,1,l_per,22.7
1772028804,live555,chatafl_opt,1,l_abs,5422
1772028804,live555,chatafl_opt,1,b_per,13.5
1772028804,live555,chatafl_opt,1,b_abs,2504
1772028804,live555,chatafl_opt,1,l_per,22.7
1772028804,live555,chatafl_opt,1,l_abs,5422
1772028804,live555,chatafl_opt,1,b_per,13.5
1772028804,live555,chatafl_opt,1,b_abs,2505
1772028804,live555,chatafl_opt,1,l_per,22.7
1772028804,live555,chatafl_opt,1,l_abs,5422
1772028804,live555,chatafl_opt,1,b_per,13.5
1772028804,live555,chatafl_opt,1,b_abs,2505
1772028806,live555,chatafl_opt,1,l_per,22.7
1772028806,live555,chatafl_opt,1,l_abs,5422
1772028806,live555,chatafl_opt,1,b_per,13.5
1772028806,live555,chatafl_opt,1,b_abs,2506
1772028806,live555,chatafl_opt,1,l_per,22.7
1772028806,live555,chatafl_opt,1,l_abs,5422
1772028806,live555,chatafl_opt,1,b_per,13.5
1772028806,live555,chatafl_opt,1,b_abs,2506
1772028807,live555,chatafl_opt,1,l_per,22.7
1772028807,live555,chatafl_opt,1,l_abs,5422
1772028807,live555,chatafl_opt,1,b_per,13.5
1772028807,live555,chatafl_opt,1,b_abs,2506
1772028807,live555,chatafl_opt,1,l_per,22.7
1772028807,live555,chatafl_opt,1,l_abs,5422
1772028807,live555,chatafl_opt,1,b_per,13.6
1772028807,live555,chatafl_opt,1,b_abs,2510
1772028808,live555,chatafl_opt,1,l_per,22.7
1772028808,live555,chatafl_opt,1,l_abs,5422
1772028808,live555,chatafl_opt,1,b_per,13.6
1772028808,live555,chatafl_opt,1,b_abs,2510
1772028809,live555,chatafl_opt,1,l_per,22.7
1772028809,live555,chatafl_opt,1,l_abs,5422
1772028809,live555,chatafl_opt,1,b_per,13.6
1772028809,live555,chatafl_opt,1,b_abs,2510
1772028810,live555,chatafl_opt,1,l_per,22.7
1772028810,live555,chatafl_opt,1,l_abs,5422
1772028810,live555,chatafl_opt,1,b_per,13.6
1772028810,live555,chatafl_opt,1,b_abs,2510
1772028811,live555,chatafl_opt,1,l_per,22.7
1772028811,live555,chatafl_opt,1,l_abs,5422
1772028811,live555,chatafl_opt,1,b_per,13.6
1772028811,live555,chatafl_opt,1,b_abs,2510
1772028812,live555,chatafl_opt,1,l_per,22.7
1772028812,live555,chatafl_opt,1,l_abs,5422
1772028812,live555,chatafl_opt,1,b_per,13.6
1772028812,live555,chatafl_opt,1,b_abs,2510
1772028812,live555,chatafl_opt,1,l_per,22.7
1772028812,live555,chatafl_opt,1,l_abs,5422
1772028812,live555,chatafl_opt,1,b_per,13.6
1772028812,live555,chatafl_opt,1,b_abs,2510
1772028812,live555,chatafl_opt,1,l_per,22.7
1772028812,live555,chatafl_opt,1,l_abs,5422
1772028812,live555,chatafl_opt,1,b_per,13.6
1772028812,live555,chatafl_opt,1,b_abs,2510
1772028813,live555,chatafl_opt,1,l_per,22.7
1772028813,live555,chatafl_opt,1,l_abs,5422
1772028813,live555,chatafl_opt,1,b_per,13.6
1772028813,live555,chatafl_opt,1,b_abs,2511
1772028813,live555,chatafl_opt,1,l_per,22.7
1772028813,live555,chatafl_opt,1,l_abs,5422
1772028813,live555,chatafl_opt,1,b_per,13.6
1772028813,live555,chatafl_opt,1,b_abs,2511
1772028814,live555,chatafl_opt,1,l_per,22.7
1772028814,live555,chatafl_opt,1,l_abs,5422
1772028814,live555,chatafl_opt,1,b_per,13.6
1772028814,live555,chatafl_opt,1,b_abs,2511
1772028815,live555,chatafl_opt,1,l_per,22.7
1772028815,live555,chatafl_opt,1,l_abs,5422
1772028815,live555,chatafl_opt,1,b_per,13.6
1772028815,live555,chatafl_opt,1,b_abs,2511
1772028816,live555,chatafl_opt,1,l_per,22.7
1772028816,live555,chatafl_opt,1,l_abs,5422
1772028816,live555,chatafl_opt,1,b_per,13.6
1772028816,live555,chatafl_opt,1,b_abs,2511
1772028821,live555,chatafl_opt,1,l_per,22.7
1772028821,live555,chatafl_opt,1,l_abs,5422
1772028821,live555,chatafl_opt,1,b_per,13.6
1772028821,live555,chatafl_opt,1,b_abs,2511
1772028821,live555,chatafl_opt,1,l_per,22.7
1772028821,live555,chatafl_opt,1,l_abs,5422
1772028821,live555,chatafl_opt,1,b_per,13.6
1772028821,live555,chatafl_opt,1,b_abs,2511
1772028822,live555,chatafl_opt,1,l_per,22.7
1772028822,live555,chatafl_opt,1,l_abs,5422
1772028822,live555,chatafl_opt,1,b_per,13.6
1772028822,live555,chatafl_opt,1,b_abs,2514
1772028823,live555,chatafl_opt,1,l_per,22.7
1772028823,live555,chatafl_opt,1,l_abs,5422
1772028823,live555,chatafl_opt,1,b_per,13.6
1772028823,live555,chatafl_opt,1,b_abs,2514
1772028824,live555,chatafl_opt,1,l_per,22.7
1772028824,live555,chatafl_opt,1,l_abs,5422
1772028824,live555,chatafl_opt,1,b_per,13.6
1772028824,live555,chatafl_opt,1,b_abs,2514
1772028825,live555,chatafl_opt,1,l_per,22.7
1772028825,live555,chatafl_opt,1,l_abs,5422
1772028825,live555,chatafl_opt,1,b_per,13.6
1772028825,live555,chatafl_opt,1,b_abs,2514
1772028826,live555,chatafl_opt,1,l_per,22.7
1772028826,live555,chatafl_opt,1,l_abs,5422
1772028826,live555,chatafl_opt,1,b_per,13.6
1772028826,live555,chatafl_opt,1,b_abs,2514
1772028827,live555,chatafl_opt,1,l_per,22.7
1772028827,live555,chatafl_opt,1,l_abs,5422
1772028827,live555,chatafl_opt,1,b_per,13.6
1772028827,live555,chatafl_opt,1,b_abs,2514
1772028828,live555,chatafl_opt,1,l_per,22.7
1772028828,live555,chatafl_opt,1,l_abs,5425
1772028828,live555,chatafl_opt,1,b_per,13.6
1772028828,live555,chatafl_opt,1,b_abs,2517
1772028829,live555,chatafl_opt,1,l_per,22.7
1772028829,live555,chatafl_opt,1,l_abs,5425
1772028829,live555,chatafl_opt,1,b_per,13.6
1772028829,live555,chatafl_opt,1,b_abs,2517
1772028830,live555,chatafl_opt,1,l_per,22.7
1772028830,live555,chatafl_opt,1,l_abs,5425
1772028830,live555,chatafl_opt,1,b_per,13.6
1772028830,live555,chatafl_opt,1,b_abs,2517
1772028831,live555,chatafl_opt,1,l_per,22.7
1772028831,live555,chatafl_opt,1,l_abs,5425
1772028831,live555,chatafl_opt,1,b_per,13.6
1772028831,live555,chatafl_opt,1,b_abs,2517
1772028833,live555,chatafl_opt,1,l_per,22.7
1772028833,live555,chatafl_opt,1,l_abs,5425
1772028833,live555,chatafl_opt,1,b_per,13.6
1772028833,live555,chatafl_opt,1,b_abs,2518
1772028834,live555,chatafl_opt,1,l_per,22.7
1772028834,live555,chatafl_opt,1,l_abs,5425
1772028834,live555,chatafl_opt,1,b_per,13.6
1772028834,live555,chatafl_opt,1,b_abs,2519
1772028834,live555,chatafl_opt,1,l_per,22.7
1772028834,live555,chatafl_opt,1,l_abs,5425
1772028834,live555,chatafl_opt,1,b_per,13.6
1772028834,live555,chatafl_opt,1,b_abs,2519
1772028835,live555,chatafl_opt,1,l_per,22.7
1772028835,live555,chatafl_opt,1,l_abs,5425
1772028835,live555,chatafl_opt,1,b_per,13.6
1772028835,live555,chatafl_opt,1,b_abs,2519
1772028836,live555,chatafl_opt,1,l_per,22.7
1772028836,live555,chatafl_opt,1,l_abs,5425
1772028836,live555,chatafl_opt,1,b_per,13.6
1772028836,live555,chatafl_opt,1,b_abs,2519
1772028837,live555,chatafl_opt,1,l_per,22.7
1772028837,live555,chatafl_opt,1,l_abs,5425
1772028837,live555,chatafl_opt,1,b_per,13.6
1772028837,live555,chatafl_opt,1,b_abs,2519
1772028841,live555,chatafl_opt,1,l_per,22.7
1772028841,live555,chatafl_opt,1,l_abs,5425
1772028841,live555,chatafl_opt,1,b_per,13.6
1772028841,live555,chatafl_opt,1,b_abs,2519
1772028842,live555,chatafl_opt,1,l_per,22.7
1772028842,live555,chatafl_opt,1,l_abs,5425
1772028842,live555,chatafl_opt,1,b_per,13.6
1772028842,live555,chatafl_opt,1,b_abs,2519
1772028843,live555,chatafl_opt,1,l_per,22.7
1772028843,live555,chatafl_opt,1,l_abs,5425
1772028843,live555,chatafl_opt,1,b_per,13.6
1772028843,live555,chatafl_opt,1,b_abs,2519
1772028843,live555,chatafl_opt,1,l_per,22.7
1772028843,live555,chatafl_opt,1,l_abs,5425
1772028843,live555,chatafl_opt,1,b_per,13.6
1772028843,live555,chatafl_opt,1,b_abs,2519
1772028846,live555,chatafl_opt,1,l_per,22.7
1772028846,live555,chatafl_opt,1,l_abs,5425
1772028846,live555,chatafl_opt,1,b_per,13.6
1772028846,live555,chatafl_opt,1,b_abs,2519
1772028846,live555,chatafl_opt,1,l_per,22.7
1772028846,live555,chatafl_opt,1,l_abs,5425
1772028846,live555,chatafl_opt,1,b_per,13.6
1772028846,live555,chatafl_opt,1,b_abs,2519
1772028850,live555,chatafl_opt,1,l_per,22.7
1772028850,live555,chatafl_opt,1,l_abs,5425
1772028850,live555,chatafl_opt,1,b_per,13.6
1772028850,live555,chatafl_opt,1,b_abs,2520
1772028852,live555,chatafl_opt,1,l_per,22.7
1772028852,live555,chatafl_opt,1,l_abs,5425
1772028852,live555,chatafl_opt,1,b_per,13.6
1772028852,live555,chatafl_opt,1,b_abs,2520
1772028852,live555,chatafl_opt,1,l_per,22.7
1772028852,live555,chatafl_opt,1,l_abs,5425
1772028852,live555,chatafl_opt,1,b_per,13.6
1772028852,live555,chatafl_opt,1,b_abs,2520
1772028853,live555,chatafl_opt,1,l_per,22.7
1772028853,live555,chatafl_opt,1,l_abs,5425
1772028853,live555,chatafl_opt,1,b_per,13.6
1772028853,live555,chatafl_opt,1,b_abs,2520
1772028854,live555,chatafl_opt,1,l_per,22.7
1772028854,live555,chatafl_opt,1,l_abs,5425
1772028854,live555,chatafl_opt,1,b_per,13.6
1772028854,live555,chatafl_opt,1,b_abs,2520
1772028856,live555,chatafl_opt,1,l_per,22.7
1772028856,live555,chatafl_opt,1,l_abs,5425
1772028856,live555,chatafl_opt,1,b_per,13.6
1772028856,live555,chatafl_opt,1,b_abs,2520
1772028865,live555,chatafl_opt,1,l_per,22.8
1772028865,live555,chatafl_opt,1,l_abs,5431
1772028865,live555,chatafl_opt,1,b_per,13.6
1772028865,live555,chatafl_opt,1,b_abs,2522
1772028866,live555,chatafl_opt,1,l_per,22.8
1772028866,live555,chatafl_opt,1,l_abs,5431
1772028866,live555,chatafl_opt,1,b_per,13.6
1772028866,live555,chatafl_opt,1,b_abs,2522
1772028869,live555,chatafl_opt,1,l_per,22.8
1772028869,live555,chatafl_opt,1,l_abs,5433
1772028869,live555,chatafl_opt,1,b_per,13.6
1772028869,live555,chatafl_opt,1,b_abs,2527
1772028869,live555,chatafl_opt,1,l_per,22.8
1772028869,live555,chatafl_opt,1,l_abs,5433
1772028869,live555,chatafl_opt,1,b_per,13.6
1772028869,live555,chatafl_opt,1,b_abs,2527
1772028870,live555,chatafl_opt,1,l_per,22.8
1772028870,live555,chatafl_opt,1,l_abs,5433
1772028870,live555,chatafl_opt,1,b_per,13.7
1772028870,live555,chatafl_opt,1,b_abs,2528
1772028871,live555,chatafl_opt,1,l_per,22.8
1772028871,live555,chatafl_opt,1,l_abs,5433
1772028871,live555,chatafl_opt,1,b_per,13.7
1772028871,live555,chatafl_opt,1,b_abs,2528
1772028872,live555,chatafl_opt,1,l_per,22.8
1772028872,live555,chatafl_opt,1,l_abs,5433
1772028872,live555,chatafl_opt,1,b_per,13.7
1772028872,live555,chatafl_opt,1,b_abs,2528
1772028873,live555,chatafl_opt,1,l_per,22.8
1772028873,live555,chatafl_opt,1,l_abs,5434
1772028873,live555,chatafl_opt,1,b_per,13.7
1772028873,live555,chatafl_opt,1,b_abs,2529
1772028874,live555,chatafl_opt,1,l_per,22.8
1772028874,live555,chatafl_opt,1,l_abs,5434
1772028874,live555,chatafl_opt,1,b_per,13.7
1772028874,live555,chatafl_opt,1,b_abs,2529
1772028875,live555,chatafl_opt,1,l_per,22.8
1772028875,live555,chatafl_opt,1,l_abs,5434
1772028875,live555,chatafl_opt,1,b_per,13.7
1772028875,live555,chatafl_opt,1,b_abs,2529
1772028877,live555,chatafl_opt,1,l_per,22.8
1772028877,live555,chatafl_opt,1,l_abs,5434
1772028877,live555,chatafl_opt,1,b_per,13.7
1772028877,live555,chatafl_opt,1,b_abs,2529
1772028878,live555,chatafl_opt,1,l_per,22.8
1772028878,live555,chatafl_opt,1,l_abs,5434
1772028878,live555,chatafl_opt,1,b_per,13.7
1772028878,live555,chatafl_opt,1,b_abs,2529
1772028879,live555,chatafl_opt,1,l_per,22.8
1772028879,live555,chatafl_opt,1,l_abs,5434
1772028879,live555,chatafl_opt,1,b_per,13.7
1772028879,live555,chatafl_opt,1,b_abs,2529
1772028880,live555,chatafl_opt,1,l_per,22.8
1772028880,live555,chatafl_opt,1,l_abs,5434
1772028880,live555,chatafl_opt,1,b_per,13.7
1772028880,live555,chatafl_opt,1,b_abs,2529
1772028882,live555,chatafl_opt,1,l_per,22.8
1772028882,live555,chatafl_opt,1,l_abs,5434
1772028882,live555,chatafl_opt,1,b_per,13.7
1772028882,live555,chatafl_opt,1,b_abs,2529
1772028883,live555,chatafl_opt,1,l_per,22.8
1772028883,live555,chatafl_opt,1,l_abs,5434
1772028883,live555,chatafl_opt,1,b_per,13.7
1772028883,live555,chatafl_opt,1,b_abs,2529
1772028884,live555,chatafl_opt,1,l_per,22.8
1772028884,live555,chatafl_opt,1,l_abs,5434
1772028884,live555,chatafl_opt,1,b_per,13.7
1772028884,live555,chatafl_opt,1,b_abs,2529
1772028885,live555,chatafl_opt,1,l_per,22.8
1772028885,live555,chatafl_opt,1,l_abs,5434
1772028885,live555,chatafl_opt,1,b_per,13.7
1772028885,live555,chatafl_opt,1,b_abs,2529
1772028887,live555,chatafl_opt,1,l_per,22.8
1772028887,live555,chatafl_opt,1,l_abs,5434
1772028887,live555,chatafl_opt,1,b_per,13.7
1772028887,live555,chatafl_opt,1,b_abs,2529
1772028889,live555,chatafl_opt,1,l_per,22.8
1772028889,live555,chatafl_opt,1,l_abs,5434
1772028889,live555,chatafl_opt,1,b_per,13.7
1772028889,live555,chatafl_opt,1,b_abs,2529
1772028890,live555,chatafl_opt,1,l_per,22.8
1772028890,live555,chatafl_opt,1,l_abs,5434
1772028890,live555,chatafl_opt,1,b_per,13.7
1772028890,live555,chatafl_opt,1,b_abs,2529
1772028917,live555,chatafl_opt,1,l_per,22.8
1772028917,live555,chatafl_opt,1,l_abs,5434
1772028917,live555,chatafl_opt,1,b_per,13.7
1772028917,live555,chatafl_opt,1,b_abs,2531
1772028918,live555,chatafl_opt,1,l_per,22.8
1772028918,live555,chatafl_opt,1,l_abs,5434
1772028918,live555,chatafl_opt,1,b_per,13.7
1772028918,live555,chatafl_opt,1,b_abs,2531
1772028919,live555,chatafl_opt,1,l_per,22.8
1772028919,live555,chatafl_opt,1,l_abs,5434
1772028919,live555,chatafl_opt,1,b_per,13.7
1772028919,live555,chatafl_opt,1,b_abs,2532
1772028920,live555,chatafl_opt,1,l_per,22.8
1772028920,live555,chatafl_opt,1,l_abs,5434
1772028920,live555,chatafl_opt,1,b_per,13.7
1772028920,live555,chatafl_opt,1,b_abs,2532
1772028920,live555,chatafl_opt,1,l_per,22.8
1772028920,live555,chatafl_opt,1,l_abs,5434
1772028920,live555,chatafl_opt,1,b_per,13.7
1772028920,live555,chatafl_opt,1,b_abs,2532
1772028920,live555,chatafl_opt,1,l_per,22.8
1772028920,live555,chatafl_opt,1,l_abs,5434
1772028920,live555,chatafl_opt,1,b_per,13.7
1772028920,live555,chatafl_opt,1,b_abs,2532
1772028921,live555,chatafl_opt,1,l_per,22.8
1772028921,live555,chatafl_opt,1,l_abs,5434
1772028921,live555,chatafl_opt,1,b_per,13.7
1772028921,live555,chatafl_opt,1,b_abs,2533
1772028921,live555,chatafl_opt,1,l_per,22.8
1772028921,live555,chatafl_opt,1,l_abs,5434
1772028921,live555,chatafl_opt,1,b_per,13.7
1772028921,live555,chatafl_opt,1,b_abs,2533
1772028921,live555,chatafl_opt,1,l_per,22.8
1772028921,live555,chatafl_opt,1,l_abs,5434
1772028921,live555,chatafl_opt,1,b_per,13.7
1772028921,live555,chatafl_opt,1,b_abs,2533
1772028922,live555,chatafl_opt,1,l_per,22.8
1772028922,live555,chatafl_opt,1,l_abs,5434
1772028922,live555,chatafl_opt,1,b_per,13.7
1772028922,live555,chatafl_opt,1,b_abs,2533
1772028923,live555,chatafl_opt,1,l_per,22.8
1772028923,live555,chatafl_opt,1,l_abs,5434
1772028923,live555,chatafl_opt,1,b_per,13.7
1772028923,live555,chatafl_opt,1,b_abs,2533
1772028923,live555,chatafl_opt,1,l_per,22.8
1772028923,live555,chatafl_opt,1,l_abs,5434
1772028923,live555,chatafl_opt,1,b_per,13.7
1772028923,live555,chatafl_opt,1,b_abs,2534
1772028924,live555,chatafl_opt,1,l_per,22.8
1772028924,live555,chatafl_opt,1,l_abs,5434
1772028924,live555,chatafl_opt,1,b_per,13.7
1772028924,live555,chatafl_opt,1,b_abs,2534
1772028924,live555,chatafl_opt,1,l_per,22.8
1772028924,live555,chatafl_opt,1,l_abs,5434
1772028924,live555,chatafl_opt,1,b_per,13.7
1772028924,live555,chatafl_opt,1,b_abs,2534
1772028926,live555,chatafl_opt,1,l_per,22.8
1772028926,live555,chatafl_opt,1,l_abs,5434
1772028926,live555,chatafl_opt,1,b_per,13.7
1772028926,live555,chatafl_opt,1,b_abs,2534
1772028927,live555,chatafl_opt,1,l_per,22.8
1772028927,live555,chatafl_opt,1,l_abs,5434
1772028927,live555,chatafl_opt,1,b_per,13.7
1772028927,live555,chatafl_opt,1,b_abs,2534
1772028928,live555,chatafl_opt,1,l_per,22.8
1772028928,live555,chatafl_opt,1,l_abs,5434
1772028928,live555,chatafl_opt,1,b_per,13.7
1772028928,live555,chatafl_opt,1,b_abs,2534
1772028928,live555,chatafl_opt,1,l_per,22.8
1772028928,live555,chatafl_opt,1,l_abs,5434
1772028928,live555,chatafl_opt,1,b_per,13.7
1772028928,live555,chatafl_opt,1,b_abs,2534
1772028929,live555,chatafl_opt,1,l_per,22.8
1772028929,live555,chatafl_opt,1,l_abs,5434
1772028929,live555,chatafl_opt,1,b_per,13.7
1772028929,live555,chatafl_opt,1,b_abs,2534
1772028929,live555,chatafl_opt,1,l_per,22.8
1772028929,live555,chatafl_opt,1,l_abs,5434
1772028929,live555,chatafl_opt,1,b_per,13.7
1772028929,live555,chatafl_opt,1,b_abs,2534
1772028930,live555,chatafl_opt,1,l_per,22.8
1772028930,live555,chatafl_opt,1,l_abs,5434
1772028930,live555,chatafl_opt,1,b_per,13.7
1772028930,live555,chatafl_opt,1,b_abs,2534
1772028931,live555,chatafl_opt,1,l_per,22.8
1772028931,live555,chatafl_opt,1,l_abs,5434
1772028931,live555,chatafl_opt,1,b_per,13.7
1772028931,live555,chatafl_opt,1,b_abs,2534
1772028932,live555,chatafl_opt,1,l_per,22.8
1772028932,live555,chatafl_opt,1,l_abs,5434
1772028932,live555,chatafl_opt,1,b_per,13.7
1772028932,live555,chatafl_opt,1,b_abs,2534
1772028933,live555,chatafl_opt,1,l_per,22.8
1772028933,live555,chatafl_opt,1,l_abs,5434
1772028933,live555,chatafl_opt,1,b_per,13.7
1772028933,live555,chatafl_opt,1,b_abs,2534
1772028935,live555,chatafl_opt,1,l_per,22.8
1772028935,live555,chatafl_opt,1,l_abs,5434
1772028935,live555,chatafl_opt,1,b_per,13.7
1772028935,live555,chatafl_opt,1,b_abs,2534
1772028936,live555,chatafl_opt,1,l_per,22.8
1772028936,live555,chatafl_opt,1,l_abs,5434
1772028936,live555,chatafl_opt,1,b_per,13.7
1772028936,live555,chatafl_opt,1,b_abs,2534
1772028937,live555,chatafl_opt,1,l_per,22.8
1772028937,live555,chatafl_opt,1,l_abs,5434
1772028937,live555,chatafl_opt,1,b_per,13.7
1772028937,live555,chatafl_opt,1,b_abs,2534
1772028937,live555,chatafl_opt,1,l_per,22.8
1772028937,live555,chatafl_opt,1,l_abs,5434
1772028937,live555,chatafl_opt,1,b_per,13.7
1772028937,live555,chatafl_opt,1,b_abs,2534
1772028938,live555,chatafl_opt,1,l_per,22.8
1772028938,live555,chatafl_opt,1,l_abs,5434
1772028938,live555,chatafl_opt,1,b_per,13.7
1772028938,live555,chatafl_opt,1,b_abs,2534
1772028940,live555,chatafl_opt,1,l_per,22.8
1772028940,live555,chatafl_opt,1,l_abs,5434
1772028940,live555,chatafl_opt,1,b_per,13.7
1772028940,live555,chatafl_opt,1,b_abs,2534
1772028940,live555,chatafl_opt,1,l_per,22.8
1772028940,live555,chatafl_opt,1,l_abs,5434
1772028940,live555,chatafl_opt,1,b_per,13.7
1772028940,live555,chatafl_opt,1,b_abs,2534
1772028942,live555,chatafl_opt,1,l_per,22.8
1772028942,live555,chatafl_opt,1,l_abs,5434
1772028942,live555,chatafl_opt,1,b_per,13.7
1772028942,live555,chatafl_opt,1,b_abs,2534
1772028942,live555,chatafl_opt,1,l_per,22.8
1772028942,live555,chatafl_opt,1,l_abs,5434
1772028942,live555,chatafl_opt,1,b_per,13.7
1772028942,live555,chatafl_opt,1,b_abs,2534
1772028943,live555,chatafl_opt,1,l_per,22.8
1772028943,live555,chatafl_opt,1,l_abs,5434
1772028943,live555,chatafl_opt,1,b_per,13.7
1772028943,live555,chatafl_opt,1,b_abs,2534
1772028944,live555,chatafl_opt,1,l_per,22.8
1772028944,live555,chatafl_opt,1,l_abs,5434
1772028944,live555,chatafl_opt,1,b_per,13.7
1772028944,live555,chatafl_opt,1,b_abs,2534
1772028945,live555,chatafl_opt,1,l_per,22.8
1772028945,live555,chatafl_opt,1,l_abs,5434
1772028945,live555,chatafl_opt,1,b_per,13.7
1772028945,live555,chatafl_opt,1,b_abs,2534
1772028946,live555,chatafl_opt,1,l_per,22.8
1772028946,live555,chatafl_opt,1,l_abs,5434
1772028946,live555,chatafl_opt,1,b_per,13.7
1772028946,live555,chatafl_opt,1,b_abs,2534
1772028947,live555,chatafl_opt,1,l_per,22.8
1772028947,live555,chatafl_opt,1,l_abs,5434
1772028947,live555,chatafl_opt,1,b_per,13.7
1772028947,live555,chatafl_opt,1,b_abs,2534
1772028949,live555,chatafl_opt,1,l_per,22.8
1772028949,live555,chatafl_opt,1,l_abs,5434
1772028949,live555,chatafl_opt,1,b_per,13.7
1772028949,live555,chatafl_opt,1,b_abs,2534
1772028950,live555,chatafl_opt,1,l_per,22.8
1772028950,live555,chatafl_opt,1,l_abs,5434
1772028950,live555,chatafl_opt,1,b_per,13.7
1772028950,live555,chatafl_opt,1,b_abs,2534
1772028951,live555,chatafl_opt,1,l_per,22.8
1772028951,live555,chatafl_opt,1,l_abs,5434
1772028951,live555,chatafl_opt,1,b_per,13.7
1772028951,live555,chatafl_opt,1,b_abs,2534
1772028952,live555,chatafl_opt,1,l_per,22.8
1772028952,live555,chatafl_opt,1,l_abs,5434
1772028952,live555,chatafl_opt,1,b_per,13.7
1772028952,live555,chatafl_opt,1,b_abs,2534
1772028955,live555,chatafl_opt,1,l_per,22.8
1772028955,live555,chatafl_opt,1,l_abs,5434
1772028955,live555,chatafl_opt,1,b_per,13.7
1772028955,live555,chatafl_opt,1,b_abs,2534
1772028956,live555,chatafl_opt,1,l_per,22.8
1772028956,live555,chatafl_opt,1,l_abs,5434
1772028956,live555,chatafl_opt,1,b_per,13.7
1772028956,live555,chatafl_opt,1,b_abs,2534
1772028957,live555,chatafl_opt,1,l_per,22.8
1772028957,live555,chatafl_opt,1,l_abs,5434
1772028957,live555,chatafl_opt,1,b_per,13.7
1772028957,live555,chatafl_opt,1,b_abs,2534
1772028972,live555,chatafl_opt,1,l_per,22.8
1772028972,live555,chatafl_opt,1,l_abs,5434
1772028972,live555,chatafl_opt,1,b_per,13.7
1772028972,live555,chatafl_opt,1,b_abs,2534
1772028974,live555,chatafl_opt,1,l_per,22.8
1772028974,live555,chatafl_opt,1,l_abs,5434
1772028974,live555,chatafl_opt,1,b_per,13.7
1772028974,live555,chatafl_opt,1,b_abs,2534
1772028977,live555,chatafl_opt,1,l_per,22.8
1772028977,live555,chatafl_opt,1,l_abs,5435
1772028977,live555,chatafl_opt,1,b_per,13.7
1772028977,live555,chatafl_opt,1,b_abs,2537
1772028979,live555,chatafl_opt,1,l_per,22.8
1772028979,live555,chatafl_opt,1,l_abs,5435
1772028979,live555,chatafl_opt,1,b_per,13.7
1772028979,live555,chatafl_opt,1,b_abs,2537
1772028980,live555,chatafl_opt,1,l_per,22.8
1772028980,live555,chatafl_opt,1,l_abs,5435
1772028980,live555,chatafl_opt,1,b_per,13.7
1772028980,live555,chatafl_opt,1,b_abs,2537
1772028983,live555,chatafl_opt,1,l_per,22.8
1772028983,live555,chatafl_opt,1,l_abs,5435
1772028983,live555,chatafl_opt,1,b_per,13.7
1772028983,live555,chatafl_opt,1,b_abs,2537
1772028984,live555,chatafl_opt,1,l_per,22.8
1772028984,live555,chatafl_opt,1,l_abs,5435
1772028984,live555,chatafl_opt,1,b_per,13.7
1772028984,live555,chatafl_opt,1,b_abs,2537
1772028987,live555,chatafl_opt,1,l_per,22.8
1772028987,live555,chatafl_opt,1,l_abs,5435
1772028987,live555,chatafl_opt,1,b_per,13.7
1772028987,live555,chatafl_opt,1,b_abs,2537
1772028988,live555,chatafl_opt,1,l_per,22.8
1772028988,live555,chatafl_opt,1,l_abs,5435
1772028988,live555,chatafl_opt,1,b_per,13.7
1772028988,live555,chatafl_opt,1,b_abs,2537
1772028989,live555,chatafl_opt,1,l_per,22.8
1772028989,live555,chatafl_opt,1,l_abs,5435
1772028989,live555,chatafl_opt,1,b_per,13.7
1772028989,live555,chatafl_opt,1,b_abs,2537
1772028991,live555,chatafl_opt,1,l_per,22.8
1772028991,live555,chatafl_opt,1,l_abs,5435
1772028991,live555,chatafl_opt,1,b_per,13.7
1772028991,live555,chatafl_opt,1,b_abs,2537
1772028992,live555,chatafl_opt,1,l_per,22.8
1772028992,live555,chatafl_opt,1,l_abs,5435
1772028992,live555,chatafl_opt,1,b_per,13.7
1772028992,live555,chatafl_opt,1,b_abs,2537
1772028995,live555,chatafl_opt,1,l_per,22.8
1772028995,live555,chatafl_opt,1,l_abs,5435
1772028995,live555,chatafl_opt,1,b_per,13.7
1772028995,live555,chatafl_opt,1,b_abs,2537
1772028996,live555,chatafl_opt,1,l_per,22.8
1772028996,live555,chatafl_opt,1,l_abs,5435
1772028996,live555,chatafl_opt,1,b_per,13.7
1772028996,live555,chatafl_opt,1,b_abs,2537
1772028997,live555,chatafl_opt,1,l_per,22.8
1772028997,live555,chatafl_opt,1,l_abs,5435
1772028997,live555,chatafl_opt,1,b_per,13.7
1772028997,live555,chatafl_opt,1,b_abs,2537
1772029001,live555,chatafl_opt,1,l_per,22.8
1772029001,live555,chatafl_opt,1,l_abs,5435
1772029001,live555,chatafl_opt,1,b_per,13.7
1772029001,live555,chatafl_opt,1,b_abs,2537
1772029003,live555,chatafl_opt,1,l_per,22.8
1772029003,live555,chatafl_opt,1,l_abs,5435
1772029003,live555,chatafl_opt,1,b_per,13.7
1772029003,live555,chatafl_opt,1,b_abs,2537
1772029004,live555,chatafl_opt,1,l_per,22.8
1772029004,live555,chatafl_opt,1,l_abs,5435
1772029004,live555,chatafl_opt,1,b_per,13.7
1772029004,live555,chatafl_opt,1,b_abs,2537
1772029005,live555,chatafl_opt,1,l_per,22.8
1772029005,live555,chatafl_opt,1,l_abs,5435
1772029005,live555,chatafl_opt,1,b_per,13.7
1772029005,live555,chatafl_opt,1,b_abs,2537
1772029006,live555,chatafl_opt,1,l_per,22.8
1772029006,live555,chatafl_opt,1,l_abs,5435
1772029006,live555,chatafl_opt,1,b_per,13.7
1772029006,live555,chatafl_opt,1,b_abs,2537
1772029007,live555,chatafl_opt,1,l_per,22.8
1772029007,live555,chatafl_opt,1,l_abs,5435
1772029007,live555,chatafl_opt,1,b_per,13.7
1772029007,live555,chatafl_opt,1,b_abs,2537
1772029009,live555,chatafl_opt,1,l_per,22.8
1772029009,live555,chatafl_opt,1,l_abs,5435
1772029009,live555,chatafl_opt,1,b_per,13.7
1772029009,live555,chatafl_opt,1,b_abs,2537
1772029010,live555,chatafl_opt,1,l_per,22.8
1772029010,live555,chatafl_opt,1,l_abs,5435
1772029010,live555,chatafl_opt,1,b_per,13.7
1772029010,live555,chatafl_opt,1,b_abs,2537
1772029013,live555,chatafl_opt,1,l_per,22.8
1772029013,live555,chatafl_opt,1,l_abs,5435
1772029013,live555,chatafl_opt,1,b_per,13.7
1772029013,live555,chatafl_opt,1,b_abs,2537
1772029015,live555,chatafl_opt,1,l_per,22.8
1772029015,live555,chatafl_opt,1,l_abs,5435
1772029015,live555,chatafl_opt,1,b_per,13.7
1772029015,live555,chatafl_opt,1,b_abs,2537
1772029019,live555,chatafl_opt,1,l_per,22.8
1772029019,live555,chatafl_opt,1,l_abs,5435
1772029019,live555,chatafl_opt,1,b_per,13.7
1772029019,live555,chatafl_opt,1,b_abs,2537
1772029020,live555,chatafl_opt,1,l_per,22.8
1772029020,live555,chatafl_opt,1,l_abs,5435
1772029020,live555,chatafl_opt,1,b_per,13.7
1772029020,live555,chatafl_opt,1,b_abs,2537
1772029021,live555,chatafl_opt,1,l_per,22.8
1772029021,live555,chatafl_opt,1,l_abs,5435
1772029021,live555,chatafl_opt,1,b_per,13.7
1772029021,live555,chatafl_opt,1,b_abs,2537
1772029022,live555,chatafl_opt,1,l_per,22.8
1772029022,live555,chatafl_opt,1,l_abs,5435
1772029022,live555,chatafl_opt,1,b_per,13.7
1772029022,live555,chatafl_opt,1,b_abs,2537
1772029023,live555,chatafl_opt,1,l_per,22.8
1772029023,live555,chatafl_opt,1,l_abs,5435
1772029023,live555,chatafl_opt,1,b_per,13.7
1772029023,live555,chatafl_opt,1,b_abs,2537
1772029024,live555,chatafl_opt,1,l_per,22.8
1772029024,live555,chatafl_opt,1,l_abs,5435
1772029024,live555,chatafl_opt,1,b_per,13.7
1772029024,live555,chatafl_opt,1,b_abs,2537
1772029026,live555,chatafl_opt,1,l_per,22.8
1772029026,live555,chatafl_opt,1,l_abs,5435
1772029026,live555,chatafl_opt,1,b_per,13.7
1772029026,live555,chatafl_opt,1,b_abs,2537
1772029028,live555,chatafl_opt,1,l_per,22.8
1772029028,live555,chatafl_opt,1,l_abs,5435
1772029028,live555,chatafl_opt,1,b_per,13.7
1772029028,live555,chatafl_opt,1,b_abs,2537
1772029046,live555,chatafl_opt,1,l_per,22.8
1772029046,live555,chatafl_opt,1,l_abs,5435
1772029046,live555,chatafl_opt,1,b_per,13.7
1772029046,live555,chatafl_opt,1,b_abs,2537
1772029049,live555,chatafl_opt,1,l_per,22.8
1772029049,live555,chatafl_opt,1,l_abs,5435
1772029049,live555,chatafl_opt,1,b_per,13.7
1772029049,live555,chatafl_opt,1,b_abs,2537
1772029049,live555,chatafl_opt,1,l_per,22.8
1772029049,live555,chatafl_opt,1,l_abs,5435
1772029049,live555,chatafl_opt,1,b_per,13.7
1772029049,live555,chatafl_opt,1,b_abs,2538
1772029052,live555,chatafl_opt,1,l_per,22.8
1772029052,live555,chatafl_opt,1,l_abs,5435
1772029052,live555,chatafl_opt,1,b_per,13.7
1772029052,live555,chatafl_opt,1,b_abs,2538
1772029053,live555,chatafl_opt,1,l_per,22.8
1772029053,live555,chatafl_opt,1,l_abs,5435
1772029053,live555,chatafl_opt,1,b_per,13.7
1772029053,live555,chatafl_opt,1,b_abs,2538
1772029055,live555,chatafl_opt,1,l_per,22.8
1772029055,live555,chatafl_opt,1,l_abs,5435
1772029055,live555,chatafl_opt,1,b_per,13.7
1772029055,live555,chatafl_opt,1,b_abs,2538
1772029056,live555,chatafl_opt,1,l_per,22.8
1772029056,live555,chatafl_opt,1,l_abs,5435
1772029056,live555,chatafl_opt,1,b_per,13.7
1772029056,live555,chatafl_opt,1,b_abs,2538
1772029075,live555,chatafl_opt,1,l_per,22.8
1772029075,live555,chatafl_opt,1,l_abs,5435
1772029075,live555,chatafl_opt,1,b_per,13.7
1772029075,live555,chatafl_opt,1,b_abs,2538
1772029076,live555,chatafl_opt,1,l_per,22.8
1772029076,live555,chatafl_opt,1,l_abs,5435
1772029076,live555,chatafl_opt,1,b_per,13.7
1772029076,live555,chatafl_opt,1,b_abs,2538
1772029078,live555,chatafl_opt,1,l_per,22.8
1772029078,live555,chatafl_opt,1,l_abs,5435
1772029078,live555,chatafl_opt,1,b_per,13.7
1772029078,live555,chatafl_opt,1,b_abs,2538
1772029079,live555,chatafl_opt,1,l_per,22.8
1772029079,live555,chatafl_opt,1,l_abs,5435
1772029079,live555,chatafl_opt,1,b_per,13.7
1772029079,live555,chatafl_opt,1,b_abs,2538
1772029081,live555,chatafl_opt,1,l_per,22.8
1772029081,live555,chatafl_opt,1,l_abs,5435
1772029081,live555,chatafl_opt,1,b_per,13.7
1772029081,live555,chatafl_opt,1,b_abs,2538
1772029083,live555,chatafl_opt,1,l_per,22.8
1772029083,live555,chatafl_opt,1,l_abs,5435
1772029083,live555,chatafl_opt,1,b_per,13.7
1772029083,live555,chatafl_opt,1,b_abs,2538
1772029084,live555,chatafl_opt,1,l_per,22.8
1772029084,live555,chatafl_opt,1,l_abs,5435
1772029084,live555,chatafl_opt,1,b_per,13.7
1772029084,live555,chatafl_opt,1,b_abs,2538
1772029085,live555,chatafl_opt,1,l_per,22.8
1772029085,live555,chatafl_opt,1,l_abs,5435
1772029085,live555,chatafl_opt,1,b_per,13.7
1772029085,live555,chatafl_opt,1,b_abs,2538
1772029088,live555,chatafl_opt,1,l_per,22.8
1772029088,live555,chatafl_opt,1,l_abs,5435
1772029088,live555,chatafl_opt,1,b_per,13.7
1772029088,live555,chatafl_opt,1,b_abs,2538
1772029091,live555,chatafl_opt,1,l_per,22.8
1772029091,live555,chatafl_opt,1,l_abs,5435
1772029091,live555,chatafl_opt,1,b_per,13.7
1772029091,live555,chatafl_opt,1,b_abs,2538
1772029101,live555,chatafl_opt,1,l_per,22.8
1772029101,live555,chatafl_opt,1,l_abs,5435
1772029101,live555,chatafl_opt,1,b_per,13.7
1772029101,live555,chatafl_opt,1,b_abs,2538
1772029102,live555,chatafl_opt,1,l_per,22.8
1772029102,live555,chatafl_opt,1,l_abs,5435
1772029102,live555,chatafl_opt,1,b_per,13.7
1772029102,live555,chatafl_opt,1,b_abs,2538
1772029104,live555,chatafl_opt,1,l_per,22.8
1772029104,live555,chatafl_opt,1,l_abs,5435
1772029104,live555,chatafl_opt,1,b_per,13.7
1772029104,live555,chatafl_opt,1,b_abs,2538
1772029105,live555,chatafl_opt,1,l_per,22.8
1772029105,live555,chatafl_opt,1,l_abs,5435
1772029105,live555,chatafl_opt,1,b_per,13.7
1772029105,live555,chatafl_opt,1,b_abs,2538
1772029105,live555,chatafl_opt,1,l_per,22.8
1772029105,live555,chatafl_opt,1,l_abs,5441
1772029105,live555,chatafl_opt,1,b_per,13.7
1772029105,live555,chatafl_opt,1,b_abs,2541
1772029113,live555,chatafl_opt,1,l_per,22.8
1772029113,live555,chatafl_opt,1,l_abs,5441
1772029113,live555,chatafl_opt,1,b_per,13.7
1772029113,live555,chatafl_opt,1,b_abs,2541
1772029115,live555,chatafl_opt,1,l_per,22.8
1772029115,live555,chatafl_opt,1,l_abs,5441
1772029115,live555,chatafl_opt,1,b_per,13.7
1772029115,live555,chatafl_opt,1,b_abs,2541
1772029146,live555,chatafl_opt,1,l_per,22.8
1772029146,live555,chatafl_opt,1,l_abs,5441
1772029146,live555,chatafl_opt,1,b_per,13.7
1772029146,live555,chatafl_opt,1,b_abs,2541
1772029149,live555,chatafl_opt,1,l_per,22.8
1772029149,live555,chatafl_opt,1,l_abs,5441
1772029149,live555,chatafl_opt,1,b_per,13.7
1772029149,live555,chatafl_opt,1,b_abs,2541
1772029151,live555,chatafl_opt,1,l_per,22.8
1772029151,live555,chatafl_opt,1,l_abs,5441
1772029151,live555,chatafl_opt,1,b_per,13.7
1772029151,live555,chatafl_opt,1,b_abs,2541
1772029153,live555,chatafl_opt,1,l_per,22.8
1772029153,live555,chatafl_opt,1,l_abs,5441
1772029153,live555,chatafl_opt,1,b_per,13.7
1772029153,live555,chatafl_opt,1,b_abs,2541
1772029155,live555,chatafl_opt,1,l_per,22.8
1772029155,live555,chatafl_opt,1,l_abs,5441
1772029155,live555,chatafl_opt,1,b_per,13.7
1772029155,live555,chatafl_opt,1,b_abs,2541
1772029156,live555,chatafl_opt,1,l_per,22.8
1772029156,live555,chatafl_opt,1,l_abs,5441
1772029156,live555,chatafl_opt,1,b_per,13.7
1772029156,live555,chatafl_opt,1,b_abs,2541
1772029157,live555,chatafl_opt,1,l_per,22.8
1772029157,live555,chatafl_opt,1,l_abs,5441
1772029157,live555,chatafl_opt,1,b_per,13.7
1772029157,live555,chatafl_opt,1,b_abs,2541
1772029158,live555,chatafl_opt,1,l_per,22.8
1772029158,live555,chatafl_opt,1,l_abs,5441
1772029158,live555,chatafl_opt,1,b_per,13.7
1772029158,live555,chatafl_opt,1,b_abs,2541
1772029160,live555,chatafl_opt,1,l_per,22.8
1772029160,live555,chatafl_opt,1,l_abs,5441
1772029160,live555,chatafl_opt,1,b_per,13.7
1772029160,live555,chatafl_opt,1,b_abs,2541
1772029162,live555,chatafl_opt,1,l_per,22.8
1772029162,live555,chatafl_opt,1,l_abs,5441
1772029162,live555,chatafl_opt,1,b_per,13.7
1772029162,live555,chatafl_opt,1,b_abs,2541
1772029162,live555,chatafl_opt,1,l_per,22.8
1772029162,live555,chatafl_opt,1,l_abs,5441
1772029162,live555,chatafl_opt,1,b_per,13.7
1772029162,live555,chatafl_opt,1,b_abs,2541
1772029163,live555,chatafl_opt,1,l_per,22.8
1772029163,live555,chatafl_opt,1,l_abs,5441
1772029163,live555,chatafl_opt,1,b_per,13.7
1772029163,live555,chatafl_opt,1,b_abs,2541
1772029164,live555,chatafl_opt,1,l_per,22.8
1772029164,live555,chatafl_opt,1,l_abs,5441
1772029164,live555,chatafl_opt,1,b_per,13.7
1772029164,live555,chatafl_opt,1,b_abs,2541
1772029165,live555,chatafl_opt,1,l_per,22.8
1772029165,live555,chatafl_opt,1,l_abs,5441
1772029165,live555,chatafl_opt,1,b_per,13.7
1772029165,live555,chatafl_opt,1,b_abs,2541
1772029167,live555,chatafl_opt,1,l_per,22.8
1772029167,live555,chatafl_opt,1,l_abs,5441
1772029167,live555,chatafl_opt,1,b_per,13.7
1772029167,live555,chatafl_opt,1,b_abs,2541
1772029167,live555,chatafl_opt,1,l_per,22.8
1772029167,live555,chatafl_opt,1,l_abs,5441
1772029167,live555,chatafl_opt,1,b_per,13.7
1772029167,live555,chatafl_opt,1,b_abs,2541
1772029168,live555,chatafl_opt,1,l_per,22.8
1772029168,live555,chatafl_opt,1,l_abs,5441
1772029168,live555,chatafl_opt,1,b_per,13.7
1772029168,live555,chatafl_opt,1,b_abs,2541
1772029170,live555,chatafl_opt,1,l_per,22.8
1772029170,live555,chatafl_opt,1,l_abs,5441
1772029170,live555,chatafl_opt,1,b_per,13.7
1772029170,live555,chatafl_opt,1,b_abs,2541
1772029175,live555,chatafl_opt,1,l_per,22.8
1772029175,live555,chatafl_opt,1,l_abs,5441
1772029175,live555,chatafl_opt,1,b_per,13.7
1772029175,live555,chatafl_opt,1,b_abs,2541
1772029176,live555,chatafl_opt,1,l_per,22.8
1772029176,live555,chatafl_opt,1,l_abs,5441
1772029176,live555,chatafl_opt,1,b_per,13.7
1772029176,live555,chatafl_opt,1,b_abs,2541
1772029178,live555,chatafl_opt,1,l_per,22.8
1772029178,live555,chatafl_opt,1,l_abs,5441
1772029178,live555,chatafl_opt,1,b_per,13.7
1772029178,live555,chatafl_opt,1,b_abs,2541
1772029179,live555,chatafl_opt,1,l_per,22.8
1772029179,live555,chatafl_opt,1,l_abs,5441
1772029179,live555,chatafl_opt,1,b_per,13.7
1772029179,live555,chatafl_opt,1,b_abs,2541
1772029180,live555,chatafl_opt,1,l_per,22.8
1772029180,live555,chatafl_opt,1,l_abs,5441
1772029180,live555,chatafl_opt,1,b_per,13.7
1772029180,live555,chatafl_opt,1,b_abs,2541
1772029182,live555,chatafl_opt,1,l_per,22.8
1772029182,live555,chatafl_opt,1,l_abs,5441
1772029182,live555,chatafl_opt,1,b_per,13.7
1772029182,live555,chatafl_opt,1,b_abs,2541
1772029190,live555,chatafl_opt,1,l_per,22.8
1772029190,live555,chatafl_opt,1,l_abs,5441
1772029190,live555,chatafl_opt,1,b_per,13.7
1772029190,live555,chatafl_opt,1,b_abs,2541
1772029192,live555,chatafl_opt,1,l_per,22.8
1772029192,live555,chatafl_opt,1,l_abs,5441
1772029192,live555,chatafl_opt,1,b_per,13.7
1772029192,live555,chatafl_opt,1,b_abs,2541
1772029193,live555,chatafl_opt,1,l_per,22.8
1772029193,live555,chatafl_opt,1,l_abs,5441
1772029193,live555,chatafl_opt,1,b_per,13.7
1772029193,live555,chatafl_opt,1,b_abs,2541
1772029195,live555,chatafl_opt,1,l_per,22.8
1772029195,live555,chatafl_opt,1,l_abs,5441
1772029195,live555,chatafl_opt,1,b_per,13.7
1772029195,live555,chatafl_opt,1,b_abs,2541
1772029197,live555,chatafl_opt,1,l_per,22.8
1772029197,live555,chatafl_opt,1,l_abs,5441
1772029197,live555,chatafl_opt,1,b_per,13.7
1772029197,live555,chatafl_opt,1,b_abs,2541
1772029200,live555,chatafl_opt,1,l_per,22.8
1772029200,live555,chatafl_opt,1,l_abs,5441
1772029200,live555,chatafl_opt,1,b_per,13.7
1772029200,live555,chatafl_opt,1,b_abs,2541
1772029208,live555,chatafl_opt,1,l_per,22.8
1772029208,live555,chatafl_opt,1,l_abs,5441
1772029208,live555,chatafl_opt,1,b_per,13.7
1772029208,live555,chatafl_opt,1,b_abs,2541
1772029209,live555,chatafl_opt,1,l_per,22.8
1772029209,live555,chatafl_opt,1,l_abs,5441
1772029209,live555,chatafl_opt,1,b_per,13.7
1772029209,live555,chatafl_opt,1,b_abs,2541
1772029219,live555,chatafl_opt,1,l_per,22.8
1772029219,live555,chatafl_opt,1,l_abs,5441
1772029219,live555,chatafl_opt,1,b_per,13.7
1772029219,live555,chatafl_opt,1,b_abs,2541
