1776966983, 0, 1, 539, 539, 30, 7.12%, 0, 0, 2, 1.01, 16, 104, 0, 367, 102648, 40244, 0, 0.000, 0, 0, 0.000000, 0.000000, 0, 0, 0, 0, 0, 0, 0, 0
1776966988, 0, 1, 540, 540, 30, 7.12%, 0, 0, 2, 6.17, 16, 104, 0, 367, 102648, 40244, 0, 0.000, 0, 0, 0.000000, 0.000000, 0, 0, 0, 0, 0, 0, 0, 0
1776966998, 0, 1, 541, 541, 30, 7.13%, 0, 0, 2, 4.82, 16, 104, 0, 367, 102648, 40244, 0, 0.000, 0, 0, 0.000000, 0.000000, 0, 0, 0, 0, 0, 0, 0, 0
1776967024, 0, 1, 543, 543, 30, 7.13%, 0, 0, 2, 3.05, 16, 104, 0, 367, 102648, 40244, 0, 0.000, 0, 0, 0.000000, 0.000000, 0, 0, 0, 0, 0, 0, 0, 0
1776967040, 0, 1, 544, 544, 30, 7.14%, 0, 0, 2, 5.98, 16, 104, 0, 367, 102648, 40244, 0, 0.000, 0, 0, 0.000000, 0.000000, 0, 0, 0, 0, 0, 0, 0, 0
1776967055, 0, 1, 545, 545, 30, 7.14%, 0, 0, 2, 5.54, 16, 104, 0, 367, 102648, 40244, 0, 0.000, 0, 0, 0.000000, 0.000000, 0, 0, 0, 0, 0, 0, 0, 0
1776967075, 0, 1, 546, 546, 30, 7.14%, 0, 0, 2, 6.72, 16, 104, 0, 367, 102648, 40244, 0, 0.000, 0, 0, 0.000000, 0.000000, 0, 0, 0, 0, 0, 0, 0, 0
1776967096, 0, 1, 547, 547, 30, 7.15%, 0, 0, 2, 5.52, 16, 104, 0, 367, 102648, 40244, 0, 0.000, 0, 0, 0.000000, 0.000000, 0, 0, 0, 0, 0, 0, 0, 0
1776967106, 0, 1, 548, 548, 30, 7.15%, 0, 0, 2, 4.59, 16, 104, 0, 367, 102648, 40244, 0, 0.000, 0, 0, 0.000000, 0.000000, 0, 0, 0, 0, 0, 0, 0, 0
1776967112, 0, 1, 549, 549, 30, 7.15%, 0, 0, 2, 4.92, 16, 104, 0, 367, 102648, 40244, 0, 0.000, 0, 0, 0.000000, 0.000000, 0, 0, 0, 0, 0, 0, 0, 0
1776967127, 0, 1, 550, 550, 30, 7.16%, 0, 0, 2, 5.51, 16, 105, 0, 367, 102648, 40244, 0, 0.000, 0, 0, 0.000000, 0.000000, 0, 0, 0, 0, 0, 0, 0, 0
1776967138, 0, 1, 551, 551, 30, 7.16%, 0, 0, 2, 1.12, 16, 105, 0, 367, 102648, 40244, 0, 0.000, 0, 0, 0.000000, 0.000000, 0, 0, 0, 0, 0, 0, 0, 0
1776967148, 0, 1, 552, 552, 30, 7.17%, 0, 0, 2, 4.95, 16, 105, 0, 367, 102648, 40244, 0, 0.000, 0, 0, 0.000000, 0.000000, 0, 0, 0, 0, 0, 0, 0, 0
1776967159, 0, 1, 553, 553, 30, 7.17%, 0, 0, 2, 5.31, 16, 105, 0, 367, 102648, 40244, 0, 0.000, 0, 0, 0.000000, 0.000000, 0, 0, 0, 0, 0, 0, 0, 0
1776967174, 0, 1, 554, 554, 30, 7.17%, 0, 0, 2, 5.30, 16, 105, 0, 367, 102648, 40244, 0, 0.000, 0, 0, 0.000000, 0.000000, 0, 0, 0, 0, 0, 0, 0, 0
1776967184, 0, 1, 555, 555, 30, 7.17%, 0, 0, 2, 5.49, 16, 105, 0, 367, 102648, 40244, 0, 0.000, 0, 0, 0.000000, 0.000000, 0, 0, 0, 0, 0, 0, 0, 0
1776967200, 0, 1, 556, 556, 30, 7.17%, 0, 0, 2, 5.32, 16, 105, 0, 367, 102648, 40244, 0, 0.000, 0, 0, 0.000000, 0.000000, 0, 0, 0, 0, 0, 0, 0, 0
1776967206, 0, 1, 557, 557, 30, 7.17%, 0, 0, 2, 5.73, 16, 105, 0, 367, 102648, 40244, 0, 0.000, 0, 0, 0.000000, 0.000000, 0, 0, 0, 0, 0, 0, 0, 0
1776967316, 0, 1, 559, 559, 30, 7.18%, 0, 0, 2, 6.33, 16, 105, 0, 367, 102648, 40244, 0, 0.000, 0, 0, 0.000000, 0.000000, 0, 0, 0, 0, 0, 0, 2, 0
1776967336, 0, 1, 560, 560, 30, 7.18%, 0, 0, 2, 5.66, 16, 105, 0, 367, 102648, 40244, 0, 0.000, 0, 0, 0.000000, 0.000000, 0, 0, 0, 0, 0, 0, 2, 0
1776967341, 0, 1, 561, 561, 30, 7.18%, 0, 0, 2, 6.15, 16, 105, 0, 367, 102648, 40244, 0, 0.000, 0, 0, 0.000000, 0.000000, 0, 0, 0, 0, 0, 0, 2, 0
1776967346, 0, 1, 562, 562, 30, 7.19%, 0, 0, 2, 6.80, 16, 105, 0, 367, 102648, 40244, 0, 0.000, 0, 0, 0.000000, 0.000000, 0, 0, 0, 0, 0, 0, 2, 0
1776967357, 0, 1, 563, 563, 30, 7.19%, 0, 0, 2, 5.55, 16, 105, 0, 367, 102648, 40244, 0, 0.000, 0, 0, 0.000000, 0.000000, 0, 0, 0, 0, 0, 0, 2, 0
1776967372, 0, 1, 564, 564, 30, 7.19%, 0, 0, 2, 1.27, 16, 105, 0, 367, 102648, 40244, 0, 0.000, 0, 0, 0.000000, 0.000000, 0, 0, 0, 0, 0, 0, 2, 0
1776967393, 0, 1, 565, 565, 30, 7.19%, 0, 0, 2, 5.80, 16, 105, 0, 367, 102648, 40244, 0, 0.000, 0, 0, 0.000000, 0.000000, 0, 0, 0, 0, 0, 0, 2, 0
1776967419, 0, 1, 567, 567, 30, 7.19%, 0, 0, 2, 0.65, 16, 105, 0, 367, 102648, 40244, 0, 0.000, 0, 0, 0.000000, 0.000000, 0, 0, 0, 0, 0, 0, 2, 0
1776967425, 0, 1, 568, 568, 30, 7.20%, 0, 0, 2, 5.70, 16, 105, 0, 367, 102648, 40244, 0, 0.000, 0, 0, 0.000000, 0.000000, 0, 0, 0, 0, 0, 0, 2, 0
1776967430, 0, 1, 569, 569, 30, 7.20%, 0, 0, 2, 5.47, 16, 105, 0, 367, 102648, 40244, 0, 0.000, 0, 0, 0.000000, 0.000000, 0, 0, 0, 0, 0, 0, 2, 0
1776967455, 0, 1, 570, 570, 30, 7.21%, 0, 0, 2, 5.66, 16, 105, 0, 367, 102648, 40244, 0, 0.000, 0, 0, 0.000000, 0.000000, 0, 0, 0, 0, 0, 0, 2, 0
1776967476, 0, 1, 571, 571, 30, 7.21%, 0, 0, 2, 5.49, 16, 105, 0, 367, 102648, 40244, 0, 0.000, 0, 0, 0.000000, 0.000000, 0, 0, 0, 0, 0, 0, 2, 0
1776967481, 0, 1, 572, 572, 30, 7.21%, 0, 0, 2, 5.60, 16, 105, 0, 367, 102648, 40244, 0, 0.000, 0, 0, 0.000000, 0.000000, 0, 0, 0, 0, 0, 0, 2, 0
1776967524, 0, 1, 573, 573, 30, 7.21%, 0, 0, 2, 5.41, 16, 105, 0, 367, 102648, 40244, 0, 0.000, 0, 0, 0.000000, 0.000000, 0, 0, 0, 0, 0, 0, 3, 0
1776967550, 0, 1, 574, 574, 30, 7.21%, 0, 0, 2, 5.53, 16, 105, 0, 367, 102648, 40244, 0, 0.000, 0, 0, 0.000000, 0.000000, 0, 0, 0, 0, 0, 0, 3, 0
1776967571, 0, 1, 575, 575, 30, 7.22%, 0, 0, 2, 5.46, 16, 105, 0, 367, 102648, 40244, 0, 0.000, 0, 0, 0.000000, 0.000000, 0, 0, 0, 0, 0, 0, 3, 0
1776967577, 0, 1, 576, 576, 30, 7.22%, 0, 0, 2, 0.65, 16, 105, 0, 367, 102648, 40244, 0, 0.000, 0, 0, 0.000000, 0.000000, 0, 0, 0, 0, 0, 0, 3, 0
1776967582, 0, 1, 577, 577, 30, 7.22%, 0, 0, 2, 5.25, 16, 105, 0, 367, 102648, 40244, 0, 0.000, 0, 0, 0.000000, 0.000000, 0, 0, 0, 0, 0, 0, 3, 0
1776967587, 0, 1, 578, 578, 30, 7.23%, 0, 0, 2, 5.20, 16, 105, 0, 367, 102648, 40244, 0, 0.000, 0, 0, 0.000000, 0.000000, 0, 0, 0, 0, 0, 0, 3, 0
1776967608, 0, 1, 579, 579, 30, 7.23%, 0, 0, 2, 6.19, 16, 107, 0, 367, 102648, 40244, 0, 0.000, 0, 0, 0.000000, 0.000000, 0, 0, 0, 0, 0, 0, 3, 0
1776967654, 0, 1, 580, 580, 30, 7.23%, 0, 0, 2, 6.14, 16, 107, 0, 367, 102648, 40244, 0, 0.000, 0, 0, 0.000000, 0.000000, 0, 0, 0, 0, 0, 0, 4, 0
1776967659, 0, 1, 581, 581, 30, 7.23%, 0, 0, 2, 2.88, 16, 107, 0, 367, 102648, 40244, 0, 0.000, 0, 0, 0.000000, 0.000000, 0, 0, 0, 0, 0, 0, 4, 0
1776967685, 0, 1, 582, 582, 30, 7.23%, 0, 0, 2, 5.89, 16, 107, 0, 367, 102648, 40244, 0, 0.000, 0, 0, 0.000000, 0.000000, 0, 0, 0, 0, 0, 0, 4, 0
1776967711, 0, 1, 583, 583, 30, 7.23%, 0, 0, 2, 5.62, 16, 107, 0, 367, 102648, 40244, 0, 0.000, 0, 0, 0.000000, 0.000000, 0, 0, 0, 0, 0, 0, 4, 0
1776967747, 0, 1, 584, 584, 30, 7.23%, 0, 0, 2, 5.36, 16, 107, 0, 367, 102648, 40244, 0, 0.000, 0, 0, 0.000000, 0.000000, 0, 0, 0, 0, 0, 0, 4, 0
1776967794, 0, 1, 585, 585, 30, 7.23%, 0, 0, 2, 5.42, 16, 107, 0, 367, 102648, 40244, 0, 0.000, 0, 0, 0.000000, 0.000000, 0, 0, 0, 0, 0, 0, 5, 0
1776967804, 0, 1, 586, 586, 30, 7.23%, 0, 0, 2, 5.78, 16, 107, 0, 367, 102648, 40244, 0, 0.000, 0, 0, 0.000000, 0.000000, 0, 0, 0, 0, 0, 0, 5, 0
1776967830, 0, 1, 587, 587, 30, 7.23%, 0, 0, 2, 5.41, 16, 107, 0, 367, 102648, 40244, 0, 0.000, 0, 0, 0.000000, 0.000000, 0, 0, 0, 0, 0, 0, 5, 0
1776967835, 0, 1, 588, 588, 30, 7.23%, 0, 0, 2, 5.81, 16, 107, 0, 367, 102648, 40244, 0, 0.000, 0, 0, 0.000000, 0.000000, 0, 0, 0, 0, 0, 0, 5, 0
1776967841, 0, 1, 589, 589, 30, 7.23%, 0, 0, 2, 6.67, 16, 107, 0, 367, 102648, 40244, 0, 0.000, 0, 0, 0.000000, 0.000000, 0, 0, 0, 0, 0, 0, 5, 0
1776967872, 0, 1, 590, 590, 30, 7.24%, 0, 0, 2, 5.69, 16, 107, 0, 367, 102648, 40244, 0, 0.000, 0, 0, 0.000000, 0.000000, 0, 0, 0, 0, 0, 0, 5, 0
1776967888, 0, 1, 591, 591, 30, 7.24%, 0, 0, 2, 0.66, 16, 107, 0, 367, 102648, 40244, 0, 0.000, 0, 0, 0.000000, 0.000000, 0, 0, 0, 0, 0, 0, 5, 0
1776967893, 0, 1, 592, 592, 30, 7.24%, 0, 0, 2, 5.89, 16, 107, 0, 367, 102648, 40244, 0, 0.000, 0, 0, 0.000000, 0.000000, 0, 0, 0, 0, 0, 0, 5, 0
1776967929, 0, 1, 593, 593, 30, 7.24%, 0, 0, 2, 4.95, 16, 107, 0, 367, 102648, 40244, 0, 0.000, 0, 0, 0.000000, 0.000000, 0, 0, 0, 0, 0, 0, 5, 0
1776967935, 0, 1, 594, 594, 30, 7.24%, 0, 0, 2, 5.42, 16, 107, 0, 367, 102648, 40244, 0, 0.000, 0, 0, 0.000000, 0.000000, 0, 0, 0, 0, 0, 0, 5, 0
1776967956, 0, 1, 595, 595, 30, 7.24%, 0, 0, 2, 5.22, 16, 107, 0, 367, 102648, 40244, 0, 0.000, 0, 0, 0.000000, 0.000000, 0, 0, 0, 0, 0, 0, 5, 0
1776968007, 0, 1, 596, 596, 30, 7.24%, 0, 0, 2, 5.63, 16, 107, 0, 367, 102648, 40244, 0, 0.000, 0, 0, 0.000000, 0.000000, 0, 0, 0, 0, 0, 0, 6, 0
1776968012, 0, 1, 597, 597, 30, 7.24%, 0, 0, 2, 5.54, 16, 107, 0, 367, 102648, 40244, 0, 0.000, 0, 0, 0.000000, 0.000000, 0, 0, 0, 0, 0, 0, 6, 0
1776968018, 0, 1, 598, 598, 30, 7.25%, 0, 0, 2, 5.78, 16, 107, 0, 367, 102648, 40244, 0, 0.000, 0, 0, 0.000000, 0.000000, 0, 0, 0, 0, 0, 0, 6, 0
1776968023, 0, 1, 599, 599, 30, 7.25%, 0, 0, 2, 5.64, 16, 107, 0, 367, 102648, 40244, 0, 0.000, 0, 0, 0.000000, 0.000000, 0, 0, 0, 0, 0, 0, 6, 0
1776968043, 0, 1, 600, 600, 30, 7.25%, 0, 0, 2, 0.66, 16, 107, 0, 367, 102648, 40244, 0, 0.000, 0, 0, 0.000000, 0.000000, 0, 0, 0, 0, 0, 0, 6, 0
1776968059, 0, 1, 601, 601, 30, 7.25%, 0, 0, 2, 5.21, 16, 107, 0, 367, 102648, 40244, 0, 0.000, 0, 0, 0.000000, 0.000000, 0, 0, 0, 0, 0, 0, 6, 0
1776968069, 0, 1, 602, 602, 30, 7.26%, 0, 0, 2, 5.30, 16, 107, 0, 367, 102648, 40244, 0, 0.000, 0, 0, 0.000000, 0.000000, 0, 0, 0, 0, 0, 0, 6, 0
1776968085, 0, 1, 603, 603, 30, 7.26%, 0, 0, 2, 5.50, 16, 107, 0, 367, 102648, 40244, 0, 0.000, 0, 0, 0.000000, 0.000000, 0, 0, 0, 0, 0, 0, 6, 0
1776968116, 0, 1, 604, 604, 30, 7.26%, 0, 0, 2, 3.13, 16, 107, 0, 367, 102648, 40244, 0, 0.000, 0, 0, 0.000000, 0.000000, 0, 0, 0, 0, 0, 0, 6, 0
1776968146, 0, 1, 605, 605, 30, 7.27%, 0, 0, 2, 5.57, 16, 107, 0, 367, 102648, 40244, 0, 0.000, 0, 0, 0.000000, 0.000000, 0, 0, 0, 0, 0, 0, 6, 0
1776968214, 0, 1, 606, 606, 30, 7.27%, 0, 0, 2, 5.35, 16, 107, 0, 367, 102648, 40244, 0, 0.000, 0, 0, 0.000000, 0.000000, 0, 0, 0, 0, 0, 0, 7, 0
1776968224, 0, 1, 607, 607, 30, 7.27%, 0, 0, 2, 5.17, 16, 107, 0, 367, 102648, 40244, 0, 0.000, 0, 0, 0.000000, 0.000000, 0, 0, 0, 0, 0, 0, 7, 0
1776968282, 0, 1, 608, 608, 30, 7.27%, 0, 0, 2, 0.66, 16, 107, 0, 367, 102648, 40244, 0, 0.000, 0, 0, 0.000000, 0.000000, 0, 0, 0, 0, 0, 0, 8, 0
1776968292, 0, 1, 609, 609, 30, 7.27%, 0, 0, 2, 5.00, 16, 107, 0, 367, 102648, 40244, 0, 0.000, 0, 0, 0.000000, 0.000000, 0, 0, 0, 0, 0, 0, 8, 0
1776968313, 0, 1, 610, 610, 30, 7.27%, 0, 0, 2, 5.19, 16, 107, 0, 367, 102648, 40244, 0, 0.000, 0, 0, 0.000000, 0.000000, 0, 0, 0, 0, 0, 0, 8, 0
1776968359, 0, 1, 611, 611, 30, 7.27%, 0, 0, 2, 5.39, 16, 107, 0, 367, 102648, 40244, 0, 0.000, 0, 0, 0.000000, 0.000000, 0, 0, 0, 0, 0, 0, 9, 0
1776968364, 0, 1, 612, 612, 30, 7.27%, 0, 0, 2, 5.45, 16, 107, 0, 367, 102648, 40244, 0, 0.000, 0, 0, 0.000000, 0.000000, 0, 0, 0, 0, 0, 0, 9, 0
1776968385, 0, 1, 613, 613, 30, 7.27%, 0, 0, 2, 5.30, 16, 107, 0, 367, 102648, 40244, 0, 0.000, 0, 0, 0.000000, 0.000000, 0, 0, 0, 0, 0, 0, 9, 0
1776968391, 0, 1, 615, 615, 30, 7.28%, 0, 0, 2, 5.10, 16, 107, 0, 367, 102648, 40244, 0, 0.000, 0, 0, 0.000000, 0.000000, 0, 0, 0, 0, 0, 0, 9, 0
1776968428, 0, 1, 617, 617, 30, 7.28%, 0, 0, 2, 5.29, 16, 107, 0, 367, 102648, 40244, 0, 0.000, 0, 0, 0.000000, 0.000000, 0, 0, 0, 0, 0, 0, 9, 0
1776968454, 0, 1, 618, 618, 30, 7.28%, 0, 0, 2, 5.40, 16, 107, 0, 367, 102648, 40244, 0, 0.000, 0, 0, 0.000000, 0.000000, 0, 0, 0, 0, 0, 0, 9, 0
1776968459, 0, 1, 619, 619, 30, 7.28%, 0, 0, 2, 5.59, 16, 107, 0, 367, 102648, 40244, 0, 0.000, 0, 0, 0.000000, 0.000000, 0, 0, 0, 0, 0, 0, 9, 0
1776968490, 0, 1, 620, 620, 30, 7.28%, 0, 0, 2, 5.49, 16, 107, 0, 367, 102648, 40244, 0, 0.000, 0, 0, 0.000000, 0.000000, 0, 0, 0, 0, 0, 0, 9, 0
1776968527, 0, 1, 621, 621, 30, 7.28%, 0, 0, 2, 5.70, 16, 107, 0, 367, 102648, 40244, 0, 0.000, 0, 0, 0.000000, 0.000000, 0, 0, 0, 0, 0, 0, 9, 0
1776968537, 0, 1, 622, 622, 30, 7.28%, 0, 0, 2, 5.60, 16, 107, 0, 367, 102648, 40244, 0, 0.000, 0, 0, 0.000000, 0.000000, 0, 0, 0, 0, 0, 0, 9, 0
1776968542, 0, 1, 624, 624, 30, 7.28%, 0, 0, 2, 5.32, 16, 108, 0, 367, 102648, 40244, 0, 0.000, 0, 0, 0.000000, 0.000000, 0, 0, 0, 0, 0, 0, 9, 0
1776968548, 0, 1, 625, 625, 30, 7.29%, 0, 0, 2, 5.24, 16, 110, 0, 367, 102648, 40244, 0, 0.000, 0, 0, 0.000000, 0.000000, 0, 0, 0, 0, 0, 0, 9, 0
1776968553, 0, 1, 627, 627, 30, 7.30%, 0, 0, 2, 5.51, 16, 110, 0, 367, 102648, 40244, 0, 0.000, 0, 0, 0.000000, 0.000000, 0, 0, 0, 0, 0, 0, 9, 0
1776968590, 0, 1, 628, 628, 30, 7.30%, 0, 0, 2, 5.47, 16, 110, 0, 367, 102648, 40244, 0, 0.000, 0, 0, 0.000000, 0.000000, 0, 0, 0, 0, 0, 0, 9, 0
1776968605, 0, 1, 629, 629, 30, 7.30%, 0, 0, 2, 6.59, 16, 110, 0, 367, 102648, 40244, 0, 0.000, 0, 0, 0.000000, 0.000000, 0, 0, 0, 0, 0, 0, 9, 0
1776968615, 0, 1, 631, 631, 30, 7.30%, 0, 0, 2, 6.30, 16, 110, 0, 367, 102648, 40244, 0, 0.000, 0, 0, 0.000000, 0.000000, 0, 0, 0, 0, 0, 0, 9, 0
1776968631, 0, 1, 632, 632, 30, 7.31%, 0, 0, 2, 6.48, 16, 110, 0, 367, 102648, 40244, 0, 0.000, 0, 0, 0.000000, 0.000000, 0, 0, 0, 0, 0, 0, 9, 0
1776968657, 0, 1, 633, 633, 30, 7.31%, 0, 0, 2, 5.49, 16, 110, 0, 367, 102648, 40244, 0, 0.000, 0, 0, 0.000000, 0.000000, 0, 0, 0, 0, 0, 0, 9, 0
1776968663, 0, 1, 634, 634, 30, 7.31%, 0, 0, 2, 1.11, 16, 110, 0, 367, 102648, 40244, 0, 0.000, 0, 0, 0.000000, 0.000000, 0, 0, 0, 0, 0, 0, 9, 0
1776968668, 0, 1, 635, 635, 30, 7.32%, 0, 0, 2, 3.90, 16, 110, 0, 367, 102648, 40244, 0, 0.000, 0, 0, 0.000000, 0.000000, 0, 0, 0, 0, 0, 0, 9, 0
1776968673, 0, 1, 636, 636, 30, 7.32%, 0, 0, 2, 0.67, 16, 110, 0, 367, 102648, 40244, 0, 0.000, 0, 0, 0.000000, 0.000000, 0, 0, 0, 0, 0, 0, 9, 0
1776968694, 0, 1, 638, 638, 30, 7.32%, 0, 0, 2, 5.24, 16, 110, 0, 367, 102648, 40244, 0, 0.000, 0, 0, 0.000000, 0.000000, 0, 0, 0, 0, 0, 0, 9, 0
1776968704, 0, 1, 639, 639, 30, 7.32%, 0, 0, 2, 5.20, 16, 110, 0, 367, 102648, 40244, 0, 0.000, 0, 0, 0.000000, 0.000000, 0, 0, 0, 0, 0, 0, 9, 0
1776968715, 0, 1, 640, 640, 30, 7.33%, 0, 0, 2, 6.78, 16, 110, 0, 367, 102648, 40244, 0, 0.000, 0, 0, 0.000000, 0.000000, 0, 0, 0, 0, 0, 0, 9, 0
1776968725, 0, 1, 641, 641, 30, 7.33%, 0, 0, 2, 5.66, 16, 110, 0, 367, 102648, 40244, 0, 0.000, 0, 0, 0.000000, 0.000000, 0, 0, 0, 0, 0, 0, 9, 0
1776968783, 1, 9, 643, 642, 0, 7.33%, 0, 0, 2, 5.40, 16, 110, 0, 367, 102648, 40244, 0, 0.000, 0, 0, 0.000000, 0.000000, 0, 0, 0, 0, 0, 0, 10, 0
1776968788, 1, 9, 645, 644, 0, 7.33%, 0, 0, 2, 6.29, 16, 110, 0, 367, 102648, 40244, 0, 0.000, 0, 0, 0.000000, 0.000000, 0, 0, 0, 0, 0, 0, 10, 0
1776968798, 1, 9, 646, 645, 0, 7.33%, 0, 0, 2, 5.18, 16, 110, 0, 367, 102648, 40244, 0, 0.000, 0, 0, 0.000000, 0.000000, 0, 0, 0, 0, 0, 0, 10, 0
1776968803, 1, 9, 647, 646, 0, 7.33%, 0, 0, 2, 5.12, 16, 110, 0, 367, 102648, 40244, 0, 0.000, 0, 0, 0.000000, 0.000000, 0, 0, 0, 0, 0, 0, 10, 0
1776968814, 1, 9, 649, 648, 0, 7.33%, 0, 0, 2, 5.21, 16, 110, 0, 367, 102648, 40244, 0, 0.000, 0, 0, 0.000000, 0.000000, 0, 0, 0, 0, 0, 0, 10, 0
1776968819, 1, 9, 651, 650, 0, 7.40%, 0, 0, 2, 5.16, 16, 110, 0, 367, 102648, 40244, 0, 0.000, 0, 0, 0.000000, 0.000000, 0, 0, 0, 0, 0, 0, 10, 0
1776968829, 1, 9, 653, 652, 0, 7.41%, 0, 0, 2, 5.27, 16, 110, 0, 367, 102648, 40244, 0, 0.000, 0, 0, 0.000000, 0.000000, 0, 0, 0, 0, 0, 0, 10, 0
1776968840, 1, 9, 654, 653, 0, 7.41%, 0, 0, 2, 5.64, 16, 110, 0, 367, 102648, 40244, 0, 0.000, 0, 0, 0.000000, 0.000000, 0, 0, 0, 0, 0, 0, 10, 0
1776968845, 1, 9, 655, 654, 0, 7.41%, 0, 0, 2, 5.55, 16, 110, 0, 367, 102648, 40244, 0, 0.000, 0, 0, 0.000000, 0.000000, 0, 0, 0, 0, 0, 0, 10, 0
1776968850, 1, 9, 657, 656, 0, 7.41%, 0, 0, 2, 5.89, 16, 110, 0, 367, 102648, 40244, 0, 0.000, 0, 0, 0.000000, 0.000000, 0, 0, 0, 0, 0, 0, 10, 0
1776968855, 1, 9, 658, 657, 0, 7.42%, 0, 0, 2, 5.16, 16, 110, 0, 367, 102648, 40244, 0, 0.000, 0, 0, 0.000000, 0.000000, 0, 0, 0, 0, 0, 0, 10, 0
1776968860, 1, 9, 660, 659, 0, 7.42%, 0, 0, 2, 4.81, 16, 112, 0, 367, 102648, 40244, 0, 0.000, 0, 0, 0.000000, 0.000000, 0, 0, 0, 0, 0, 0, 10, 0
1776968865, 1, 9, 661, 660, 0, 7.42%, 0, 0, 2, 5.20, 16, 112, 0, 367, 102648, 40244, 0, 0.000, 0, 0, 0.000000, 0.000000, 0, 0, 0, 0, 0, 0, 10, 0
1776968876, 1, 9, 662, 661, 0, 7.42%, 0, 0, 2, 5.64, 16, 112, 0, 367, 102648, 40244, 0, 0.000, 0, 0, 0.000000, 0.000000, 0, 0, 0, 0, 0, 0, 10, 0
1776968881, 1, 9, 663, 662, 0, 7.42%, 0, 0, 2, 5.30, 16, 113, 0, 367, 102648, 40244, 0, 0.000, 0, 0, 0.000000, 0.000000, 0, 0, 0, 0, 0, 0, 10, 0
1776968901, 1, 9, 664, 663, 0, 7.42%, 0, 0, 2, 5.51, 16, 113, 0, 367, 102648, 40244, 0, 0.000, 0, 0, 0.000000, 0.000000, 0, 0, 0, 0, 0, 0, 10, 0
1776968907, 1, 9, 665, 664, 0, 7.42%, 0, 0, 2, 5.46, 16, 113, 0, 367, 102648, 40244, 0, 0.000, 0, 0, 0.000000, 0.000000, 0, 0, 0, 0, 0, 0, 10, 0
1776968917, 1, 9, 667, 666, 0, 7.42%, 0, 0, 2, 5.12, 16, 114, 0, 367, 102648, 40244, 0, 0.000, 0, 0, 0.000000, 0.000000, 0, 0, 0, 0, 0, 0, 10, 0
1776968922, 1, 9, 668, 667, 0, 7.42%, 0, 0, 2, 5.02, 16, 114, 0, 367, 102648, 40244, 0, 0.000, 0, 0, 0.000000, 0.000000, 0, 0, 0, 0, 0, 0, 10, 0
1776968927, 1, 9, 670, 669, 0, 7.42%, 0, 0, 2, 4.96, 16, 115, 0, 367, 102648, 40244, 0, 0.000, 0, 0, 0.000000, 0.000000, 0, 0, 0, 0, 0, 0, 10, 0
1776968932, 1, 9, 671, 670, 0, 7.42%, 0, 0, 2, 4.92, 16, 115, 0, 367, 102648, 40244, 0, 0.000, 0, 0, 0.000000, 0.000000, 0, 0, 0, 0, 0, 0, 10, 0
1776968938, 1, 9, 673, 672, 0, 7.42%, 0, 0, 2, 5.19, 16, 115, 0, 367, 102648, 40244, 0, 0.000, 0, 0, 0.000000, 0.000000, 0, 0, 0, 0, 0, 0, 10, 0
1776968948, 1, 9, 674, 673, 0, 7.42%, 0, 0, 2, 5.86, 16, 115, 0, 367, 102648, 40244, 0, 0.000, 0, 0, 0.000000, 0.000000, 0, 0, 0, 0, 0, 0, 10, 0
1776968995, 1, 9, 675, 674, 0, 7.42%, 0, 0, 2, 6.16, 16, 115, 0, 367, 102648, 40244, 0, 0.000, 0, 0, 0.000000, 0.000000, 0, 0, 0, 0, 0, 0, 11, 0
1776969010, 1, 9, 676, 675, 0, 7.42%, 0, 0, 2, 5.34, 16, 115, 0, 367, 102648, 40244, 0, 0.000, 0, 0, 0.000000, 0.000000, 0, 0, 0, 0, 0, 0, 11, 0
1776969015, 1, 9, 677, 676, 0, 7.42%, 0, 0, 2, 6.25, 16, 115, 0, 367, 102648, 40244, 0, 0.000, 0, 0, 0.000000, 0.000000, 0, 0, 0, 0, 0, 0, 11, 0
1776969031, 1, 9, 678, 677, 0, 7.42%, 0, 0, 2, 5.08, 16, 115, 0, 367, 102648, 40244, 0, 0.000, 0, 0, 0.000000, 0.000000, 0, 0, 0, 0, 0, 0, 11, 0
1776969041, 1, 9, 679, 678, 0, 7.42%, 0, 0, 2, 5.64, 16, 115, 0, 367, 102648, 40244, 0, 0.000, 0, 0, 0.000000, 0.000000, 0, 0, 0, 0, 0, 0, 11, 0
1776969051, 1, 9, 680, 679, 0, 7.42%, 0, 0, 2, 6.43, 16, 115, 0, 367, 102648, 40244, 0, 0.000, 0, 0, 0.000000, 0.000000, 0, 0, 0, 0, 0, 0, 11, 0
1776969077, 1, 9, 681, 680, 0, 7.42%, 0, 0, 2, 3.13, 16, 115, 0, 367, 102648, 40244, 0, 0.000, 0, 0, 0.000000, 0.000000, 0, 0, 0, 0, 0, 0, 11, 0
1776969088, 1, 9, 682, 681, 0, 7.42%, 0, 0, 2, 4.54, 16, 115, 0, 367, 102648, 40244, 0, 0.000, 0, 0, 0.000000, 0.000000, 0, 0, 0, 0, 0, 0, 11, 0
1776969098, 1, 9, 683, 682, 0, 7.43%, 0, 0, 2, 6.12, 16, 115, 0, 367, 102648, 40244, 0, 0.000, 0, 0, 0.000000, 0.000000, 0, 0, 0, 0, 0, 0, 11, 0
1776969114, 1, 9, 684, 683, 0, 7.43%, 0, 0, 2, 5.83, 16, 115, 0, 367, 102648, 40244, 0, 0.000, 0, 0, 0.000000, 0.000000, 0, 0, 0, 0, 0, 0, 11, 0
1776969124, 1, 9, 685, 684, 0, 7.43%, 0, 0, 2, 5.63, 16, 115, 0, 367, 102648, 40244, 0, 0.000, 0, 0, 0.000000, 0.000000, 0, 0, 0, 0, 0, 0, 11, 0
1776969129, 1, 9, 686, 685, 0, 7.43%, 0, 0, 2, 5.10, 16, 115, 0, 367, 102648, 40244, 0, 0.000, 0, 0, 0.000000, 0.000000, 0, 0, 0, 0, 0, 0, 11, 0
1776969160, 1, 9, 687, 686, 0, 7.43%, 0, 0, 2, 5.52, 16, 115, 0, 367, 102648, 40244, 0, 0.000, 0, 0, 0.000000, 0.000000, 0, 0, 0, 0, 0, 0, 11, 0
1776969182, 1, 9, 688, 687, 0, 7.43%, 0, 0, 2, 6.86, 16, 115, 0, 367, 102648, 40244, 0, 0.000, 0, 0, 0.000000, 0.000000, 0, 0, 0, 0, 0, 0, 11, 0
1776969187, 1, 9, 689, 688, 0, 7.43%, 0, 0, 2, 6.46, 16, 115, 0, 367, 102648, 40244, 0, 0.000, 0, 0, 0.000000, 0.000000, 0, 0, 0, 0, 0, 0, 11, 0
1776969212, 1, 9, 690, 689, 0, 7.44%, 0, 0, 2, 6.88, 16, 115, 0, 367, 102648, 40244, 0, 0.000, 0, 0, 0.000000, 0.000000, 0, 0, 0, 0, 0, 0, 11, 0
1776969238, 1, 9, 691, 690, 0, 7.44%, 0, 0, 2, 5.80, 16, 115, 0, 367, 102648, 40244, 0, 0.000, 0, 0, 0.000000, 0.000000, 0, 0, 0, 0, 0, 0, 11, 0
1776969244, 1, 9, 692, 691, 0, 7.44%, 0, 0, 2, 5.89, 16, 115, 0, 367, 102648, 40244, 0, 0.000, 0, 0, 0.000000, 0.000000, 0, 0, 0, 0, 0, 0, 11, 0
1776969385, 1, 9, 694, 693, 0, 7.44%, 0, 0, 2, 5.54, 16, 117, 0, 367, 102648, 40244, 0, 0.000, 0, 0, 0.000000, 0.000000, 0, 0, 0, 0, 0, 0, 14, 0
1776969412, 1, 9, 695, 694, 0, 7.44%, 0, 0, 2, 5.57, 16, 117, 0, 367, 102648, 40244, 0, 0.000, 0, 0, 0.000000, 0.000000, 0, 0, 0, 0, 0, 0, 14, 0
1776969427, 1, 9, 696, 695, 0, 7.44%, 0, 0, 2, 5.76, 16, 117, 0, 367, 102648, 40244, 0, 0.000, 0, 0, 0.000000, 0.000000, 0, 0, 0, 0, 0, 0, 14, 0
1776969449, 1, 9, 697, 696, 0, 7.44%, 0, 0, 2, 7.96, 16, 117, 0, 367, 102648, 40244, 0, 0.000, 0, 0, 0.000000, 0.000000, 0, 0, 0, 0, 0, 0, 14, 0
1776969454, 1, 9, 698, 697, 0, 7.44%, 0, 0, 2, 6.64, 16, 117, 0, 367, 102648, 40244, 0, 0.000, 0, 0, 0.000000, 0.000000, 0, 0, 0, 0, 0, 0, 14, 0
1776969459, 1, 9, 699, 698, 0, 7.44%, 0, 0, 2, 6.45, 16, 117, 0, 367, 102648, 40244, 0, 0.000, 0, 0, 0.000000, 0.000000, 0, 0, 0, 0, 0, 0, 14, 0
1776969470, 1, 9, 700, 699, 0, 7.44%, 0, 0, 2, 1.03, 16, 117, 0, 367, 102648, 40244, 0, 0.000, 0, 0, 0.000000, 0.000000, 0, 0, 0, 0, 0, 0, 14, 0
1776969491, 1, 9, 701, 700, 0, 7.44%, 0, 0, 2, 5.57, 16, 117, 0, 367, 102648, 40244, 0, 0.000, 0, 0, 0.000000, 0.000000, 0, 0, 0, 0, 0, 0, 14, 0
1776969496, 1, 9, 702, 701, 0, 7.44%, 0, 0, 2, 5.93, 16, 118, 0, 367, 102648, 40244, 0, 0.000, 0, 0, 0.000000, 0.000000, 0, 0, 0, 0, 0, 0, 14, 0
1776969553, 1, 9, 703, 702, 0, 7.45%, 0, 0, 2, 6.28, 16, 118, 0, 367, 102648, 40244, 0, 0.000, 0, 0, 0.000000, 0.000000, 0, 0, 0, 0, 0, 0, 15, 0
1776969558, 1, 9, 704, 703, 0, 7.45%, 0, 0, 2, 4.54, 16, 118, 0, 367, 102648, 40244, 0, 0.000, 0, 0, 0.000000, 0.000000, 0, 0, 0, 0, 0, 0, 15, 0
1776969568, 1, 9, 705, 704, 0, 7.45%, 0, 0, 2, 5.57, 16, 118, 0, 367, 102648, 40244, 0, 0.000, 0, 0, 0.000000, 0.000000, 0, 0, 0, 0, 0, 0, 15, 0
1776969573, 1, 9, 706, 705, 0, 7.45%, 0, 0, 2, 5.18, 16, 118, 0, 367, 102648, 40244, 0, 0.000, 0, 0, 0.000000, 0.000000, 0, 0, 0, 0, 0, 0, 15, 0
1776969599, 1, 9, 707, 706, 0, 7.45%, 0, 0, 2, 6.24, 16, 118, 0, 367, 102648, 40244, 0, 0.000, 0, 0, 0.000000, 0.000000, 0, 0, 0, 0, 0, 0, 15, 0
1776969631, 1, 9, 708, 707, 0, 7.45%, 0, 0, 2, 5.73, 16, 118, 0, 367, 102648, 40244, 0, 0.000, 0, 0, 0.000000, 0.000000, 0, 0, 0, 0, 0, 0, 15, 0
1776969641, 1, 9, 709, 708, 0, 7.45%, 0, 0, 2, 5.15, 16, 118, 0, 367, 102648, 40244, 0, 0.000, 0, 0, 0.000000, 0.000000, 0, 0, 0, 0, 0, 0, 15, 0
1776969646, 1, 9, 711, 710, 0, 7.46%, 0, 0, 2, 5.24, 16, 118, 0, 367, 102648, 40244, 0, 0.000, 0, 0, 0.000000, 0.000000, 0, 0, 0, 0, 0, 0, 15, 0
1776969657, 1, 9, 712, 711, 0, 7.46%, 0, 0, 2, 5.88, 16, 118, 0, 367, 102648, 40244, 0, 0.000, 0, 0, 0.000000, 0.000000, 0, 0, 0, 0, 0, 0, 15, 0
1776969683, 1, 9, 713, 712, 0, 7.46%, 0, 0, 2, 5.97, 16, 118, 0, 367, 102648, 40244, 0, 0.000, 0, 0, 0.000000, 0.000000, 0, 0, 0, 0, 0, 0, 15, 0
1776969751, 1, 9, 714, 713, 0, 7.46%, 0, 0, 2, 6.32, 16, 118, 0, 367, 102648, 40244, 0, 0.000, 0, 0, 0.000000, 0.000000, 0, 0, 0, 0, 0, 0, 16, 0
1776969803, 1, 9, 715, 714, 0, 7.47%, 0, 0, 2, 0.99, 16, 118, 0, 367, 102648, 40244, 0, 0.000, 0, 0, 0.000000, 0.000000, 0, 0, 0, 0, 0, 0, 17, 0
1776969840, 1, 9, 716, 715, 0, 7.47%, 0, 0, 2, 5.43, 16, 118, 0, 367, 102648, 40244, 0, 0.000, 0, 0, 0.000000, 0.000000, 0, 0, 0, 0, 0, 0, 17, 0
1776969876, 1, 9, 717, 716, 0, 7.47%, 0, 0, 2, 6.04, 16, 118, 0, 367, 102648, 40244, 0, 0.000, 0, 0, 0.000000, 0.000000, 0, 0, 0, 0, 0, 0, 17, 0
1776969892, 1, 9, 718, 717, 0, 7.47%, 0, 0, 2, 3.99, 16, 118, 0, 367, 102648, 40244, 0, 0.000, 0, 0, 0.000000, 0.000000, 0, 0, 0, 0, 0, 0, 17, 0
1776969949, 1, 9, 719, 718, 0, 7.47%, 0, 0, 2, 5.35, 16, 118, 0, 367, 102648, 40244, 0, 0.000, 0, 0, 0.000000, 0.000000, 0, 0, 0, 0, 0, 0, 18, 0
1776969991, 1, 9, 720, 719, 0, 7.47%, 0, 0, 2, 5.55, 16, 118, 0, 367, 102648, 40244, 0, 0.000, 0, 0, 0.000000, 0.000000, 0, 0, 0, 0, 0, 0, 19, 0
1776970028, 1, 9, 721, 720, 0, 7.47%, 0, 0, 2, 6.22, 16, 118, 0, 367, 102648, 40244, 0, 0.000, 0, 0, 0.000000, 0.000000, 0, 0, 0, 0, 0, 0, 19, 0
1776970168, 2, 415, 722, 720, 5, 7.47%, 0, 0, 2, 0.01, 16, 119, 1, 368, 102648, 40244, 0, 0.500, 0, 0, 0.000000, 0.000000, 0, 0, 0, 0, 0, 0, 20, 0
1776970174, 2, 415, 723, 721, 5, 7.47%, 0, 0, 2, 4.64, 16, 119, 1, 368, 102648, 40244, 0, 0.500, 0, 0, 0.000000, 0.000000, 0, 0, 0, 0, 0, 0, 20, 0
1776970179, 2, 415, 724, 722, 5, 7.48%, 0, 0, 2, 4.87, 16, 119, 1, 368, 102648, 40244, 0, 0.500, 0, 0, 0.000000, 0.000000, 0, 0, 0, 0, 0, 0, 20, 0
1776970194, 2, 415, 725, 723, 5, 7.48%, 0, 0, 2, 4.84, 16, 119, 1, 368, 102648, 40244, 0, 0.500, 0, 0, 0.000000, 0.000000, 0, 0, 0, 0, 0, 0, 20, 0
1776970199, 2, 415, 726, 724, 5, 7.48%, 0, 0, 2, 5.13, 16, 119, 1, 368, 102648, 40244, 0, 0.500, 0, 0, 0.000000, 0.000000, 0, 0, 0, 0, 0, 0, 20, 0
1776970204, 2, 415, 727, 725, 5, 7.48%, 0, 0, 2, 4.95, 16, 120, 1, 368, 102648, 40244, 0, 0.500, 0, 0, 0.000000, 0.000000, 0, 0, 0, 0, 0, 0, 20, 0
1776970215, 2, 415, 728, 726, 5, 7.48%, 0, 0, 2, 4.95, 16, 120, 1, 368, 102648, 40244, 0, 0.500, 0, 0, 0.000000, 0.000000, 0, 0, 0, 0, 0, 0, 20, 0
1776970220, 2, 415, 729, 727, 5, 7.48%, 0, 0, 2, 5.05, 16, 120, 1, 368, 102648, 40244, 0, 0.500, 0, 0, 0.000000, 0.000000, 0, 0, 0, 0, 0, 0, 20, 0
1776970225, 2, 415, 730, 728, 5, 7.49%, 0, 0, 2, 4.95, 16, 120, 1, 368, 102648, 40244, 0, 0.500, 0, 0, 0.000000, 0.000000, 0, 0, 0, 0, 0, 0, 20, 0
1776970236, 2, 415, 731, 729, 5, 7.49%, 0, 0, 2, 5.00, 16, 120, 1, 368, 102648, 40244, 0, 0.500, 0, 0, 0.000000, 0.000000, 0, 0, 0, 0, 0, 0, 20, 0
1776970246, 2, 415, 732, 730, 5, 7.49%, 0, 0, 2, 4.99, 16, 120, 1, 368, 102648, 40244, 0, 0.500, 0, 0, 0.000000, 0.000000, 0, 0, 0, 0, 0, 0, 20, 0
1776970251, 2, 415, 733, 731, 5, 7.49%, 0, 0, 2, 5.34, 16, 120, 1, 368, 102648, 40244, 0, 0.500, 0, 0, 0.000000, 0.000000, 0, 0, 0, 0, 0, 0, 20, 0
1776970261, 2, 415, 734, 732, 5, 7.49%, 0, 0, 2, 5.18, 16, 121, 1, 368, 102648, 40244, 0, 0.449, 0, 1, 0.000000, 0.000000, 0, 0, 0, 0, 0, 0, 20, 0
1776970277, 2, 415, 735, 733, 5, 7.49%, 0, 0, 2, 5.32, 16, 121, 1, 368, 102648, 40244, 0, 0.449, 0, 1, 0.000000, 0.000000, 0, 0, 0, 0, 0, 0, 20, 0
1776970334, 2, 415, 736, 734, 5, 7.49%, 0, 0, 2, 5.09, 16, 121, 1, 368, 102648, 40244, 0, 0.449, 0, 1, 0.000000, 0.000000, 0, 0, 0, 0, 0, 0, 21, 0
1776970339, 2, 415, 737, 735, 5, 7.49%, 0, 0, 2, 4.91, 16, 121, 1, 368, 102648, 40244, 0, 0.449, 0, 1, 0.000000, 0.000000, 0, 0, 0, 0, 0, 0, 21, 0
1776970427, 2, 415, 738, 736, 5, 7.50%, 0, 0, 2, 4.79, 16, 121, 1, 368, 102648, 40244, 0, 0.449, 0, 2, 0.000000, 0.000000, 0, 0, 0, 0, 0, 0, 23, 0
1776970636, 2, 415, 739, 737, 5, 7.50%, 0, 0, 2, 5.18, 16, 121, 1, 368, 102648, 40244, 0, 0.463, 3, 6, 0.000000, 0.000000, 0, 0, 0, 0, 0, 0, 27, 0
1776970653, 2, 415, 740, 738, 5, 7.50%, 0, 0, 2, 5.26, 16, 121, 1, 368, 102648, 40244, 0, 0.463, 3, 6, 0.000000, 0.000000, 0, 0, 0, 0, 0, 0, 27, 0
1776970689, 2, 415, 741, 739, 5, 7.50%, 0, 0, 2, 5.74, 16, 121, 1, 368, 102648, 40244, 0, 0.462, 7, 13, 0.000000, 0.000000, 0, 0, 0, 0, 0, 0, 27, 0
1776970699, 2, 415, 742, 740, 5, 7.50%, 0, 0, 2, 5.77, 16, 121, 1, 368, 102648, 40244, 0, 0.462, 7, 13, 0.000000, 0.000000, 0, 0, 0, 0, 0, 0, 27, 0
1776970735, 2, 415, 743, 741, 5, 7.52%, 0, 0, 2, 4.92, 16, 121, 1, 368, 102648, 40244, 0, 0.462, 7, 13, 0.000000, 0.000000, 0, 0, 0, 0, 0, 0, 27, 0
1776970808, 2, 415, 744, 742, 5, 7.52%, 0, 0, 2, 6.87, 16, 121, 1, 368, 102648, 40244, 0, 0.462, 8, 13, 0.000000, 0.000000, 0, 0, 0, 0, 0, 0, 28, 0
1776970813, 2, 415, 745, 743, 5, 7.52%, 0, 0, 2, 5.72, 16, 121, 1, 368, 102648, 40244, 0, 0.462, 8, 13, 0.000000, 0.000000, 0, 0, 0, 0, 0, 0, 28, 0
1776970818, 2, 415, 746, 744, 5, 7.52%, 0, 0, 2, 5.59, 16, 121, 1, 368, 102648, 40244, 0, 0.462, 8, 13, 0.000000, 0.000000, 0, 0, 0, 0, 0, 0, 28, 0
1776970876, 2, 415, 747, 745, 5, 7.53%, 0, 0, 2, 4.86, 16, 121, 1, 368, 102648, 40244, 0, 0.464, 8, 14, 0.000000, 0.000000, 0, 0, 0, 0, 0, 0, 29, 0
1776970886, 2, 415, 749, 747, 5, 7.53%, 0, 0, 2, 0.66, 16, 121, 1, 368, 102648, 40244, 0, 0.464, 8, 14, 0.000000, 0.000000, 0, 0, 0, 0, 0, 0, 29, 0
1776970907, 2, 415, 750, 748, 5, 7.53%, 0, 0, 2, 5.37, 16, 121, 1, 368, 102648, 40244, 0, 0.464, 8, 14, 0.000000, 0.000000, 0, 0, 0, 0, 0, 0, 29, 0
1776970974, 2, 415, 751, 749, 5, 7.53%, 0, 0, 2, 4.93, 16, 121, 1, 368, 102648, 40244, 0, 0.464, 8, 14, 0.000000, 0.000000, 0, 0, 0, 0, 0, 0, 30, 0
1776971000, 2, 415, 752, 750, 5, 7.54%, 0, 0, 2, 5.12, 16, 122, 1, 368, 102648, 40244, 0, 0.463, 10, 17, 0.000000, 0.000000, 0, 0, 0, 0, 0, 0, 30, 0
1776971146, 2, 415, 753, 751, 5, 7.54%, 0, 0, 2, 4.57, 16, 122, 1, 368, 102648, 40244, 0, 0.463, 11, 17, 0.000000, 0.000000, 0, 0, 0, 0, 0, 0, 33, 0
1776971167, 2, 415, 754, 752, 5, 7.54%, 0, 0, 2, 4.72, 16, 122, 1, 368, 102648, 40244, 0, 0.463, 11, 17, 0.000000, 0.000000, 0, 0, 0, 0, 0, 0, 33, 0
1776971242, 2, 415, 755, 753, 5, 7.54%, 0, 0, 2, 4.66, 16, 122, 1, 368, 102648, 40244, 0, 0.463, 11, 17, 0.000000, 0.000000, 0, 0, 0, 0, 0, 0, 34, 0
1776971252, 2, 415, 757, 755, 5, 7.54%, 0, 0, 2, 1.77, 16, 122, 1, 368, 102648, 40244, 0, 0.463, 11, 17, 0.000000, 0.000000, 0, 0, 0, 0, 0, 0, 34, 0
1776971257, 2, 415, 758, 756, 5, 7.54%, 0, 0, 2, 4.08, 16, 122, 1, 368, 102648, 40244, 0, 0.463, 11, 17, 0.000000, 0.000000, 0, 0, 0, 0, 0, 0, 34, 0
1776971298, 2, 415, 759, 757, 5, 7.55%, 0, 0, 2, 5.00, 16, 123, 1, 368, 102648, 40244, 0, 0.464, 11, 18, 0.000000, 0.000000, 0, 0, 0, 0, 0, 0, 34, 0
1776971303, 2, 415, 760, 758, 5, 7.55%, 0, 0, 2, 5.41, 16, 123, 1, 368, 102648, 40244, 0, 0.464, 11, 18, 0.000000, 0.000000, 0, 0, 0, 0, 0, 0, 34, 0
1776971397, 2, 415, 761, 759, 5, 7.56%, 0, 0, 2, 5.03, 16, 123, 1, 368, 102648, 40244, 0, 0.465, 11, 19, 0.000000, 0.000000, 0, 0, 0, 0, 0, 0, 36, 0
