# unix_time, cycles_done, cur_path, paths_total, pending_total, pending_favs, map_size, unique_crashes, unique_hangs, max_depth, execs_per_sec, n_nodes, n_edges, chat_times
1768732002, 0, 0, 3, 3, 2, 0.58%, 0, 0, 2, 11.65, 12, 16, 0
1768732007, 0, 0, 9, 9, 2, 0.60%, 0, 0, 2, 12.47, 13, 21, 0
1768732012, 0, 0, 12, 12, 2, 0.60%, 0, 0, 2, 12.95, 13, 22, 0
1768732018, 0, 0, 15, 15, 2, 0.60%, 0, 0, 2, 12.50, 13, 22, 0
1768732023, 0, 0, 17, 17, 2, 0.62%, 0, 0, 2, 12.54, 13, 22, 0
1768732033, 0, 0, 20, 20, 2, 0.63%, 0, 0, 2, 12.87, 13, 22, 0
1768732038, 0, 0, 21, 21, 2, 0.63%, 0, 0, 2, 12.95, 13, 22, 0
1768732043, 0, 0, 22, 22, 2, 0.63%, 0, 0, 2, 12.53, 13, 22, 0
1768732053, 0, 0, 24, 24, 2, 0.64%, 0, 0, 2, 15.48, 13, 22, 0
1768732064, 0, 0, 25, 25, 2, 0.64%, 0, 0, 2, 12.42, 13, 22, 0
1768732074, 0, 0, 27, 27, 2, 0.65%, 0, 0, 2, 12.92, 13, 24, 0
1768732089, 0, 0, 29, 29, 2, 0.65%, 0, 0, 2, 11.68, 13, 28, 0
1768732094, 0, 0, 33, 33, 2, 0.65%, 0, 0, 2, 11.48, 13, 29, 0
1768732099, 0, 0, 36, 36, 2, 0.65%, 0, 0, 2, 13.68, 13, 29, 0
1768732104, 0, 0, 38, 38, 2, 0.65%, 0, 0, 2, 14.09, 13, 30, 0
1768732110, 0, 0, 39, 39, 2, 0.65%, 0, 0, 2, 11.86, 13, 33, 0
1768732115, 0, 0, 41, 41, 2, 0.66%, 0, 0, 2, 12.81, 13, 33, 0
1768732120, 0, 0, 43, 43, 2, 0.67%, 0, 0, 2, 13.03, 13, 33, 0
1768732125, 0, 0, 45, 45, 2, 0.67%, 0, 0, 2, 10.83, 13, 34, 0
1768732135, 0, 0, 46, 46, 2, 0.67%, 0, 0, 2, 11.68, 13, 35, 0
1768732146, 0, 0, 47, 47, 2, 0.67%, 0, 0, 2, 13.41, 13, 35, 0
1768732151, 0, 0, 49, 49, 2, 0.67%, 0, 0, 2, 12.02, 13, 36, 0
1768732156, 0, 0, 50, 50, 2, 0.68%, 0, 0, 2, 9.35, 13, 36, 0
1768732161, 0, 0, 52, 52, 2, 0.69%, 0, 0, 2, 8.76, 13, 38, 0
1768732166, 0, 0, 54, 54, 2, 0.69%, 0, 0, 2, 7.67, 13, 38, 0
1768732171, 0, 0, 55, 55, 2, 0.69%, 0, 0, 2, 9.52, 13, 38, 0
1768732177, 0, 0, 58, 58, 2, 0.69%, 0, 0, 2, 9.37, 13, 41, 0
1768732182, 0, 0, 59, 59, 2, 0.69%, 0, 0, 2, 8.03, 13, 41, 0
1768732197, 0, 0, 60, 60, 2, 0.69%, 0, 0, 2, 10.47, 13, 41, 0
1768732202, 0, 0, 63, 63, 2, 0.69%, 0, 0, 2, 9.77, 13, 41, 0
1768732218, 0, 0, 65, 65, 2, 0.69%, 0, 0, 2, 8.25, 13, 41, 0
1768732223, 0, 0, 66, 66, 2, 0.69%, 0, 0, 2, 8.21, 13, 41, 0
1768732234, 0, 0, 67, 67, 2, 0.69%, 0, 0, 2, 8.60, 13, 41, 0
1768732249, 0, 0, 68, 68, 2, 0.70%, 0, 0, 2, 9.68, 13, 41, 0
1768732259, 0, 40, 70, 69, 0, 0.70%, 0, 0, 3, 26.06, 13, 41, 0
1768732269, 0, 67, 71, 69, 0, 0.70%, 0, 0, 3, 25.25, 13, 41, 0
1768732279, 0, 67, 72, 70, 0, 0.70%, 0, 0, 3, 11.29, 13, 41, 0
1768732285, 0, 67, 73, 71, 0, 0.70%, 0, 0, 3, 10.01, 13, 41, 0
1768732295, 0, 67, 74, 72, 0, 0.70%, 0, 0, 3, 8.59, 13, 41, 0
1768732305, 0, 67, 75, 73, 0, 0.70%, 0, 0, 3, 11.21, 13, 42, 0
1768732310, 1, 0, 76, 73, 2, 0.70%, 0, 0, 3, 11.08, 13, 44, 0
1768732315, 1, 0, 77, 74, 2, 0.71%, 0, 0, 3, 14.68, 13, 44, 0
1768732320, 1, 0, 78, 75, 2, 0.71%, 0, 0, 3, 15.11, 13, 48, 0
1768732325, 1, 0, 80, 77, 2, 0.71%, 0, 0, 3, 11.26, 13, 50, 0
1768732331, 1, 0, 82, 79, 2, 0.71%, 0, 0, 3, 9.86, 13, 51, 0
1768732336, 1, 0, 85, 82, 2, 0.72%, 0, 0, 3, 10.17, 13, 52, 0
1768732341, 1, 0, 88, 85, 2, 0.72%, 0, 0, 3, 9.88, 13, 54, 0
1768732346, 1, 0, 90, 87, 2, 0.72%, 0, 0, 3, 10.56, 14, 56, 0
1768732351, 1, 0, 93, 90, 2, 0.72%, 0, 0, 3, 9.99, 14, 56, 0
1768732356, 1, 0, 94, 91, 2, 0.72%, 0, 0, 3, 10.05, 14, 58, 0
1768732361, 1, 0, 95, 92, 2, 0.72%, 0, 0, 3, 9.65, 14, 58, 0
1768732366, 1, 0, 96, 93, 2, 0.73%, 0, 0, 3, 10.05, 14, 58, 0
1768732371, 1, 0, 99, 96, 2, 0.74%, 0, 0, 3, 9.08, 14, 60, 0
1768732377, 1, 0, 100, 97, 2, 0.74%, 0, 0, 3, 8.28, 14, 60, 0
1768732387, 1, 0, 101, 98, 2, 0.74%, 0, 0, 3, 8.47, 14, 60, 0
1768732397, 1, 0, 103, 100, 2, 0.76%, 0, 0, 3, 8.26, 16, 63, 0
1768732402, 1, 0, 105, 102, 2, 0.76%, 0, 0, 3, 8.67, 16, 63, 0
1768732412, 1, 0, 107, 104, 2, 0.76%, 0, 0, 3, 8.54, 16, 66, 0
1768732423, 1, 0, 110, 107, 2, 0.76%, 0, 0, 3, 8.16, 16, 68, 0
1768732428, 1, 0, 111, 108, 2, 0.76%, 0, 0, 3, 7.77, 16, 68, 0
1768732433, 1, 0, 113, 110, 2, 0.77%, 0, 0, 3, 7.89, 16, 71, 0
1768732438, 1, 0, 115, 112, 2, 0.81%, 0, 0, 3, 8.04, 17, 75, 0
1768732443, 1, 0, 116, 113, 2, 0.81%, 0, 0, 3, 7.64, 17, 75, 0
1768732469, 1, 0, 118, 115, 2, 0.81%, 0, 0, 3, 7.60, 17, 76, 0
1768732474, 1, 0, 119, 116, 2, 0.81%, 0, 0, 3, 7.10, 17, 76, 0
1768732479, 1, 0, 120, 117, 2, 0.81%, 0, 0, 3, 6.99, 17, 76, 0
1768732484, 1, 0, 121, 118, 2, 0.81%, 0, 0, 3, 7.61, 17, 76, 0
1768732490, 1, 0, 122, 119, 2, 0.81%, 0, 0, 3, 7.45, 18, 78, 0
1768732500, 1, 0, 123, 120, 2, 0.81%, 0, 0, 3, 7.50, 18, 78, 0
1768732510, 1, 0, 124, 121, 2, 0.81%, 0, 0, 3, 7.01, 18, 78, 0
1768732520, 1, 0, 126, 123, 2, 0.81%, 0, 0, 3, 7.11, 18, 78, 0
1768732525, 1, 0, 127, 124, 2, 0.81%, 0, 0, 3, 6.98, 18, 78, 0
1768732541, 1, 0, 128, 125, 2, 0.81%, 0, 0, 3, 7.28, 18, 78, 0
1768732546, 1, 0, 129, 126, 2, 0.81%, 0, 0, 3, 7.00, 18, 78, 0
1768732561, 1, 0, 129, 126, 1, 0.81%, 0, 0, 3, 10.49, 18, 78, 0
1768732566, 1, 0, 131, 128, 1, 0.81%, 0, 0, 3, 9.35, 18, 79, 0
1768732577, 1, 0, 132, 129, 1, 0.81%, 0, 0, 3, 8.05, 18, 80, 0
1768732587, 1, 0, 133, 130, 1, 0.81%, 0, 0, 3, 7.97, 18, 80, 0
