# unix_time, cycles_done, cur_path, paths_total, pending_total, pending_favs, map_size, unique_crashes, unique_hangs, max_depth, execs_per_sec, n_nodes, n_edges, chat_times
1771345140, 0, 0, 93, 93, 15, 0.82%, 0, 0, 2, 4.86, 19, 76, 0
1771345146, 0, 0, 95, 95, 15, 0.82%, 0, 0, 2, 5.23, 19, 79, 0
1771345151, 0, 0, 97, 97, 15, 0.83%, 0, 0, 2, 5.28, 19, 79, 0
1771345156, 0, 0, 100, 100, 15, 0.83%, 0, 0, 2, 5.40, 19, 81, 0
1771345161, 0, 0, 102, 102, 15, 0.84%, 0, 0, 2, 5.46, 19, 81, 0
1771345166, 0, 0, 103, 103, 15, 0.84%, 0, 0, 2, 5.43, 19, 81, 0
1771345172, 0, 0, 104, 104, 15, 0.84%, 0, 0, 2, 5.34, 19, 81, 0
1771345182, 0, 0, 106, 106, 15, 0.86%, 0, 0, 2, 5.50, 19, 81, 0
1771345187, 0, 0, 107, 107, 15, 0.86%, 0, 0, 2, 6.76, 19, 81, 0
1771345192, 0, 0, 108, 108, 15, 0.86%, 0, 0, 2, 5.86, 19, 81, 0
1771345197, 0, 0, 109, 109, 15, 0.86%, 0, 0, 2, 6.59, 19, 81, 0
1771345212, 0, 0, 110, 110, 15, 0.86%, 0, 0, 2, 8.25, 19, 82, 0
1771345228, 0, 0, 111, 111, 15, 0.86%, 0, 0, 2, 6.38, 19, 82, 0
1771345233, 0, 0, 112, 112, 15, 0.86%, 0, 0, 2, 5.71, 19, 82, 0
1771345238, 0, 0, 113, 113, 15, 0.87%, 0, 0, 2, 5.47, 19, 82, 0
1771345290, 0, 0, 114, 114, 15, 0.87%, 0, 0, 2, 5.43, 19, 82, 0
1771345311, 0, 0, 115, 115, 15, 0.87%, 0, 0, 2, 5.25, 19, 82, 0
1771345316, 0, 0, 116, 116, 15, 0.87%, 0, 0, 2, 5.43, 19, 84, 0
1771345326, 0, 0, 119, 119, 15, 0.89%, 0, 0, 2, 5.05, 19, 86, 0
1771345332, 0, 0, 122, 122, 15, 0.89%, 0, 0, 2, 5.70, 19, 88, 0
1771345337, 0, 0, 124, 124, 15, 0.89%, 0, 0, 2, 4.91, 19, 89, 0
1771345342, 0, 0, 126, 126, 15, 0.89%, 0, 0, 2, 3.91, 19, 94, 0
1771345347, 0, 0, 127, 127, 15, 0.89%, 0, 0, 2, 3.90, 19, 95, 0
1771345352, 0, 0, 129, 129, 15, 0.89%, 0, 0, 2, 3.59, 19, 95, 0
1771345357, 0, 0, 131, 131, 15, 0.89%, 0, 0, 2, 4.44, 19, 95, 0
1771345362, 0, 0, 133, 133, 15, 0.90%, 0, 0, 2, 4.02, 19, 96, 0
1771345367, 0, 0, 135, 135, 15, 0.90%, 0, 0, 2, 4.32, 19, 97, 0
1771345378, 0, 0, 137, 137, 15, 0.90%, 0, 0, 2, 3.99, 19, 99, 0
1771345383, 0, 0, 139, 139, 15, 0.90%, 0, 0, 2, 3.98, 19, 99, 0
1771345393, 0, 0, 141, 141, 15, 0.90%, 0, 0, 2, 4.55, 19, 99, 0
1771345398, 0, 0, 142, 142, 15, 0.90%, 0, 0, 2, 5.08, 19, 99, 0
1771345403, 0, 0, 145, 145, 15, 0.91%, 0, 0, 2, 5.31, 19, 100, 0
1771345409, 0, 0, 146, 146, 15, 0.91%, 0, 0, 2, 4.85, 19, 100, 0
1771345414, 0, 0, 147, 147, 15, 0.91%, 0, 0, 2, 4.82, 19, 100, 0
1771345419, 0, 0, 148, 148, 15, 0.91%, 0, 0, 2, 4.92, 19, 100, 0
1771345434, 0, 0, 149, 149, 15, 0.91%, 0, 0, 2, 4.83, 19, 100, 0
1771345440, 0, 0, 150, 150, 15, 0.91%, 0, 0, 2, 4.93, 19, 100, 0
1771345445, 0, 0, 151, 151, 15, 0.91%, 0, 0, 2, 4.62, 19, 100, 0
1771345450, 0, 0, 152, 152, 15, 0.91%, 0, 0, 2, 4.70, 19, 100, 0
1771345455, 0, 0, 153, 153, 15, 0.91%, 0, 0, 2, 4.52, 19, 100, 0
1771345460, 0, 0, 154, 154, 15, 0.92%, 0, 0, 2, 4.83, 19, 102, 0
1771345465, 0, 0, 155, 155, 15, 0.94%, 0, 0, 2, 4.06, 19, 103, 0
1771345470, 0, 0, 156, 156, 15, 0.94%, 0, 0, 2, 3.83, 19, 103, 0
1771345481, 0, 0, 157, 157, 15, 0.94%, 0, 0, 2, 3.86, 19, 103, 0
1771345486, 0, 0, 159, 159, 15, 0.94%, 0, 0, 2, 3.34, 19, 105, 0
1771345491, 0, 0, 160, 160, 15, 0.94%, 0, 0, 2, 3.73, 19, 105, 0
1771345501, 0, 0, 161, 161, 15, 0.94%, 0, 0, 2, 4.08, 19, 105, 0
1771345517, 0, 0, 162, 162, 15, 0.94%, 0, 0, 2, 4.34, 19, 105, 0
1771345522, 0, 0, 163, 163, 15, 0.94%, 0, 0, 2, 4.95, 19, 105, 0
1771345527, 0, 0, 164, 164, 15, 0.94%, 0, 0, 2, 4.17, 19, 105, 0
1771345537, 0, 0, 165, 165, 15, 0.94%, 0, 0, 2, 3.62, 19, 105, 0
1771345542, 0, 0, 166, 166, 15, 0.94%, 0, 0, 2, 3.22, 19, 105, 0
1771345548, 0, 0, 167, 167, 15, 0.94%, 0, 0, 2, 3.00, 19, 105, 0
1771345553, 0, 0, 168, 168, 15, 0.94%, 0, 0, 2, 3.39, 19, 105, 0
1771345558, 0, 0, 170, 170, 15, 0.95%, 0, 0, 2, 3.02, 19, 105, 0
1771345564, 0, 0, 171, 171, 15, 0.95%, 0, 0, 2, 3.05, 19, 105, 0
1771345574, 0, 0, 172, 172, 15, 0.95%, 0, 0, 2, 3.37, 19, 105, 0
1771345589, 0, 0, 173, 173, 15, 0.95%, 0, 0, 2, 3.60, 19, 105, 0
1771345594, 0, 0, 174, 174, 15, 0.95%, 0, 0, 2, 2.89, 19, 105, 0
1771345605, 0, 0, 175, 175, 15, 0.95%, 0, 0, 2, 2.83, 19, 105, 0
1771345610, 0, 0, 177, 177, 15, 0.96%, 0, 0, 2, 3.22, 20, 107, 0
1771345625, 0, 0, 178, 178, 15, 0.96%, 0, 0, 2, 2.91, 20, 107, 0
1771345641, 0, 0, 179, 179, 15, 0.96%, 0, 0, 2, 3.33, 20, 107, 0
1771345656, 0, 0, 180, 180, 15, 0.96%, 0, 0, 2, 3.07, 20, 107, 0
1771345661, 0, 0, 181, 181, 15, 0.97%, 0, 0, 2, 3.07, 20, 107, 0
1771345667, 0, 0, 182, 182, 15, 0.97%, 0, 0, 2, 3.19, 20, 107, 0
1771345682, 0, 0, 183, 183, 15, 0.97%, 0, 0, 2, 3.11, 20, 107, 0
1771345687, 0, 0, 184, 184, 15, 0.97%, 0, 0, 2, 3.01, 20, 107, 0
1771345708, 0, 0, 185, 185, 15, 0.97%, 0, 0, 2, 2.95, 20, 107, 0
1771345770, 0, 0, 186, 186, 15, 0.97%, 0, 0, 2, 3.26, 20, 107, 0
1771345796, 0, 0, 188, 188, 15, 0.97%, 0, 0, 2, 3.92, 20, 107, 0
1771345801, 0, 0, 189, 189, 15, 0.97%, 0, 0, 2, 3.84, 20, 107, 0
1771345806, 0, 0, 190, 190, 15, 0.98%, 0, 0, 2, 4.58, 20, 109, 0
1771345817, 0, 0, 191, 191, 15, 0.98%, 0, 0, 2, 4.33, 20, 109, 0
1771345863, 0, 0, 192, 192, 15, 0.98%, 0, 0, 2, 4.61, 20, 110, 0
1771345883, 0, 0, 193, 193, 15, 0.98%, 0, 0, 2, 5.20, 20, 110, 0
1771345925, 0, 0, 194, 194, 15, 0.98%, 0, 0, 2, 3.66, 20, 110, 0
1771345935, 0, 0, 195, 195, 15, 0.98%, 0, 0, 2, 4.79, 20, 110, 0
1771345945, 0, 0, 196, 196, 15, 0.98%, 0, 0, 2, 4.57, 20, 110, 0
1771345956, 0, 115, 197, 196, 0, 0.98%, 0, 0, 3, 4.17, 20, 110, 0
1771345967, 0, 115, 198, 197, 0, 0.98%, 0, 0, 3, 5.50, 20, 111, 0
1771346024, 0, 115, 200, 199, 0, 0.98%, 0, 0, 3, 4.59, 20, 111, 0
1771346029, 0, 115, 201, 200, 0, 0.98%, 0, 0, 3, 3.78, 20, 111, 0
1771346065, 1, 0, 201, 199, 13, 0.98%, 0, 0, 3, 7.31, 20, 111, 1
1771346070, 1, 0, 203, 201, 13, 0.98%, 0, 0, 3, 7.94, 20, 112, 1
1771346075, 1, 0, 204, 202, 13, 0.98%, 0, 0, 3, 5.14, 20, 112, 1
1771346086, 1, 0, 205, 203, 13, 0.98%, 0, 0, 3, 3.33, 20, 112, 1
1771346091, 1, 0, 206, 204, 13, 0.98%, 0, 0, 3, 2.76, 20, 113, 1
1771346101, 1, 0, 207, 205, 13, 0.98%, 0, 0, 3, 2.90, 20, 114, 1
1771346106, 1, 0, 208, 206, 13, 0.98%, 0, 0, 3, 2.83, 20, 114, 1
1771346122, 1, 0, 209, 207, 13, 0.98%, 0, 0, 3, 3.68, 20, 114, 1
1771346127, 1, 0, 210, 208, 13, 0.98%, 0, 0, 3, 3.60, 20, 115, 1
1771346132, 1, 0, 211, 209, 13, 1.01%, 0, 0, 3, 3.35, 21, 118, 1
1771346179, 1, 0, 212, 210, 13, 1.01%, 0, 0, 3, 3.41, 21, 118, 1
1771346210, 1, 0, 213, 211, 13, 1.01%, 0, 0, 3, 3.39, 21, 118, 1
1771346246, 1, 0, 214, 212, 13, 1.01%, 0, 0, 3, 3.36, 21, 118, 1
1771346256, 1, 0, 215, 213, 13, 1.01%, 0, 0, 3, 3.53, 21, 118, 1
1771346266, 1, 0, 216, 214, 13, 1.01%, 0, 0, 3, 4.15, 21, 120, 1
1771346272, 1, 0, 217, 215, 13, 1.01%, 0, 0, 3, 3.90, 21, 120, 1
1771346282, 1, 0, 218, 216, 13, 1.01%, 0, 0, 3, 3.95, 21, 120, 1
1771346287, 1, 0, 219, 217, 13, 1.01%, 0, 0, 3, 3.85, 21, 120, 1
1771346297, 1, 0, 220, 218, 13, 1.01%, 0, 0, 3, 3.10, 21, 120, 1
1771346303, 1, 0, 221, 219, 13, 1.01%, 0, 0, 3, 3.73, 21, 120, 1
1771346313, 1, 0, 222, 220, 13, 1.01%, 0, 0, 3, 3.54, 21, 120, 1
1771346318, 1, 0, 223, 221, 13, 1.01%, 0, 0, 3, 3.65, 21, 120, 1
1771346333, 1, 0, 224, 222, 13, 1.01%, 0, 0, 3, 4.09, 21, 121, 1
1771346344, 1, 0, 225, 223, 13, 1.02%, 0, 0, 3, 3.70, 21, 121, 1
1771346349, 1, 0, 226, 224, 13, 1.03%, 0, 0, 3, 3.60, 21, 122, 1
1771346359, 1, 0, 227, 225, 13, 1.03%, 0, 0, 3, 3.18, 21, 122, 1
1771346400, 1, 0, 228, 226, 13, 1.03%, 0, 0, 3, 3.80, 21, 122, 1
1771346431, 1, 0, 229, 227, 13, 1.03%, 0, 0, 3, 3.74, 21, 122, 1
1771346446, 1, 0, 230, 228, 13, 1.03%, 0, 0, 3, 4.56, 21, 122, 1
1771346461, 1, 0, 231, 229, 13, 1.03%, 0, 0, 3, 3.01, 21, 123, 1
1771346472, 1, 0, 232, 230, 13, 1.03%, 0, 0, 3, 2.82, 21, 125, 1
1771346477, 1, 0, 233, 231, 13, 1.03%, 0, 0, 3, 2.73, 21, 126, 1
1771346482, 1, 0, 234, 232, 13, 1.03%, 0, 0, 3, 2.70, 21, 126, 1
1771346503, 1, 0, 235, 233, 13, 1.03%, 0, 0, 3, 2.63, 21, 126, 1
1771346518, 1, 0, 236, 234, 13, 1.03%, 0, 0, 3, 2.65, 21, 126, 1
1771346554, 1, 0, 237, 235, 13, 1.03%, 0, 0, 3, 2.85, 21, 126, 1
1771346560, 1, 0, 238, 236, 13, 1.04%, 0, 0, 3, 4.42, 22, 127, 1
1771346570, 1, 0, 239, 237, 13, 1.04%, 0, 0, 3, 4.41, 22, 127, 1
1771346596, 1, 0, 240, 238, 13, 1.04%, 0, 0, 3, 2.99, 22, 127, 1
1771346606, 1, 0, 241, 239, 13, 1.04%, 0, 0, 3, 2.64, 22, 127, 1
1771346654, 1, 0, 242, 240, 13, 1.04%, 0, 0, 3, 2.41, 22, 127, 1
1771346691, 1, 0, 243, 241, 13, 1.04%, 0, 0, 3, 4.11, 22, 127, 1
1771346696, 1, 0, 244, 242, 13, 1.04%, 0, 0, 3, 4.19, 22, 127, 1
1771346702, 1, 0, 245, 243, 13, 1.04%, 0, 0, 3, 4.88, 22, 127, 1
1771346723, 1, 0, 246, 244, 13, 1.04%, 0, 0, 3, 4.08, 22, 127, 1
1771346733, 1, 0, 247, 245, 13, 1.04%, 0, 0, 3, 4.09, 22, 127, 1
1771346744, 1, 0, 248, 246, 13, 1.04%, 0, 0, 3, 2.73, 22, 127, 1
1771346749, 1, 0, 249, 247, 13, 1.04%, 0, 0, 3, 2.62, 22, 127, 1
1771346769, 1, 0, 250, 248, 13, 1.04%, 0, 0, 3, 2.37, 22, 127, 1
1771346775, 1, 0, 251, 249, 13, 1.04%, 0, 0, 3, 2.38, 22, 127, 1
1771346790, 1, 0, 252, 250, 13, 1.04%, 0, 0, 3, 2.48, 22, 127, 1
1771346822, 1, 0, 253, 251, 13, 1.04%, 0, 0, 3, 2.15, 22, 127, 1
1771346837, 1, 0, 254, 252, 13, 1.04%, 0, 0, 3, 2.02, 22, 127, 1
1771346848, 1, 0, 255, 253, 13, 1.04%, 0, 0, 3, 2.16, 22, 128, 1
1771346952, 1, 0, 256, 254, 13, 1.04%, 0, 0, 3, 2.17, 22, 128, 1
1771347005, 1, 0, 258, 256, 13, 1.04%, 0, 0, 3, 4.01, 22, 129, 1
1771347010, 1, 0, 259, 257, 13, 1.04%, 0, 0, 3, 4.19, 22, 129, 1
1771347015, 1, 0, 260, 258, 13, 1.04%, 0, 0, 3, 4.64, 22, 129, 1
1771347020, 1, 0, 261, 259, 13, 1.04%, 0, 0, 3, 4.78, 22, 129, 1
1771347046, 1, 0, 262, 260, 13, 1.04%, 0, 0, 3, 4.15, 22, 129, 1
1771347057, 1, 0, 263, 261, 13, 1.04%, 0, 0, 3, 5.39, 22, 129, 1
1771347093, 1, 0, 264, 262, 13, 1.04%, 0, 0, 3, 4.29, 22, 129, 1
1771347109, 1, 0, 265, 263, 13, 1.04%, 0, 0, 3, 5.08, 22, 129, 1
1771347124, 1, 0, 266, 264, 13, 1.04%, 0, 0, 3, 5.03, 22, 129, 1
1771347135, 1, 0, 266, 264, 10, 1.04%, 0, 0, 3, 6.30, 22, 129, 1
1771347140, 1, 0, 267, 265, 10, 1.04%, 0, 0, 3, 5.53, 22, 129, 1
1771347155, 1, 0, 268, 266, 10, 1.04%, 0, 0, 3, 5.46, 22, 131, 1
1771347161, 1, 0, 269, 267, 10, 1.04%, 0, 0, 3, 5.04, 22, 132, 1
1771347186, 1, 0, 270, 268, 10, 1.04%, 0, 0, 3, 4.32, 22, 132, 1
1771347197, 1, 0, 271, 269, 10, 1.04%, 0, 0, 3, 4.26, 22, 132, 1
1771347207, 1, 0, 272, 270, 10, 1.04%, 0, 0, 3, 4.53, 22, 132, 1
1771347229, 1, 0, 273, 271, 10, 1.04%, 0, 0, 3, 3.84, 22, 133, 1
1771347234, 1, 0, 274, 272, 10, 1.04%, 0, 0, 3, 3.24, 22, 134, 1
1771347239, 1, 0, 275, 273, 10, 1.04%, 0, 0, 3, 2.92, 22, 135, 1
1771347244, 1, 0, 276, 274, 10, 1.04%, 0, 0, 3, 2.56, 22, 135, 1
1771347254, 1, 0, 277, 275, 10, 1.04%, 0, 0, 3, 3.16, 22, 135, 1
1771347259, 1, 0, 278, 276, 10, 1.04%, 0, 0, 3, 3.39, 22, 135, 1
1771347265, 1, 0, 279, 277, 10, 1.04%, 0, 0, 3, 3.88, 22, 135, 1
1771347270, 1, 0, 280, 278, 10, 1.04%, 0, 0, 3, 3.74, 22, 135, 1
1771347275, 1, 0, 281, 279, 10, 1.04%, 0, 0, 3, 3.75, 22, 135, 1
1771347280, 1, 0, 282, 280, 10, 1.04%, 0, 0, 3, 4.05, 22, 135, 1
1771347306, 1, 0, 283, 281, 10, 1.05%, 0, 0, 3, 3.04, 22, 137, 1
1771347316, 1, 0, 284, 282, 10, 1.05%, 0, 0, 3, 2.93, 22, 137, 1
1771347321, 1, 0, 285, 283, 10, 1.05%, 0, 0, 3, 2.90, 22, 137, 1
1771347331, 1, 0, 286, 284, 10, 1.05%, 0, 0, 3, 3.22, 22, 137, 1
1771347357, 1, 0, 287, 285, 10, 1.05%, 0, 0, 3, 3.34, 22, 139, 1
1771347434, 1, 0, 288, 286, 10, 1.05%, 0, 0, 3, 7.45, 22, 142, 1
1771347444, 1, 0, 289, 287, 10, 1.05%, 0, 0, 3, 3.67, 22, 142, 1
1771347450, 1, 0, 290, 288, 10, 1.05%, 0, 0, 3, 2.95, 22, 142, 1
1771347460, 1, 0, 291, 289, 10, 1.05%, 0, 0, 3, 2.47, 22, 143, 1
1771347481, 1, 0, 292, 290, 10, 1.05%, 0, 0, 3, 2.64, 22, 143, 1
1771347491, 1, 0, 293, 291, 10, 1.05%, 0, 0, 3, 2.52, 22, 143, 1
1771347512, 1, 0, 294, 292, 10, 1.05%, 0, 0, 3, 2.50, 22, 143, 1
1771347590, 1, 0, 295, 293, 10, 1.05%, 0, 0, 3, 2.54, 22, 143, 1
1771347637, 1, 0, 296, 294, 10, 1.05%, 0, 0, 3, 2.63, 22, 143, 1
1771347674, 1, 0, 296, 294, 9, 1.05%, 0, 0, 3, 6.77, 22, 143, 1
1771347689, 1, 0, 297, 295, 9, 1.05%, 0, 0, 3, 4.01, 22, 143, 1
1771347710, 1, 0, 298, 296, 9, 1.05%, 0, 0, 3, 3.90, 22, 143, 1
1771347746, 1, 0, 299, 297, 9, 1.05%, 0, 0, 3, 3.78, 22, 143, 1
1771347762, 1, 0, 300, 298, 9, 1.05%, 0, 0, 3, 3.76, 22, 145, 1
1771347788, 1, 0, 301, 299, 9, 1.05%, 0, 0, 3, 3.58, 22, 145, 1
1771347830, 1, 0, 302, 300, 9, 1.06%, 0, 0, 3, 3.61, 23, 148, 1
1771347851, 1, 0, 302, 300, 8, 1.06%, 0, 0, 3, 5.20, 23, 148, 1
1771347862, 1, 0, 303, 301, 8, 1.06%, 0, 0, 3, 4.24, 23, 148, 1
1771347878, 1, 0, 304, 302, 8, 1.06%, 0, 0, 3, 2.43, 23, 148, 1
1771347900, 1, 0, 305, 303, 8, 1.06%, 0, 0, 3, 1.88, 23, 149, 1
1771347911, 1, 0, 306, 304, 8, 1.06%, 0, 0, 3, 2.13, 23, 150, 1
1771347916, 1, 0, 307, 305, 8, 1.06%, 0, 0, 3, 2.16, 23, 152, 1
1771347921, 1, 0, 308, 306, 8, 1.06%, 0, 0, 3, 1.96, 23, 152, 1
1771347927, 1, 0, 309, 307, 8, 1.06%, 0, 0, 3, 2.07, 23, 152, 1
1771347932, 1, 0, 310, 308, 8, 1.06%, 0, 0, 3, 2.15, 23, 153, 1
1771347958, 1, 0, 311, 309, 8, 1.06%, 0, 0, 3, 2.10, 23, 154, 1
1771348001, 1, 0, 312, 310, 8, 1.06%, 0, 0, 3, 2.07, 23, 154, 1
1771348011, 1, 0, 313, 311, 8, 1.06%, 0, 0, 3, 1.94, 23, 154, 1
1771348033, 1, 0, 314, 312, 8, 1.07%, 0, 0, 3, 2.07, 23, 154, 1
1771348048, 1, 0, 315, 313, 8, 1.07%, 0, 0, 3, 2.05, 23, 155, 1
1771348095, 1, 0, 316, 314, 8, 1.07%, 0, 0, 3, 1.92, 23, 155, 1
1771348122, 1, 0, 317, 315, 8, 1.07%, 0, 0, 3, 1.97, 23, 155, 1
1771348228, 1, 0, 318, 316, 8, 1.07%, 0, 0, 3, 3.02, 23, 155, 1
1771348233, 1, 0, 319, 317, 8, 1.07%, 0, 0, 3, 3.25, 23, 155, 1
1771348243, 1, 0, 320, 318, 8, 1.07%, 0, 0, 3, 3.06, 23, 155, 1
1771348269, 1, 0, 321, 319, 8, 1.07%, 0, 0, 3, 3.14, 23, 155, 1
1771348326, 1, 0, 322, 320, 8, 1.07%, 0, 0, 3, 3.45, 23, 157, 1
1771348336, 1, 0, 323, 321, 8, 1.07%, 0, 0, 3, 3.55, 23, 157, 1
1771348362, 1, 0, 323, 321, 6, 1.07%, 0, 0, 3, 4.37, 23, 157, 1
1771348367, 1, 0, 324, 322, 6, 1.07%, 0, 0, 3, 5.34, 23, 157, 1
1771348388, 1, 0, 325, 323, 6, 1.07%, 0, 0, 3, 2.82, 23, 157, 1
1771348398, 1, 0, 326, 324, 6, 1.07%, 0, 0, 3, 2.22, 23, 157, 1
1771348435, 1, 0, 327, 325, 6, 1.07%, 0, 0, 3, 2.12, 23, 157, 1
1771348451, 1, 0, 328, 326, 6, 1.07%, 0, 0, 3, 2.22, 23, 157, 1
1771348492, 1, 0, 329, 327, 6, 1.07%, 0, 0, 3, 3.29, 23, 157, 1
1771348518, 1, 0, 329, 327, 5, 1.07%, 0, 0, 3, 4.40, 23, 157, 1
1771348538, 1, 0, 330, 328, 5, 1.07%, 0, 0, 3, 3.43, 23, 157, 1
1771348554, 1, 0, 331, 329, 5, 1.07%, 0, 0, 3, 2.92, 23, 158, 1
1771348585, 1, 0, 332, 330, 5, 1.07%, 0, 0, 3, 2.74, 23, 158, 1
1771348611, 1, 0, 333, 331, 5, 1.07%, 0, 0, 3, 2.38, 23, 158, 1
1771348617, 1, 0, 334, 332, 5, 1.07%, 0, 0, 3, 2.04, 23, 158, 1
1771348628, 1, 0, 335, 333, 5, 1.07%, 0, 0, 3, 1.72, 23, 158, 1
1771348664, 1, 0, 336, 334, 5, 1.07%, 0, 0, 3, 1.72, 23, 158, 1
1771348796, 1, 0, 336, 334, 6, 1.07%, 0, 0, 3, 5.31, 23, 158, 2
1771348801, 1, 0, 337, 335, 6, 1.07%, 0, 0, 3, 4.25, 23, 158, 2
1771348816, 1, 0, 338, 336, 6, 1.07%, 0, 0, 3, 3.90, 23, 159, 2
1771348821, 1, 0, 339, 337, 6, 1.07%, 0, 0, 3, 4.14, 23, 159, 2
1771348868, 1, 0, 340, 338, 6, 1.07%, 0, 0, 3, 2.89, 23, 161, 2
1771348874, 1, 0, 341, 339, 6, 1.07%, 0, 0, 3, 3.03, 23, 163, 2
1771348900, 1, 0, 342, 340, 6, 1.07%, 0, 0, 3, 2.78, 23, 163, 2
1771348911, 1, 0, 343, 341, 6, 1.07%, 0, 0, 3, 2.08, 23, 164, 2
1771348916, 1, 0, 344, 342, 6, 1.07%, 0, 0, 3, 1.96, 23, 164, 2
1771348974, 1, 0, 345, 343, 6, 1.07%, 0, 0, 3, 1.90, 23, 164, 2
1771349045, 1, 0, 346, 344, 6, 1.07%, 0, 0, 3, 1.73, 23, 166, 2
1771349172, 1, 0, 347, 345, 6, 1.07%, 0, 0, 3, 2.31, 23, 166, 2
1771349198, 1, 0, 348, 346, 6, 1.07%, 0, 0, 3, 2.04, 23, 166, 2
1771349203, 1, 0, 349, 347, 6, 1.07%, 0, 0, 3, 1.93, 23, 166, 2
1771349230, 1, 0, 350, 348, 6, 1.07%, 0, 0, 3, 2.79, 23, 166, 2
1771349240, 1, 0, 351, 349, 6, 1.07%, 0, 0, 3, 2.74, 23, 166, 2
1771349246, 1, 0, 352, 350, 6, 1.07%, 0, 0, 3, 2.75, 23, 166, 2
1771349256, 1, 0, 353, 351, 6, 1.07%, 0, 0, 3, 2.96, 23, 166, 2
1771349297, 1, 0, 354, 352, 6, 1.07%, 0, 0, 3, 2.80, 23, 166, 2
1771349329, 1, 0, 355, 353, 6, 1.07%, 0, 0, 3, 2.97, 23, 166, 2
1771349360, 1, 0, 356, 354, 6, 1.07%, 0, 0, 3, 2.54, 23, 166, 2
1771349437, 1, 0, 357, 355, 5, 1.08%, 0, 0, 3, 0.25, 23, 166, 3
1771349458, 1, 0, 358, 356, 5, 1.08%, 0, 0, 3, 3.13, 23, 167, 3
1771349526, 1, 0, 359, 357, 5, 1.08%, 0, 0, 3, 2.56, 23, 168, 3
1771349531, 1, 0, 360, 358, 5, 1.08%, 0, 0, 3, 2.34, 23, 168, 3
1771349579, 1, 0, 360, 358, 4, 1.08%, 0, 0, 3, 3.73, 23, 168, 3
1771349584, 1, 3, 360, 358, 4, 1.08%, 0, 0, 3, 0.57, 23, 168, 4
1771349600, 1, 3, 361, 359, 4, 1.08%, 0, 0, 3, 2.74, 23, 168, 4
1771349611, 1, 3, 362, 360, 4, 1.08%, 0, 0, 3, 1.96, 23, 168, 4
1771349616, 1, 3, 363, 361, 4, 1.08%, 0, 0, 3, 1.84, 23, 168, 4
1771349627, 1, 3, 364, 362, 4, 1.08%, 0, 0, 3, 1.83, 23, 168, 4
1771349648, 1, 3, 365, 363, 4, 1.08%, 0, 0, 3, 1.78, 23, 168, 4
1771349654, 1, 3, 366, 364, 4, 1.08%, 0, 0, 3, 1.76, 23, 169, 4
1771349723, 1, 3, 367, 365, 4, 1.08%, 0, 0, 3, 1.84, 23, 169, 4
1771349738, 1, 3, 368, 366, 4, 1.08%, 0, 0, 3, 2.09, 23, 169, 4
1771349744, 1, 3, 369, 367, 4, 1.08%, 0, 0, 3, 2.10, 23, 169, 4
1771349769, 1, 3, 370, 368, 4, 1.08%, 0, 0, 3, 1.91, 23, 172, 4
1771349854, 1, 3, 371, 369, 4, 1.08%, 0, 0, 3, 1.89, 23, 172, 4
1771349913, 1, 3, 372, 370, 4, 1.08%, 0, 0, 3, 1.75, 23, 172, 4
1771349929, 1, 3, 373, 371, 4, 1.08%, 0, 0, 3, 1.67, 23, 172, 4
1771349939, 1, 3, 374, 372, 4, 1.08%, 0, 0, 3, 1.59, 23, 172, 4
1771350013, 1, 3, 375, 373, 4, 1.08%, 0, 0, 3, 2.54, 23, 174, 4
1771350023, 1, 3, 376, 374, 4, 1.08%, 0, 0, 3, 1.86, 23, 174, 4
1771350028, 1, 3, 377, 375, 4, 1.08%, 0, 0, 3, 1.69, 23, 174, 4
1771350039, 1, 3, 378, 376, 4, 1.08%, 0, 0, 3, 1.59, 23, 175, 4
1771350054, 1, 3, 379, 377, 4, 1.08%, 0, 0, 3, 1.45, 23, 175, 4
1771350065, 1, 3, 380, 378, 4, 1.08%, 0, 0, 3, 1.38, 23, 176, 4
1771350120, 1, 3, 381, 379, 4, 1.08%, 0, 0, 3, 1.67, 23, 177, 4
1771350135, 1, 3, 382, 380, 4, 1.08%, 0, 0, 3, 1.47, 23, 177, 4
1771350189, 1, 3, 383, 381, 4, 1.08%, 0, 0, 3, 1.40, 23, 178, 4
1771350226, 1, 3, 384, 382, 4, 1.08%, 0, 0, 3, 1.53, 23, 178, 4
1771350280, 1, 3, 385, 383, 4, 1.08%, 0, 0, 3, 1.39, 23, 179, 4
1771350470, 1, 5, 385, 382, 0, 1.08%, 0, 0, 3, 0.20, 23, 179, 5
1771350496, 1, 5, 386, 383, 0, 1.08%, 0, 0, 3, 3.21, 23, 179, 5
1771350522, 1, 5, 387, 384, 0, 1.08%, 0, 0, 3, 3.02, 23, 179, 5
1771350564, 1, 9, 387, 383, 1, 1.08%, 0, 0, 3, 0.35, 23, 179, 6
1771350595, 1, 9, 388, 384, 1, 1.08%, 0, 0, 3, 2.12, 23, 179, 6
1771350600, 1, 9, 389, 385, 1, 1.08%, 0, 0, 3, 1.92, 23, 179, 6
1771350643, 1, 9, 390, 386, 1, 1.08%, 0, 0, 3, 1.66, 23, 179, 6
1771350659, 1, 9, 391, 387, 1, 1.08%, 0, 0, 3, 1.86, 23, 179, 6
1771350713, 1, 9, 392, 388, 1, 1.08%, 0, 0, 3, 1.68, 23, 179, 6
1771350760, 1, 9, 393, 389, 1, 1.08%, 0, 0, 3, 1.64, 23, 179, 6
1771350776, 1, 9, 394, 390, 1, 1.08%, 0, 0, 3, 1.58, 23, 179, 6
1771350787, 1, 9, 395, 391, 1, 1.08%, 0, 0, 3, 1.55, 23, 179, 6
1771350793, 1, 9, 396, 392, 1, 1.08%, 0, 0, 3, 1.71, 23, 179, 6
1771350845, 1, 9, 397, 393, 1, 1.08%, 0, 0, 3, 1.84, 23, 179, 6
1771350887, 1, 9, 398, 394, 1, 1.08%, 0, 0, 3, 1.70, 23, 179, 6
1771350898, 1, 9, 399, 395, 1, 1.08%, 0, 0, 3, 1.62, 23, 179, 6
1771350945, 1, 9, 400, 396, 1, 1.10%, 0, 0, 3, 1.69, 23, 179, 6
1771350966, 1, 9, 401, 397, 1, 1.10%, 0, 0, 3, 1.98, 23, 179, 6
1771351014, 1, 9, 402, 398, 1, 1.10%, 0, 0, 3, 1.40, 23, 180, 6
1771351025, 1, 9, 403, 399, 1, 1.10%, 0, 0, 3, 1.33, 23, 180, 6
1771351036, 1, 9, 404, 400, 1, 1.10%, 0, 0, 3, 1.27, 23, 180, 6
1771351074, 1, 9, 405, 401, 1, 1.10%, 0, 0, 3, 1.32, 23, 180, 6
1771351160, 1, 9, 406, 402, 1, 1.10%, 0, 0, 3, 1.30, 23, 180, 6
1771351371, 1, 9, 407, 403, 1, 1.10%, 0, 0, 3, 1.39, 23, 180, 6
1771351403, 1, 9, 408, 404, 1, 1.10%, 0, 0, 3, 1.42, 23, 180, 6
