1777014116, 2, 1, 820, 816, 18, 7.70%, 0, 0, 2, 5.09, 16, 119, 3, 357, 99497, 37137, 0, 0.476, 32, 69, 0.761251, 1.000000, 34372, 0, 0, 0, 0, 0, 119, 0
1777014122, 2, 1, 820, 816, 18, 7.70%, 0, 0, 2, 5.27, 16, 119, 3, 357, 99497, 37137, 0, 0.476, 32, 69, 0.761399, 1.000000, 34400, 0, 0, 0, 0, 0, 119, 0
1777014127, 2, 1, 820, 816, 18, 7.70%, 0, 0, 2, 5.28, 16, 119, 3, 357, 99497, 37137, 0, 0.476, 32, 69, 0.761536, 1.000000, 34426, 0, 0, 0, 0, 0, 119, 0
1777014132, 2, 1, 820, 816, 18, 7.70%, 0, 0, 2, 5.50, 16, 119, 3, 357, 99497, 37137, 0, 0.476, 32, 69, 0.761694, 1.000000, 34456, 0, 0, 0, 0, 0, 119, 0
1777014137, 2, 1, 820, 816, 18, 7.70%, 0, 0, 2, 5.20, 16, 119, 3, 357, 99497, 37137, 0, 0.476, 32, 69, 0.761815, 1.000000, 34479, 0, 0, 0, 0, 0, 119, 0
1777014142, 2, 1, 820, 816, 18, 7.70%, 0, 0, 2, 5.44, 16, 119, 3, 357, 99497, 37137, 0, 0.476, 32, 69, 0.761963, 1.000000, 34507, 0, 0, 0, 0, 0, 119, 0
1777014148, 2, 1, 820, 816, 18, 7.70%, 0, 0, 2, 4.91, 16, 119, 3, 357, 99497, 37137, 0, 0.476, 32, 69, 0.762073, 1.000000, 34528, 0, 0, 0, 0, 0, 119, 0
1777014153, 2, 1, 820, 816, 18, 7.70%, 0, 0, 2, 5.26, 16, 119, 3, 357, 99497, 37137, 0, 0.476, 32, 69, 0.762220, 1.000000, 34556, 0, 0, 0, 0, 0, 119, 0
1777014158, 2, 1, 820, 816, 18, 7.70%, 0, 0, 2, 5.16, 16, 119, 3, 357, 99497, 37137, 0, 0.476, 32, 69, 0.762346, 1.000000, 34580, 0, 0, 0, 0, 0, 120, 0
1777014163, 2, 1, 820, 816, 18, 7.70%, 0, 0, 2, 5.38, 16, 119, 3, 357, 99497, 37137, 0, 0.476, 32, 69, 0.762492, 1.000000, 34608, 0, 0, 0, 0, 0, 120, 0
1777014168, 2, 1, 820, 816, 18, 7.70%, 0, 0, 2, 5.19, 16, 119, 3, 357, 99497, 37137, 0, 0.476, 32, 69, 0.762618, 1.000000, 34632, 0, 0, 0, 0, 0, 120, 0
1777014173, 2, 1, 820, 816, 18, 7.70%, 0, 0, 2, 5.32, 16, 119, 3, 357, 99497, 37137, 0, 0.476, 32, 69, 0.762764, 1.000000, 34660, 0, 0, 0, 0, 0, 120, 0
1777014178, 2, 1, 820, 816, 18, 7.70%, 0, 0, 2, 5.32, 16, 119, 3, 357, 99497, 37137, 0, 0.476, 32, 69, 0.762889, 1.000000, 34684, 0, 0, 0, 0, 0, 120, 0
1777014185, 2, 1, 820, 816, 18, 7.70%, 0, 0, 2, 0.66, 16, 119, 3, 357, 99497, 37137, 0, 0.476, 32, 69, 0.763030, 1.000000, 34711, 0, 0, 0, 0, 0, 120, 0
1777014190, 2, 1, 820, 816, 18, 7.70%, 0, 0, 2, 5.52, 16, 119, 3, 357, 99497, 37137, 0, 0.476, 32, 69, 0.763181, 1.000000, 34740, 0, 0, 0, 0, 0, 120, 0
1777014195, 2, 1, 820, 816, 18, 7.70%, 0, 0, 2, 5.15, 16, 119, 3, 357, 99497, 37137, 0, 0.476, 32, 69, 0.763306, 1.000000, 34764, 0, 0, 0, 0, 0, 120, 0
1777014200, 2, 1, 820, 816, 18, 7.70%, 0, 0, 2, 5.20, 16, 119, 3, 357, 99497, 37137, 0, 0.476, 32, 69, 0.763451, 1.000000, 34792, 0, 0, 0, 0, 0, 121, 0
1777014206, 2, 1, 820, 816, 18, 7.70%, 0, 0, 2, 4.98, 16, 119, 3, 357, 99497, 37137, 0, 0.476, 32, 69, 0.763576, 1.000000, 34816, 0, 0, 0, 0, 0, 121, 0
1777014211, 2, 1, 820, 816, 18, 7.70%, 0, 0, 2, 5.05, 16, 119, 3, 357, 99497, 37137, 0, 0.476, 32, 69, 0.763710, 1.000000, 34842, 0, 0, 0, 0, 0, 121, 0
1777014216, 2, 1, 820, 816, 18, 7.70%, 0, 0, 2, 5.23, 16, 119, 3, 357, 99497, 37137, 0, 0.476, 32, 69, 0.763840, 1.000000, 34867, 0, 0, 0, 0, 0, 121, 0
1777014221, 2, 1, 820, 816, 18, 7.70%, 0, 0, 2, 5.39, 16, 119, 3, 357, 99497, 37137, 0, 0.476, 32, 69, 0.763990, 1.000000, 34896, 0, 0, 0, 0, 0, 121, 0
1777014226, 2, 1, 820, 816, 18, 7.70%, 0, 0, 2, 5.16, 16, 119, 3, 357, 99497, 37137, 0, 0.476, 32, 69, 0.764098, 1.000000, 34917, 0, 0, 0, 0, 0, 121, 0
1777014232, 2, 1, 820, 816, 18, 7.70%, 0, 0, 2, 5.39, 16, 119, 3, 357, 99497, 37137, 0, 0.476, 32, 69, 0.764248, 1.000000, 34946, 0, 0, 0, 0, 0, 121, 0
1777014237, 2, 1, 820, 816, 18, 7.70%, 0, 0, 2, 5.14, 16, 119, 3, 357, 99497, 37137, 0, 0.476, 32, 69, 0.764377, 1.000000, 34971, 0, 0, 0, 0, 0, 122, 0
1777014242, 2, 1, 820, 816, 18, 7.70%, 0, 0, 2, 5.14, 16, 119, 3, 357, 99497, 37137, 0, 0.476, 32, 69, 0.764516, 1.000000, 34998, 0, 0, 0, 0, 0, 122, 0
1777014247, 2, 1, 820, 816, 18, 7.70%, 0, 0, 2, 5.21, 16, 119, 3, 357, 99497, 37137, 0, 0.476, 32, 69, 0.764649, 1.000000, 35024, 0, 0, 0, 0, 0, 122, 0
1777014253, 2, 1, 820, 816, 18, 7.70%, 0, 0, 2, 5.34, 16, 119, 3, 357, 99497, 37137, 0, 0.476, 32, 69, 0.764793, 1.000000, 35052, 0, 0, 0, 0, 0, 122, 0
1777014258, 2, 1, 820, 816, 18, 7.70%, 0, 0, 2, 5.60, 16, 119, 3, 357, 99497, 37137, 0, 0.476, 32, 69, 0.764932, 1.000000, 35079, 0, 0, 0, 0, 0, 122, 0
1777014263, 2, 1, 820, 816, 18, 7.70%, 0, 0, 2, 5.48, 16, 119, 3, 357, 99497, 37137, 0, 0.476, 32, 69, 0.765080, 1.000000, 35108, 0, 0, 0, 0, 0, 122, 0
1777014268, 2, 1, 820, 816, 18, 7.70%, 0, 0, 2, 5.18, 16, 119, 3, 357, 99497, 37137, 0, 0.476, 32, 69, 0.765183, 1.000000, 35128, 0, 0, 0, 0, 0, 122, 0
1777014273, 2, 1, 820, 816, 18, 7.70%, 0, 0, 2, 5.26, 16, 119, 3, 357, 99497, 37137, 0, 0.476, 32, 69, 0.765326, 1.000000, 35156, 0, 0, 0, 0, 0, 122, 0
1777014279, 2, 1, 820, 816, 18, 7.70%, 0, 0, 2, 5.18, 16, 119, 3, 357, 99497, 37137, 0, 0.475, 34, 72, 0.765448, 1.000000, 35180, 0, 0, 0, 0, 0, 123, 0
1777014284, 2, 1, 820, 816, 18, 7.70%, 0, 0, 2, 5.27, 16, 119, 3, 357, 99497, 37137, 0, 0.475, 34, 72, 0.765591, 1.000000, 35208, 0, 0, 0, 0, 0, 123, 0
1777014289, 2, 1, 820, 816, 18, 7.70%, 0, 0, 2, 5.33, 16, 119, 3, 357, 99497, 37137, 0, 0.475, 34, 72, 0.765718, 1.000000, 35233, 0, 0, 0, 0, 0, 123, 0
1777014295, 2, 1, 820, 816, 18, 7.70%, 0, 0, 2, 5.10, 16, 119, 3, 357, 99497, 37137, 0, 0.475, 34, 72, 0.765861, 1.000000, 35261, 0, 0, 0, 0, 0, 123, 0
1777014300, 2, 1, 820, 816, 18, 7.70%, 0, 0, 2, 5.33, 16, 119, 3, 357, 99497, 37137, 0, 0.475, 34, 72, 0.766003, 1.000000, 35289, 0, 0, 0, 0, 0, 123, 0
1777014305, 2, 1, 820, 816, 18, 7.70%, 0, 0, 2, 0.66, 16, 119, 3, 357, 99497, 37137, 0, 0.475, 34, 72, 0.766115, 1.000000, 35311, 0, 0, 0, 0, 0, 123, 0
1777014311, 2, 1, 820, 816, 18, 7.70%, 0, 0, 2, 5.39, 16, 119, 3, 357, 99497, 37137, 0, 0.475, 34, 72, 0.766262, 1.000000, 35340, 0, 0, 0, 0, 0, 123, 0
1777014316, 2, 1, 820, 816, 18, 7.70%, 0, 0, 2, 5.24, 16, 119, 3, 357, 99497, 37137, 0, 0.475, 34, 72, 0.766394, 1.000000, 35366, 0, 0, 0, 0, 0, 123, 0
1777014321, 2, 1, 820, 816, 18, 7.70%, 0, 0, 2, 5.50, 16, 119, 3, 357, 99497, 37137, 0, 0.475, 34, 72, 0.766545, 1.000000, 35396, 0, 0, 0, 0, 0, 124, 0
1777014327, 2, 1, 820, 816, 18, 7.70%, 0, 0, 2, 5.24, 16, 119, 3, 357, 99497, 37137, 0, 0.475, 34, 72, 0.766677, 1.000000, 35422, 0, 0, 0, 0, 0, 124, 0
1777014332, 2, 1, 820, 816, 18, 7.70%, 0, 0, 2, 5.48, 16, 119, 3, 357, 99497, 37137, 0, 0.475, 34, 72, 0.766823, 1.000000, 35451, 0, 0, 0, 0, 0, 124, 0
1777014337, 2, 1, 820, 816, 18, 7.70%, 0, 0, 2, 5.61, 16, 119, 3, 357, 99497, 37137, 0, 0.475, 34, 72, 0.766949, 1.000000, 35476, 0, 0, 0, 0, 0, 124, 0
1777014342, 2, 1, 820, 816, 18, 7.70%, 0, 0, 2, 5.55, 16, 119, 3, 357, 99497, 37137, 0, 0.475, 34, 72, 0.767090, 1.000000, 35504, 0, 0, 0, 0, 0, 124, 0
1777014347, 2, 1, 820, 816, 18, 7.70%, 0, 0, 2, 5.11, 16, 119, 3, 357, 99497, 37137, 0, 0.475, 34, 72, 0.767191, 1.000000, 35524, 0, 0, 0, 0, 0, 124, 0
1777014353, 2, 1, 820, 816, 18, 7.70%, 0, 0, 2, 5.23, 16, 119, 3, 357, 99497, 37137, 0, 0.475, 34, 72, 0.767331, 1.000000, 35552, 0, 0, 0, 0, 0, 124, 0
1777014358, 2, 1, 820, 816, 18, 7.70%, 0, 0, 2, 5.17, 16, 119, 3, 357, 99497, 37137, 0, 0.475, 34, 72, 0.767462, 1.000000, 35578, 0, 0, 0, 0, 0, 125, 0
1777014363, 2, 1, 820, 816, 18, 7.70%, 0, 0, 2, 5.20, 16, 119, 3, 357, 99497, 37137, 0, 0.475, 34, 72, 0.767602, 1.000000, 35606, 0, 0, 0, 0, 0, 125, 0
1777014368, 2, 1, 820, 816, 18, 7.70%, 0, 0, 2, 5.08, 16, 119, 3, 357, 99497, 37137, 0, 0.475, 34, 72, 0.767722, 1.000000, 35630, 0, 0, 0, 0, 0, 125, 0
1777014373, 2, 1, 820, 816, 18, 7.70%, 0, 0, 2, 5.36, 16, 119, 3, 357, 99497, 37137, 0, 0.475, 34, 72, 0.767863, 1.000000, 35658, 0, 0, 0, 0, 0, 125, 0
1777014379, 2, 1, 820, 816, 18, 7.70%, 0, 0, 2, 5.27, 16, 119, 3, 357, 99497, 37137, 0, 0.475, 35, 72, 0.767982, 1.000000, 35682, 0, 0, 0, 0, 0, 125, 0
1777014384, 2, 1, 820, 816, 18, 7.70%, 0, 0, 2, 5.28, 16, 119, 3, 357, 99497, 37137, 0, 0.475, 35, 72, 0.768122, 1.000000, 35710, 0, 0, 0, 0, 0, 125, 0
1777014389, 2, 1, 820, 816, 18, 7.70%, 0, 0, 2, 5.36, 16, 119, 3, 357, 99497, 37137, 0, 0.475, 35, 72, 0.768232, 1.000000, 35732, 0, 0, 0, 0, 0, 125, 0
1777014395, 2, 1, 820, 816, 18, 7.70%, 0, 0, 2, 5.24, 16, 119, 3, 357, 99497, 37137, 0, 0.475, 35, 72, 0.768376, 1.000000, 35761, 0, 0, 0, 0, 0, 125, 0
1777014400, 2, 1, 820, 816, 18, 7.70%, 0, 0, 2, 5.38, 16, 119, 3, 357, 99497, 37137, 0, 0.475, 35, 72, 0.768521, 1.000000, 35790, 0, 0, 0, 0, 0, 126, 0
1777014405, 2, 1, 820, 816, 18, 7.70%, 0, 0, 2, 5.14, 16, 119, 3, 357, 99497, 37137, 0, 0.475, 35, 72, 0.768650, 1.000000, 35816, 0, 0, 0, 0, 0, 126, 0
1777014410, 2, 1, 820, 816, 18, 7.70%, 0, 0, 2, 5.27, 16, 119, 3, 357, 99497, 37137, 0, 0.475, 35, 72, 0.768789, 1.000000, 35844, 0, 0, 0, 0, 0, 126, 0
1777014416, 2, 1, 820, 816, 18, 7.70%, 0, 0, 2, 4.96, 16, 119, 3, 357, 99497, 37137, 0, 0.475, 35, 72, 0.768908, 1.000000, 35868, 0, 0, 0, 0, 0, 126, 0
1777014421, 2, 1, 820, 816, 18, 7.70%, 0, 0, 2, 5.14, 16, 119, 3, 357, 99497, 37137, 0, 0.475, 35, 72, 0.769046, 1.000000, 35896, 0, 0, 0, 0, 0, 126, 0
1777014426, 2, 1, 820, 816, 18, 7.70%, 0, 0, 2, 5.18, 16, 119, 3, 357, 99497, 37137, 0, 0.475, 35, 72, 0.769155, 1.000000, 35918, 0, 0, 0, 0, 0, 126, 0
1777014431, 2, 1, 820, 816, 18, 7.70%, 0, 0, 2, 5.36, 16, 119, 3, 357, 99497, 37137, 0, 0.475, 35, 72, 0.769293, 1.000000, 35946, 0, 0, 0, 0, 0, 126, 0
1777014437, 2, 1, 820, 816, 18, 7.70%, 0, 0, 2, 5.13, 16, 119, 3, 357, 99497, 37137, 0, 0.475, 35, 72, 0.769412, 1.000000, 35970, 0, 0, 0, 0, 0, 127, 0
1777014442, 2, 1, 820, 816, 18, 7.70%, 0, 0, 2, 5.25, 16, 119, 3, 357, 99497, 37137, 0, 0.475, 35, 72, 0.769550, 1.000000, 35998, 0, 0, 0, 0, 0, 127, 0
1777014447, 2, 1, 820, 816, 18, 7.70%, 0, 0, 2, 5.14, 16, 119, 3, 357, 99497, 37137, 0, 0.475, 35, 72, 0.769678, 1.000000, 36024, 0, 0, 0, 0, 0, 127, 0
1777014452, 2, 1, 820, 816, 18, 7.70%, 0, 0, 2, 5.10, 16, 119, 3, 357, 99497, 37137, 0, 0.475, 35, 72, 0.769806, 1.000000, 36050, 0, 0, 0, 0, 0, 127, 0
1777014457, 2, 1, 820, 816, 18, 7.70%, 0, 0, 2, 5.01, 16, 119, 3, 357, 99497, 37137, 0, 0.475, 35, 72, 0.769924, 1.000000, 36074, 0, 0, 0, 0, 0, 127, 0
1777014462, 2, 1, 820, 816, 18, 7.70%, 0, 0, 2, 5.02, 16, 119, 3, 357, 99497, 37137, 0, 0.475, 35, 72, 0.770051, 1.000000, 36100, 0, 0, 0, 0, 0, 127, 0
1777014468, 2, 1, 821, 817, 18, 7.71%, 0, 0, 2, 4.54, 16, 119, 3, 357, 99497, 37137, 0, 0.475, 35, 72, 0.770120, 1.000000, 36114, 0, 0, 0, 0, 0, 127, 0
1777014473, 2, 1, 821, 817, 18, 7.71%, 0, 0, 2, 5.15, 16, 119, 3, 357, 99497, 37137, 0, 0.475, 35, 72, 0.770262, 1.000000, 36143, 0, 0, 0, 0, 0, 127, 0
1777014478, 2, 1, 821, 817, 18, 7.71%, 0, 0, 2, 5.39, 16, 119, 3, 357, 99497, 37137, 0, 0.474, 37, 75, 0.770384, 1.000000, 36168, 0, 0, 0, 0, 0, 127, 0
1777014483, 2, 1, 821, 817, 18, 7.71%, 0, 0, 2, 5.51, 16, 119, 3, 357, 99497, 37137, 0, 0.474, 37, 75, 0.770531, 1.000000, 36198, 0, 0, 0, 0, 0, 127, 0
1777014489, 2, 1, 821, 817, 18, 7.71%, 0, 0, 2, 5.34, 16, 119, 3, 357, 99497, 37137, 0, 0.474, 37, 75, 0.770653, 1.000000, 36223, 0, 0, 0, 0, 0, 127, 0
1777014494, 2, 1, 821, 817, 18, 7.71%, 0, 0, 2, 5.31, 16, 119, 3, 357, 99497, 37137, 0, 0.474, 37, 75, 0.770785, 1.000000, 36250, 0, 0, 0, 0, 0, 127, 0
1777014499, 2, 1, 821, 817, 18, 7.71%, 0, 0, 2, 5.26, 16, 119, 3, 357, 99497, 37137, 0, 0.474, 37, 75, 0.770902, 1.000000, 36274, 0, 0, 0, 0, 0, 127, 0
1777014504, 2, 1, 821, 817, 18, 7.71%, 0, 0, 2, 5.26, 16, 119, 3, 357, 99497, 37137, 0, 0.474, 37, 75, 0.771033, 1.000000, 36301, 0, 0, 0, 0, 0, 127, 0
1777014509, 2, 1, 821, 817, 18, 7.71%, 0, 0, 2, 5.45, 16, 119, 3, 357, 99497, 37137, 0, 0.474, 37, 75, 0.771145, 1.000000, 36324, 0, 0, 0, 0, 0, 128, 0
1777014514, 2, 1, 821, 817, 18, 7.71%, 0, 0, 2, 5.40, 16, 119, 3, 357, 99497, 37137, 0, 0.474, 37, 75, 0.771281, 1.000000, 36352, 0, 0, 0, 0, 0, 128, 0
1777014520, 2, 1, 822, 818, 18, 7.71%, 0, 0, 2, 5.09, 16, 119, 3, 357, 99497, 37137, 0, 0.474, 37, 75, 0.771358, 1.000000, 36368, 0, 0, 0, 0, 0, 128, 0
1777014525, 2, 1, 822, 818, 18, 7.71%, 0, 0, 2, 5.02, 16, 119, 3, 357, 99497, 37137, 0, 0.474, 37, 75, 0.771489, 1.000000, 36395, 0, 0, 0, 0, 0, 128, 0
1777014531, 2, 1, 822, 818, 18, 7.71%, 0, 0, 2, 5.32, 16, 119, 3, 357, 99497, 37137, 0, 0.474, 37, 75, 0.771630, 1.000000, 36424, 0, 0, 0, 0, 0, 128, 0
1777014536, 2, 1, 822, 818, 18, 7.71%, 0, 0, 2, 1.72, 16, 119, 3, 357, 99497, 37137, 0, 0.474, 37, 75, 0.771750, 1.000000, 36449, 0, 0, 0, 0, 0, 128, 0
1777014541, 2, 1, 822, 818, 18, 7.71%, 0, 0, 2, 4.01, 16, 119, 3, 357, 99497, 37137, 0, 0.474, 37, 75, 0.771881, 1.000000, 36476, 0, 0, 0, 0, 0, 128, 0
1777014546, 2, 1, 822, 818, 18, 7.71%, 0, 0, 2, 5.16, 16, 119, 3, 357, 99497, 37137, 0, 0.474, 37, 75, 0.771987, 1.000000, 36498, 0, 0, 0, 0, 0, 128, 0
1777014551, 2, 1, 822, 818, 18, 7.71%, 0, 0, 2, 5.27, 16, 119, 3, 357, 99497, 37137, 0, 0.474, 37, 75, 0.772117, 1.000000, 36525, 0, 0, 0, 0, 0, 128, 0
1777014556, 2, 1, 822, 818, 18, 7.71%, 0, 0, 2, 5.19, 16, 119, 3, 357, 99497, 37137, 0, 0.474, 37, 75, 0.772242, 1.000000, 36551, 0, 0, 0, 0, 0, 128, 0
1777014562, 2, 1, 822, 818, 18, 7.71%, 0, 0, 2, 5.12, 16, 119, 3, 357, 99497, 37137, 0, 0.474, 37, 75, 0.772372, 1.000000, 36578, 0, 0, 0, 0, 0, 129, 0
1777014567, 2, 1, 822, 818, 18, 7.71%, 0, 0, 2, 5.09, 16, 119, 3, 357, 99497, 37137, 0, 0.474, 37, 75, 0.772492, 1.000000, 36603, 0, 0, 0, 0, 0, 129, 0
1777014572, 2, 1, 822, 818, 18, 7.71%, 0, 0, 2, 5.49, 16, 119, 3, 357, 99497, 37137, 0, 0.474, 37, 75, 0.772631, 1.000000, 36632, 0, 0, 0, 0, 0, 129, 0
1777014577, 2, 1, 822, 818, 18, 7.71%, 0, 0, 2, 5.91, 16, 119, 3, 357, 99497, 37137, 0, 0.474, 37, 75, 0.772746, 1.000000, 36656, 0, 0, 0, 0, 0, 129, 0
1777014582, 2, 1, 822, 818, 18, 7.71%, 0, 0, 2, 5.56, 16, 119, 3, 357, 99497, 37137, 0, 0.474, 37, 75, 0.772876, 1.000000, 36683, 0, 0, 0, 0, 0, 129, 0
1777014587, 2, 1, 822, 818, 18, 7.71%, 0, 0, 2, 4.78, 16, 119, 3, 357, 99497, 37137, 0, 0.474, 37, 75, 0.772976, 1.000000, 36704, 0, 0, 0, 0, 0, 129, 0
1777014593, 2, 1, 822, 818, 18, 7.71%, 0, 0, 2, 5.18, 16, 119, 3, 357, 99497, 37137, 0, 0.474, 37, 75, 0.773110, 1.000000, 36732, 0, 0, 0, 0, 0, 129, 0
1777014598, 2, 1, 822, 818, 18, 7.71%, 0, 0, 2, 5.25, 16, 119, 3, 357, 99497, 37137, 0, 0.474, 37, 75, 0.773229, 1.000000, 36757, 0, 0, 0, 0, 0, 130, 0
1777014603, 2, 1, 822, 818, 18, 7.71%, 0, 0, 2, 5.33, 16, 119, 3, 357, 99497, 37137, 0, 0.474, 37, 75, 0.773358, 1.000000, 36784, 0, 0, 0, 0, 0, 130, 0
1777014608, 2, 1, 822, 818, 18, 7.71%, 0, 0, 2, 5.32, 16, 119, 3, 357, 99497, 37137, 0, 0.474, 37, 75, 0.773477, 1.000000, 36809, 0, 0, 0, 0, 0, 130, 0
1777014613, 2, 1, 822, 818, 18, 7.71%, 0, 0, 2, 5.43, 16, 119, 3, 357, 99497, 37137, 0, 0.474, 37, 75, 0.773615, 1.000000, 36838, 0, 0, 0, 0, 0, 130, 0
1777014618, 2, 1, 822, 818, 18, 7.71%, 0, 0, 2, 3.07, 16, 119, 3, 357, 99497, 37137, 0, 0.474, 37, 75, 0.773729, 1.000000, 36862, 0, 0, 0, 0, 0, 130, 0
1777014624, 2, 1, 822, 818, 18, 7.71%, 0, 0, 2, 4.48, 16, 119, 3, 357, 99497, 37137, 0, 0.474, 37, 75, 0.773862, 1.000000, 36890, 0, 0, 0, 0, 0, 130, 0
1777014629, 2, 1, 822, 818, 18, 7.71%, 0, 0, 2, 5.20, 16, 119, 3, 357, 99497, 37137, 0, 0.474, 37, 75, 0.773957, 1.000000, 36910, 0, 0, 0, 0, 0, 130, 0
1777014634, 2, 1, 822, 818, 18, 7.71%, 0, 0, 2, 5.44, 16, 119, 3, 357, 99497, 37137, 0, 0.474, 37, 75, 0.774094, 1.000000, 36939, 0, 0, 0, 0, 0, 130, 0
1777014639, 2, 1, 822, 818, 18, 7.71%, 0, 0, 2, 5.18, 16, 119, 3, 357, 99497, 37137, 0, 0.474, 37, 75, 0.774208, 1.000000, 36963, 0, 0, 0, 0, 0, 131, 0
1777014644, 2, 1, 822, 818, 18, 7.71%, 0, 0, 2, 5.35, 16, 119, 3, 357, 99497, 37137, 0, 0.474, 37, 75, 0.774345, 1.000000, 36992, 0, 0, 0, 0, 0, 131, 0
1777014650, 2, 1, 822, 818, 18, 7.71%, 0, 0, 2, 5.18, 16, 119, 3, 357, 99497, 37137, 0, 0.474, 37, 75, 0.774463, 1.000000, 37017, 0, 0, 0, 0, 0, 131, 0
1777014656, 2, 1, 822, 818, 18, 7.71%, 0, 0, 2, 1.00, 16, 119, 3, 357, 99497, 37137, 0, 0.474, 37, 75, 0.774595, 1.000000, 37045, 0, 0, 0, 0, 0, 131, 0
1777014661, 2, 1, 822, 818, 18, 7.71%, 0, 0, 2, 3.89, 16, 119, 3, 357, 99497, 37137, 0, 0.474, 37, 75, 0.774731, 1.000000, 37074, 0, 0, 0, 0, 0, 131, 0
1777014666, 2, 1, 822, 818, 18, 7.71%, 0, 0, 2, 0.66, 16, 119, 3, 357, 99497, 37137, 0, 0.474, 37, 75, 0.774830, 1.000000, 37095, 0, 0, 0, 0, 0, 131, 0
1777014671, 2, 1, 822, 818, 18, 7.71%, 0, 0, 2, 5.29, 16, 119, 3, 357, 99497, 37137, 0, 0.474, 37, 75, 0.774957, 1.000000, 37122, 0, 0, 0, 0, 0, 131, 0
1777014676, 2, 1, 822, 818, 18, 7.71%, 0, 0, 2, 5.20, 16, 119, 3, 357, 99497, 37137, 0, 0.474, 37, 75, 0.775079, 1.000000, 37148, 0, 0, 0, 0, 0, 131, 0
1777014682, 2, 1, 822, 818, 18, 7.71%, 0, 0, 2, 5.44, 16, 119, 3, 357, 99497, 37137, 0, 0.474, 37, 75, 0.775211, 1.000000, 37176, 0, 0, 0, 0, 0, 132, 0
1777014687, 2, 1, 822, 818, 18, 7.71%, 0, 0, 2, 5.25, 16, 119, 3, 357, 99497, 37137, 0, 0.474, 37, 75, 0.775332, 1.000000, 37202, 0, 0, 0, 0, 0, 132, 0
1777014692, 2, 1, 822, 818, 18, 7.71%, 0, 0, 2, 5.40, 16, 119, 3, 357, 99497, 37137, 0, 0.474, 37, 75, 0.775463, 1.000000, 37230, 0, 0, 0, 0, 0, 132, 0
1777014697, 2, 1, 822, 818, 18, 7.71%, 0, 0, 2, 5.62, 16, 119, 3, 357, 99497, 37137, 0, 0.474, 37, 75, 0.775566, 1.000000, 37252, 0, 0, 0, 0, 0, 132, 0
1777014702, 2, 1, 822, 818, 18, 7.71%, 0, 0, 2, 5.40, 16, 119, 3, 357, 99497, 37137, 0, 0.474, 37, 75, 0.775697, 1.000000, 37280, 0, 0, 0, 0, 0, 132, 0
1777014708, 2, 1, 822, 818, 18, 7.71%, 0, 0, 2, 5.08, 16, 119, 3, 357, 99497, 37137, 0, 0.474, 37, 75, 0.775790, 1.000000, 37300, 0, 0, 0, 0, 0, 132, 0
1777014713, 2, 1, 822, 818, 18, 7.71%, 0, 0, 2, 5.20, 16, 119, 3, 357, 99497, 37137, 0, 0.474, 37, 75, 0.775921, 1.000000, 37328, 0, 0, 0, 0, 0, 132, 0
1777014718, 2, 1, 822, 818, 18, 7.71%, 0, 0, 2, 5.46, 16, 119, 3, 357, 99497, 37137, 0, 0.474, 37, 75, 0.776047, 1.000000, 37355, 0, 0, 0, 0, 0, 133, 0
1777014723, 2, 1, 822, 818, 18, 7.71%, 0, 0, 2, 5.58, 16, 119, 3, 357, 99497, 37137, 0, 0.474, 37, 75, 0.776181, 1.000000, 37384, 0, 0, 0, 0, 0, 133, 0
1777014728, 2, 1, 822, 818, 18, 7.71%, 0, 0, 2, 5.45, 16, 119, 3, 357, 99497, 37137, 0, 0.474, 37, 75, 0.776297, 1.000000, 37409, 0, 0, 0, 0, 0, 133, 0
1777014733, 2, 1, 822, 818, 18, 7.71%, 0, 0, 2, 5.34, 16, 119, 3, 357, 99497, 37137, 0, 0.474, 37, 75, 0.776423, 1.000000, 37436, 0, 0, 0, 0, 0, 133, 0
1777014739, 2, 1, 822, 818, 18, 7.71%, 0, 0, 2, 6.70, 16, 119, 3, 357, 99497, 37137, 0, 0.474, 37, 75, 0.776534, 1.000000, 37460, 0, 0, 0, 0, 0, 133, 0
1777014744, 2, 1, 822, 818, 18, 7.71%, 0, 0, 2, 6.06, 16, 119, 3, 357, 99497, 37137, 0, 0.474, 37, 75, 0.776668, 1.000000, 37489, 0, 0, 0, 0, 0, 133, 0
1777014749, 2, 1, 822, 818, 18, 7.71%, 0, 0, 2, 5.10, 16, 119, 3, 357, 99497, 37137, 0, 0.474, 37, 75, 0.776756, 1.000000, 37508, 0, 0, 0, 0, 0, 133, 0
1777014754, 2, 1, 822, 818, 18, 7.71%, 0, 0, 2, 5.26, 16, 119, 3, 357, 99497, 37137, 0, 0.474, 37, 75, 0.776886, 1.000000, 37536, 0, 0, 0, 0, 0, 133, 0
1777014759, 2, 1, 822, 818, 18, 7.71%, 0, 0, 2, 5.24, 16, 119, 3, 357, 99497, 37137, 0, 0.474, 37, 75, 0.777006, 1.000000, 37562, 0, 0, 0, 0, 0, 134, 0
1777014765, 2, 1, 822, 818, 18, 7.71%, 0, 0, 2, 5.58, 16, 119, 3, 357, 99497, 37137, 0, 0.474, 37, 75, 0.777144, 1.000000, 37592, 0, 0, 0, 0, 0, 134, 0
1777014770, 2, 1, 823, 819, 18, 7.71%, 0, 0, 2, 5.59, 16, 119, 3, 357, 99497, 37137, 0, 0.474, 37, 75, 0.777227, 1.000000, 37610, 0, 0, 0, 0, 0, 134, 0
1777014775, 2, 1, 823, 819, 18, 7.71%, 0, 0, 2, 5.28, 16, 119, 3, 357, 99497, 37137, 0, 0.474, 37, 75, 0.777346, 1.000000, 37636, 0, 0, 0, 0, 0, 134, 0
1777014780, 2, 1, 823, 819, 18, 7.71%, 0, 0, 2, 5.25, 16, 119, 3, 357, 99497, 37137, 0, 0.474, 37, 75, 0.777457, 1.000000, 37660, 0, 0, 0, 0, 0, 134, 0
1777014786, 2, 1, 823, 819, 18, 7.71%, 0, 0, 2, 0.66, 16, 119, 3, 357, 99497, 37137, 0, 0.474, 37, 75, 0.777581, 1.000000, 37687, 0, 0, 0, 0, 0, 134, 0
1777014791, 2, 1, 823, 819, 18, 7.71%, 0, 0, 2, 4.96, 16, 119, 3, 357, 99497, 37137, 0, 0.474, 37, 75, 0.777700, 1.000000, 37713, 0, 0, 0, 0, 0, 134, 0
1777014797, 2, 1, 823, 819, 18, 7.71%, 0, 0, 2, 4.96, 16, 119, 3, 357, 99497, 37137, 0, 0.474, 37, 75, 0.777810, 1.000000, 37737, 0, 0, 0, 0, 0, 134, 0
1777014802, 2, 1, 823, 819, 18, 7.71%, 0, 0, 2, 5.14, 16, 119, 3, 357, 99497, 37137, 0, 0.474, 37, 75, 0.777933, 1.000000, 37764, 0, 0, 0, 0, 0, 134, 0
1777014807, 2, 1, 823, 819, 18, 7.71%, 0, 0, 2, 5.10, 16, 119, 3, 357, 99497, 37137, 0, 0.474, 37, 75, 0.778048, 1.000000, 37789, 0, 0, 0, 0, 0, 134, 0
1777014812, 2, 1, 823, 819, 18, 7.71%, 0, 0, 2, 5.31, 16, 119, 3, 357, 99497, 37137, 0, 0.474, 37, 75, 0.778180, 1.000000, 37818, 0, 0, 0, 0, 0, 135, 0
1777014817, 2, 1, 823, 819, 18, 7.71%, 0, 0, 2, 4.92, 16, 119, 3, 357, 99497, 37137, 0, 0.474, 37, 75, 0.778281, 1.000000, 37840, 0, 0, 0, 0, 0, 135, 0
1777014822, 2, 1, 823, 819, 18, 7.71%, 0, 0, 2, 5.24, 16, 119, 3, 357, 99497, 37137, 0, 0.474, 37, 75, 0.778408, 1.000000, 37868, 0, 0, 0, 0, 0, 135, 0
1777014827, 2, 1, 823, 819, 18, 7.71%, 0, 0, 2, 4.07, 16, 119, 3, 357, 99497, 37137, 0, 0.474, 37, 75, 0.778499, 1.000000, 37888, 0, 0, 0, 0, 0, 135, 0
1777014832, 2, 1, 823, 819, 18, 7.71%, 0, 0, 2, 4.95, 16, 119, 3, 357, 99497, 37137, 0, 0.474, 37, 75, 0.778627, 1.000000, 37916, 0, 0, 0, 0, 0, 135, 0
1777014837, 2, 1, 823, 819, 18, 7.71%, 0, 0, 2, 4.96, 16, 119, 3, 357, 99497, 37137, 0, 0.474, 37, 75, 0.778736, 1.000000, 37940, 0, 0, 0, 0, 0, 135, 0
1777014843, 2, 1, 823, 819, 18, 7.71%, 0, 0, 2, 5.16, 16, 119, 3, 357, 99497, 37137, 0, 0.474, 37, 75, 0.778863, 1.000000, 37968, 0, 0, 0, 0, 0, 135, 0
1777014848, 2, 1, 823, 819, 18, 7.71%, 0, 0, 2, 5.01, 16, 119, 3, 357, 99497, 37137, 0, 0.474, 37, 75, 0.778972, 1.000000, 37992, 0, 0, 0, 0, 0, 135, 0
1777014853, 2, 1, 823, 819, 18, 7.71%, 0, 0, 2, 5.14, 16, 119, 3, 357, 99497, 37137, 0, 0.474, 37, 75, 0.779094, 1.000000, 38019, 0, 0, 0, 0, 0, 136, 0
1777014858, 2, 1, 823, 819, 18, 7.71%, 0, 0, 2, 5.18, 16, 119, 3, 357, 99497, 37137, 0, 0.474, 37, 75, 0.779207, 1.000000, 38044, 0, 0, 0, 0, 0, 136, 0
1777014863, 2, 1, 823, 819, 18, 7.71%, 0, 0, 2, 5.36, 16, 119, 3, 357, 99497, 37137, 0, 0.474, 37, 75, 0.779333, 1.000000, 38072, 0, 0, 0, 0, 0, 136, 0
1777014868, 2, 1, 823, 819, 18, 7.71%, 0, 0, 2, 5.16, 16, 119, 3, 357, 99497, 37137, 0, 0.474, 37, 75, 0.779424, 1.000000, 38092, 0, 0, 0, 0, 0, 136, 0
1777014874, 2, 1, 823, 819, 18, 7.71%, 0, 0, 2, 5.26, 16, 119, 3, 357, 99497, 37137, 0, 0.474, 37, 75, 0.779550, 1.000000, 38120, 0, 0, 0, 0, 0, 136, 0
1777014879, 2, 1, 823, 819, 18, 7.71%, 0, 0, 2, 5.20, 16, 119, 3, 357, 99497, 37137, 0, 0.474, 37, 75, 0.779658, 1.000000, 38144, 0, 0, 0, 0, 0, 136, 0
1777014884, 2, 1, 823, 819, 18, 7.71%, 0, 0, 2, 5.34, 16, 119, 3, 357, 99497, 37137, 0, 0.474, 37, 75, 0.779784, 1.000000, 38172, 0, 0, 0, 0, 0, 136, 0
1777014889, 2, 1, 823, 819, 18, 7.71%, 0, 0, 2, 5.28, 16, 119, 3, 357, 99497, 37137, 0, 0.474, 37, 75, 0.779897, 1.000000, 38197, 0, 0, 0, 0, 0, 136, 0
1777014894, 2, 1, 823, 819, 18, 7.71%, 0, 0, 2, 5.49, 16, 119, 3, 357, 99497, 37137, 0, 0.474, 37, 75, 0.780027, 1.000000, 38226, 0, 0, 0, 0, 0, 137, 0
1777014899, 2, 1, 823, 819, 18, 7.71%, 0, 0, 2, 6.62, 16, 119, 3, 357, 99497, 37137, 0, 0.474, 37, 75, 0.780144, 1.000000, 38252, 0, 0, 0, 0, 0, 137, 0
1777014905, 2, 1, 823, 819, 18, 7.71%, 0, 0, 2, 5.83, 16, 119, 3, 357, 99497, 37137, 0, 0.474, 37, 75, 0.780269, 1.000000, 38280, 0, 0, 0, 0, 0, 137, 0
1777014910, 2, 1, 823, 819, 18, 7.71%, 0, 0, 2, 5.48, 16, 119, 3, 357, 99497, 37137, 0, 0.474, 37, 75, 0.780363, 1.000000, 38301, 0, 0, 0, 0, 0, 137, 0
1777014915, 2, 1, 823, 819, 18, 7.71%, 0, 0, 2, 5.29, 16, 119, 3, 357, 99497, 37137, 0, 0.474, 37, 75, 0.780484, 1.000000, 38328, 0, 0, 0, 0, 0, 137, 0
1777014920, 2, 1, 823, 819, 18, 7.71%, 0, 0, 2, 5.38, 16, 119, 3, 357, 99497, 37137, 0, 0.474, 37, 75, 0.780600, 1.000000, 38354, 0, 0, 0, 0, 0, 137, 0
1777014926, 2, 1, 823, 819, 18, 7.71%, 0, 0, 2, 5.35, 16, 119, 3, 357, 99497, 37137, 0, 0.474, 37, 75, 0.780725, 1.000000, 38382, 0, 0, 0, 0, 0, 137, 0
1777014931, 2, 1, 823, 819, 18, 7.71%, 0, 0, 2, 5.48, 16, 119, 3, 357, 99497, 37137, 0, 0.474, 37, 75, 0.780850, 1.000000, 38410, 0, 0, 0, 0, 0, 138, 0
1777014937, 2, 1, 823, 819, 18, 7.71%, 0, 0, 2, 0.98, 16, 119, 3, 357, 99497, 37137, 0, 0.474, 37, 75, 0.780970, 1.000000, 38437, 0, 0, 0, 0, 0, 138, 0
1777014942, 2, 1, 823, 819, 18, 7.71%, 0, 0, 2, 5.54, 16, 119, 3, 357, 99497, 37137, 0, 0.474, 37, 75, 0.781095, 1.000000, 38465, 0, 0, 0, 0, 0, 138, 0
1777014947, 2, 1, 823, 819, 18, 7.71%, 0, 0, 2, 5.33, 16, 119, 3, 357, 99497, 37137, 0, 0.474, 37, 75, 0.781192, 1.000000, 38487, 0, 0, 0, 0, 0, 138, 0
1777014952, 2, 1, 823, 819, 18, 7.71%, 0, 0, 2, 5.58, 16, 119, 3, 357, 99497, 37137, 0, 0.474, 37, 75, 0.781321, 1.000000, 38516, 0, 0, 0, 0, 0, 138, 0
1777014957, 2, 1, 823, 819, 18, 7.71%, 0, 0, 2, 5.29, 16, 119, 3, 357, 99497, 37137, 0, 0.474, 37, 75, 0.781432, 1.000000, 38541, 0, 0, 0, 0, 0, 138, 0
1777014962, 2, 1, 823, 819, 18, 7.71%, 0, 0, 2, 5.40, 16, 119, 3, 357, 99497, 37137, 0, 0.474, 37, 75, 0.781560, 1.000000, 38570, 0, 0, 0, 0, 0, 138, 0
1777014968, 2, 1, 823, 819, 18, 7.71%, 0, 0, 2, 5.44, 16, 119, 3, 357, 99497, 37137, 0, 0.474, 37, 75, 0.781680, 1.000000, 38597, 0, 0, 0, 0, 0, 138, 0
1777014973, 2, 1, 823, 819, 18, 7.71%, 0, 0, 2, 5.23, 16, 119, 3, 357, 99497, 37137, 0, 0.474, 37, 75, 0.781799, 1.000000, 38624, 0, 0, 0, 0, 0, 139, 0
1777014978, 2, 1, 823, 819, 18, 7.71%, 0, 0, 2, 2.73, 16, 119, 3, 357, 99497, 37137, 0, 0.472, 39, 78, 0.781909, 1.000000, 38649, 0, 0, 0, 0, 0, 139, 0
1777014983, 2, 1, 823, 819, 18, 7.71%, 0, 0, 2, 4.69, 16, 119, 3, 357, 99497, 37137, 0, 0.472, 39, 78, 0.782037, 1.000000, 38678, 0, 0, 0, 0, 0, 139, 0
1777014988, 2, 1, 823, 819, 18, 7.71%, 0, 0, 2, 6.21, 16, 119, 3, 357, 99497, 37137, 0, 0.472, 39, 78, 0.782134, 1.000000, 38700, 0, 0, 0, 0, 0, 139, 0
1777014994, 2, 1, 823, 819, 18, 7.71%, 0, 0, 2, 6.10, 16, 119, 3, 357, 99497, 37137, 0, 0.472, 39, 78, 0.782271, 1.000000, 38731, 0, 0, 0, 0, 0, 139, 0
1777014999, 2, 1, 823, 819, 18, 7.71%, 0, 0, 2, 3.36, 16, 119, 3, 357, 99497, 37137, 0, 0.472, 39, 78, 0.782380, 1.000000, 38756, 0, 0, 0, 0, 0, 139, 0
1777015004, 2, 1, 823, 819, 18, 7.71%, 0, 0, 2, 4.64, 16, 119, 3, 357, 99497, 37137, 0, 0.472, 39, 78, 0.782503, 1.000000, 38784, 0, 0, 0, 0, 0, 139, 0
1777015009, 2, 1, 823, 819, 18, 7.71%, 0, 0, 2, 5.15, 16, 119, 3, 357, 99497, 37137, 0, 0.472, 39, 78, 0.782617, 1.000000, 38810, 0, 0, 0, 0, 0, 140, 0
1777015015, 2, 1, 823, 819, 18, 7.71%, 0, 0, 2, 1.09, 16, 119, 3, 357, 99497, 37137, 0, 0.472, 39, 78, 0.782736, 1.000000, 38837, 0, 0, 0, 0, 0, 140, 0
1777015078, 2, 1, 823, 819, 5, 7.71%, 0, 0, 2, 0.02, 16, 119, 4, 358, 99497, 37137, 0, 0.472, 39, 78, 0.782815, 1.000000, 38855, 0, 0, 0, 0, 0, 140, 0
1777015083, 2, 1, 823, 819, 5, 7.71%, 0, 0, 2, 5.49, 16, 119, 4, 358, 99497, 37137, 0, 0.472, 39, 78, 0.782941, 1.000000, 38884, 0, 0, 0, 0, 0, 140, 0
1777015088, 2, 1, 823, 819, 5, 7.71%, 0, 0, 2, 5.57, 16, 119, 4, 358, 99497, 37137, 0, 0.472, 39, 78, 0.783029, 1.000000, 38904, 0, 0, 0, 0, 0, 140, 0
1777015093, 2, 1, 823, 819, 5, 7.71%, 0, 0, 2, 5.54, 16, 119, 4, 358, 99497, 37137, 0, 0.472, 39, 78, 0.783151, 1.000000, 38932, 0, 0, 0, 0, 0, 140, 0
1777015098, 2, 1, 823, 819, 5, 7.71%, 0, 0, 2, 5.23, 16, 119, 4, 358, 99497, 37137, 0, 0.472, 39, 78, 0.783251, 1.000000, 38955, 0, 0, 0, 0, 0, 140, 0
1777015103, 2, 1, 823, 819, 5, 7.71%, 0, 0, 2, 5.21, 16, 119, 4, 358, 99497, 37137, 0, 0.472, 39, 78, 0.783369, 1.000000, 38982, 0, 0, 0, 0, 0, 140, 0
1777015108, 2, 1, 823, 819, 5, 7.71%, 0, 0, 2, 5.36, 16, 119, 4, 358, 99497, 37137, 0, 0.472, 39, 78, 0.783482, 1.000000, 39008, 0, 0, 0, 0, 0, 140, 0
1777015113, 2, 1, 823, 819, 5, 7.71%, 0, 0, 2, 5.51, 16, 119, 4, 358, 99497, 37137, 0, 0.472, 39, 78, 0.783604, 1.000000, 39036, 0, 0, 0, 0, 0, 140, 0
1777015119, 2, 1, 823, 819, 5, 7.71%, 0, 0, 2, 3.29, 16, 119, 4, 358, 99497, 37137, 0, 0.472, 39, 78, 0.783699, 1.000000, 39058, 0, 0, 0, 0, 0, 141, 0
1777015124, 2, 1, 823, 819, 5, 7.71%, 0, 0, 2, 4.74, 16, 119, 4, 358, 99497, 37137, 0, 0.472, 39, 78, 0.783821, 1.000000, 39086, 0, 0, 0, 0, 0, 141, 0
1777015129, 2, 1, 823, 819, 5, 7.71%, 0, 0, 2, 5.53, 16, 119, 4, 358, 99497, 37137, 0, 0.472, 39, 78, 0.783907, 1.000000, 39106, 0, 0, 0, 0, 0, 141, 0
1777015134, 2, 1, 823, 819, 5, 7.71%, 0, 0, 2, 5.28, 16, 119, 4, 358, 99497, 37137, 0, 0.472, 39, 78, 0.784020, 1.000000, 39132, 0, 0, 0, 0, 0, 141, 0
1777015139, 2, 1, 823, 819, 5, 7.71%, 0, 0, 2, 5.25, 16, 119, 4, 358, 99497, 37137, 0, 0.466, 53, 99, 0.784128, 1.000000, 39157, 0, 0, 0, 0, 0, 141, 0
1777015144, 2, 1, 823, 819, 5, 7.71%, 0, 0, 2, 5.35, 16, 119, 4, 358, 99497, 37137, 0, 0.466, 53, 99, 0.784249, 1.000000, 39185, 0, 0, 0, 0, 0, 141, 0
1777015150, 2, 1, 823, 819, 5, 7.71%, 0, 0, 2, 5.08, 16, 119, 4, 358, 99497, 37137, 0, 0.466, 53, 99, 0.784357, 1.000000, 39210, 0, 0, 0, 0, 0, 141, 0
1777015155, 2, 1, 823, 819, 5, 7.71%, 0, 0, 2, 4.88, 16, 119, 4, 358, 99497, 37137, 0, 0.466, 53, 99, 0.784473, 1.000000, 39237, 0, 0, 0, 0, 0, 141, 0
1777015161, 2, 1, 823, 819, 5, 7.71%, 0, 0, 2, 4.82, 16, 119, 4, 358, 99497, 37137, 0, 0.466, 53, 99, 0.784581, 1.000000, 39262, 0, 0, 0, 0, 0, 142, 0
1777015167, 2, 1, 823, 819, 5, 7.71%, 0, 0, 2, 0.65, 16, 119, 4, 358, 99497, 37137, 0, 0.466, 53, 99, 0.784689, 1.000000, 39287, 0, 0, 0, 0, 0, 142, 0
1777015172, 2, 1, 823, 819, 5, 7.71%, 0, 0, 2, 4.87, 16, 119, 4, 358, 99497, 37137, 0, 0.466, 53, 99, 0.784796, 1.000000, 39312, 0, 0, 0, 0, 0, 142, 0
1777015178, 2, 1, 823, 819, 5, 7.71%, 0, 0, 2, 4.77, 16, 119, 4, 358, 99497, 37137, 0, 0.466, 53, 99, 0.784903, 1.000000, 39337, 0, 0, 0, 0, 0, 142, 0
1777015183, 2, 1, 823, 819, 5, 7.71%, 0, 0, 2, 4.92, 16, 119, 4, 358, 99497, 37137, 0, 0.466, 53, 99, 0.785015, 1.000000, 39363, 0, 0, 0, 0, 0, 142, 0
1777015188, 2, 1, 823, 819, 5, 7.71%, 0, 0, 2, 4.95, 16, 119, 4, 358, 99497, 37137, 0, 0.466, 53, 99, 0.785122, 1.000000, 39388, 0, 0, 0, 0, 0, 142, 0
1777015193, 2, 1, 823, 819, 5, 7.71%, 0, 0, 2, 5.21, 16, 119, 4, 358, 99497, 37137, 0, 0.466, 53, 99, 0.785242, 1.000000, 39416, 0, 0, 0, 0, 0, 142, 0
1777015198, 2, 1, 823, 819, 5, 7.71%, 0, 0, 2, 5.00, 16, 119, 4, 358, 99497, 37137, 0, 0.466, 53, 99, 0.785344, 1.000000, 39440, 0, 0, 0, 0, 0, 142, 0
1777015204, 2, 1, 823, 819, 5, 7.71%, 0, 0, 2, 5.09, 16, 119, 4, 358, 99497, 37137, 0, 0.466, 53, 99, 0.785460, 1.000000, 39467, 0, 0, 0, 0, 0, 143, 0
1777015209, 2, 1, 823, 819, 5, 7.71%, 0, 0, 2, 0.66, 16, 119, 4, 358, 99497, 37137, 0, 0.466, 53, 99, 0.785545, 1.000000, 39487, 0, 0, 0, 0, 0, 143, 0
1777015214, 2, 1, 823, 819, 5, 7.71%, 0, 0, 2, 5.11, 16, 119, 4, 358, 99497, 37137, 0, 0.466, 53, 99, 0.785660, 1.000000, 39514, 0, 0, 0, 0, 0, 143, 0
