1776975021, 3, 0, 830, 826, 5, 7.69%, 0, 0, 2, 4.88, 16, 112, 1, 366, 102214, 38108, 0, 0.270, 29, 134, 0.727575, 1.000000, 28211, 0, 0, 1, 1, 0, 87, 1
1776975026, 3, 0, 830, 826, 5, 7.69%, 0, 0, 2, 5.09, 16, 112, 1, 366, 102214, 38108, 0, 0.270, 29, 134, 0.727772, 1.000000, 28239, 0, 0, 1, 1, 0, 87, 1
1776975032, 3, 0, 830, 826, 5, 7.69%, 0, 0, 2, 5.13, 16, 112, 1, 366, 102214, 38108, 0, 0.270, 29, 134, 0.727954, 1.000000, 28265, 0, 0, 1, 1, 0, 87, 1
1776975037, 3, 0, 830, 826, 5, 7.69%, 0, 0, 2, 5.22, 16, 112, 1, 366, 102214, 38108, 0, 0.270, 29, 134, 0.728143, 1.000000, 28292, 0, 0, 1, 1, 0, 87, 1
1776975042, 3, 0, 830, 826, 5, 7.69%, 0, 0, 2, 5.05, 16, 112, 1, 366, 102214, 38108, 0, 0.269, 31, 143, 0.728297, 1.000000, 28314, 0, 0, 1, 1, 0, 88, 1
1776975047, 3, 0, 830, 826, 5, 7.69%, 0, 0, 2, 5.32, 16, 112, 1, 366, 102214, 38108, 0, 0.269, 31, 143, 0.728499, 1.000000, 28343, 0, 0, 1, 1, 0, 88, 1
1776975052, 3, 0, 830, 826, 5, 7.69%, 0, 0, 2, 4.89, 16, 112, 1, 366, 102214, 38108, 0, 0.269, 31, 143, 0.728639, 1.000000, 28363, 0, 0, 1, 1, 0, 88, 1
1776975057, 3, 0, 830, 826, 5, 7.69%, 0, 0, 2, 5.09, 16, 112, 1, 366, 102214, 38108, 0, 0.269, 31, 143, 0.728827, 1.000000, 28390, 0, 0, 1, 1, 0, 88, 1
1776975063, 3, 0, 830, 826, 5, 7.69%, 0, 0, 2, 4.99, 16, 112, 1, 366, 102214, 38108, 0, 0.269, 31, 143, 0.728994, 1.000000, 28414, 0, 0, 1, 1, 0, 88, 1
1776975068, 3, 0, 830, 826, 5, 7.69%, 0, 0, 2, 5.18, 16, 112, 1, 366, 102214, 38108, 0, 0.269, 31, 143, 0.729182, 1.000000, 28441, 0, 0, 1, 1, 0, 88, 1
1776975073, 3, 0, 830, 826, 5, 7.69%, 0, 0, 2, 4.96, 16, 112, 1, 366, 102214, 38108, 0, 0.269, 31, 143, 0.729348, 1.000000, 28465, 0, 0, 1, 1, 0, 88, 1
1776975078, 3, 0, 830, 826, 5, 7.69%, 0, 0, 2, 4.98, 16, 112, 1, 366, 102214, 38108, 0, 0.269, 31, 143, 0.729528, 1.000000, 28491, 0, 0, 1, 1, 0, 88, 1
1776975083, 3, 0, 830, 826, 5, 7.69%, 0, 0, 2, 4.88, 16, 112, 1, 366, 102214, 38108, 0, 0.269, 31, 143, 0.729681, 1.000000, 28513, 0, 0, 1, 1, 0, 89, 1
1776975088, 3, 0, 830, 826, 5, 7.69%, 0, 0, 2, 5.02, 16, 112, 1, 366, 102214, 38108, 0, 0.269, 31, 143, 0.729860, 1.000000, 28539, 0, 0, 1, 1, 0, 89, 1
1776975093, 3, 0, 830, 826, 5, 7.69%, 0, 0, 2, 6.53, 16, 112, 1, 366, 102214, 38108, 0, 0.269, 31, 143, 0.730012, 1.000000, 28561, 0, 0, 1, 1, 0, 89, 1
1776975099, 3, 0, 830, 826, 5, 7.69%, 0, 0, 2, 5.40, 16, 112, 1, 366, 102214, 38108, 0, 0.269, 31, 143, 0.730192, 1.000000, 28587, 0, 0, 1, 1, 0, 89, 1
1776975104, 3, 0, 830, 826, 5, 7.69%, 0, 0, 2, 5.14, 16, 112, 1, 366, 102214, 38108, 0, 0.269, 31, 143, 0.730357, 1.000000, 28611, 0, 0, 1, 1, 0, 89, 1
1776975109, 3, 0, 830, 826, 5, 7.69%, 0, 0, 2, 4.99, 16, 112, 1, 366, 102214, 38108, 0, 0.269, 31, 143, 0.730536, 1.000000, 28637, 0, 0, 1, 1, 0, 89, 1
1776975114, 3, 0, 830, 826, 5, 7.69%, 0, 0, 2, 4.80, 16, 112, 1, 366, 102214, 38108, 0, 0.269, 31, 143, 0.730701, 1.000000, 28661, 0, 0, 1, 1, 0, 89, 1
1776975119, 3, 0, 830, 826, 5, 7.69%, 0, 0, 2, 5.10, 16, 112, 1, 366, 102214, 38108, 0, 0.269, 31, 143, 0.730886, 1.000000, 28688, 0, 0, 1, 1, 0, 89, 1
1776975125, 3, 0, 830, 826, 5, 7.69%, 0, 0, 2, 4.78, 16, 112, 1, 366, 102214, 38108, 0, 0.269, 31, 143, 0.731037, 1.000000, 28710, 0, 0, 1, 1, 0, 90, 1
1776975130, 3, 0, 830, 826, 5, 7.69%, 0, 0, 2, 5.05, 16, 112, 1, 366, 102214, 38108, 0, 0.269, 31, 143, 0.731221, 1.000000, 28737, 0, 0, 1, 1, 0, 90, 1
1776975135, 3, 0, 830, 826, 5, 7.69%, 0, 0, 2, 4.86, 16, 112, 1, 366, 102214, 38108, 0, 0.269, 31, 143, 0.731351, 1.000000, 28756, 0, 0, 1, 1, 0, 90, 1
1776975140, 3, 0, 830, 826, 5, 7.69%, 0, 0, 2, 4.92, 16, 112, 1, 366, 102214, 38108, 0, 0.269, 31, 143, 0.731522, 1.000000, 28781, 0, 0, 1, 1, 0, 90, 1
1776975145, 3, 0, 830, 826, 5, 7.69%, 0, 0, 2, 4.92, 16, 112, 1, 366, 102214, 38108, 0, 0.270, 32, 153, 0.731686, 1.000000, 28805, 0, 0, 1, 1, 0, 90, 1
1776975150, 3, 0, 830, 826, 5, 7.69%, 0, 0, 2, 4.97, 16, 112, 1, 366, 102214, 38108, 0, 0.270, 32, 153, 0.731863, 1.000000, 28831, 0, 0, 1, 1, 0, 90, 1
1776975155, 3, 0, 830, 826, 5, 7.69%, 0, 0, 2, 4.89, 16, 112, 1, 366, 102214, 38108, 0, 0.270, 32, 153, 0.732026, 1.000000, 28855, 0, 0, 1, 1, 0, 90, 1
1776975160, 3, 0, 830, 826, 5, 7.69%, 0, 0, 2, 4.90, 16, 112, 1, 366, 102214, 38108, 0, 0.270, 32, 153, 0.732203, 1.000000, 28881, 0, 0, 1, 1, 0, 90, 1
1776975166, 3, 0, 830, 826, 5, 7.69%, 0, 0, 2, 4.78, 16, 112, 1, 366, 102214, 38108, 0, 0.270, 32, 153, 0.732359, 1.000000, 28904, 0, 0, 1, 1, 0, 90, 1
1776975171, 3, 0, 830, 826, 5, 7.69%, 0, 0, 2, 4.85, 16, 112, 1, 366, 102214, 38108, 0, 0.270, 32, 153, 0.732528, 1.000000, 28929, 0, 0, 1, 1, 0, 91, 1
1776975176, 3, 0, 830, 826, 5, 7.69%, 0, 0, 2, 0.66, 16, 112, 1, 366, 102214, 38108, 0, 0.270, 32, 153, 0.732657, 1.000000, 28948, 0, 0, 1, 1, 0, 91, 1
1776975181, 3, 0, 830, 826, 5, 7.69%, 0, 0, 2, 5.02, 16, 112, 1, 366, 102214, 38108, 0, 0.270, 32, 153, 0.732839, 1.000000, 28975, 0, 0, 1, 1, 0, 91, 1
1776975186, 3, 0, 830, 826, 5, 7.69%, 0, 0, 2, 4.74, 16, 112, 1, 366, 102214, 38108, 0, 0.270, 32, 153, 0.732995, 1.000000, 28998, 0, 0, 1, 1, 0, 91, 1
1776975192, 3, 0, 830, 826, 5, 7.69%, 0, 0, 2, 4.94, 16, 112, 1, 366, 102214, 38108, 0, 0.270, 32, 153, 0.733177, 1.000000, 29025, 0, 0, 1, 1, 0, 91, 1
1776975197, 3, 0, 830, 826, 5, 7.69%, 0, 0, 2, 4.75, 16, 112, 1, 366, 102214, 38108, 0, 0.270, 32, 153, 0.733338, 1.000000, 29049, 0, 0, 1, 1, 0, 91, 1
1776975202, 3, 0, 830, 826, 5, 7.69%, 0, 0, 2, 4.96, 16, 112, 1, 366, 102214, 38108, 0, 0.270, 32, 153, 0.733513, 1.000000, 29075, 0, 0, 1, 1, 0, 91, 1
1776975207, 3, 0, 830, 826, 5, 7.69%, 0, 0, 2, 4.83, 16, 112, 1, 366, 102214, 38108, 0, 0.270, 32, 153, 0.733668, 1.000000, 29098, 0, 0, 1, 1, 0, 91, 1
1776975212, 3, 0, 830, 826, 5, 7.69%, 0, 0, 2, 5.00, 16, 112, 1, 366, 102214, 38108, 0, 0.270, 32, 153, 0.733849, 1.000000, 29125, 0, 0, 1, 1, 0, 92, 1
1776975218, 3, 0, 830, 826, 5, 7.69%, 0, 0, 2, 0.65, 16, 112, 1, 366, 102214, 38108, 0, 0.270, 32, 153, 0.734003, 1.000000, 29148, 0, 0, 1, 1, 0, 92, 1
1776975223, 3, 0, 830, 826, 5, 7.69%, 0, 0, 2, 5.09, 16, 112, 1, 366, 102214, 38108, 0, 0.270, 32, 153, 0.734177, 1.000000, 29174, 0, 0, 1, 1, 0, 92, 1
1776975229, 3, 0, 830, 826, 5, 7.69%, 0, 0, 2, 5.25, 16, 112, 1, 366, 102214, 38108, 0, 0.270, 32, 153, 0.734351, 1.000000, 29200, 0, 0, 1, 1, 0, 92, 1
1776975234, 3, 0, 830, 826, 5, 7.69%, 0, 0, 2, 5.47, 16, 112, 1, 366, 102214, 38108, 0, 0.270, 32, 153, 0.734545, 1.000000, 29229, 0, 0, 1, 1, 0, 92, 1
1776975239, 3, 0, 830, 826, 5, 7.69%, 0, 0, 2, 5.19, 16, 112, 1, 366, 102214, 38108, 0, 0.270, 32, 153, 0.734718, 1.000000, 29255, 0, 0, 1, 1, 0, 92, 1
1776975244, 3, 0, 830, 826, 5, 7.69%, 0, 0, 2, 5.31, 16, 112, 1, 366, 102214, 38108, 0, 0.270, 32, 153, 0.734904, 1.000000, 29283, 0, 0, 1, 1, 0, 92, 1
1776975249, 3, 0, 830, 826, 5, 7.69%, 0, 0, 2, 4.92, 16, 112, 1, 366, 102214, 38108, 0, 0.266, 39, 182, 0.735051, 1.000000, 29305, 0, 0, 1, 1, 0, 92, 1
1776975254, 3, 0, 830, 826, 5, 7.69%, 0, 0, 2, 5.03, 16, 112, 1, 366, 102214, 38108, 0, 0.266, 39, 182, 0.735223, 1.000000, 29331, 0, 0, 1, 1, 0, 93, 1
1776975260, 3, 0, 830, 826, 5, 7.69%, 0, 0, 2, 4.42, 16, 112, 1, 366, 102214, 38108, 0, 0.266, 39, 182, 0.735356, 1.000000, 29351, 0, 0, 1, 1, 0, 93, 1
1776975265, 3, 0, 830, 826, 5, 7.69%, 0, 0, 2, 4.95, 16, 112, 1, 366, 102214, 38108, 0, 0.266, 39, 182, 0.735542, 1.000000, 29379, 0, 0, 1, 1, 0, 93, 1
1776975270, 3, 0, 830, 826, 5, 7.69%, 0, 0, 2, 4.99, 16, 112, 1, 366, 102214, 38108, 0, 0.266, 39, 182, 0.735700, 1.000000, 29403, 0, 0, 1, 1, 0, 93, 1
1776975275, 3, 0, 830, 826, 5, 7.69%, 0, 0, 2, 5.32, 16, 112, 1, 366, 102214, 38108, 0, 0.266, 39, 182, 0.735892, 1.000000, 29432, 0, 0, 1, 1, 0, 93, 1
1776975280, 3, 0, 830, 826, 5, 7.69%, 0, 0, 2, 4.98, 16, 112, 1, 366, 102214, 38108, 0, 0.266, 39, 182, 0.736050, 1.000000, 29456, 0, 0, 1, 1, 0, 93, 1
1776975286, 3, 0, 830, 826, 5, 7.69%, 0, 0, 2, 5.02, 16, 112, 1, 366, 102214, 38108, 0, 0.266, 39, 182, 0.736228, 1.000000, 29483, 0, 0, 1, 1, 0, 93, 1
1776975291, 3, 0, 830, 826, 5, 7.69%, 0, 0, 2, 2.15, 16, 112, 1, 366, 102214, 38108, 0, 0.266, 39, 182, 0.736386, 1.000000, 29507, 0, 0, 1, 1, 0, 94, 1
1776975296, 3, 0, 830, 826, 5, 7.69%, 0, 0, 2, 4.18, 16, 112, 1, 366, 102214, 38108, 0, 0.266, 39, 182, 0.736564, 1.000000, 29534, 0, 0, 1, 1, 0, 94, 1
1776975301, 3, 0, 830, 826, 5, 7.69%, 0, 0, 2, 4.34, 16, 112, 1, 366, 102214, 38108, 0, 0.266, 39, 182, 0.736689, 1.000000, 29553, 0, 0, 1, 1, 0, 94, 1
1776975306, 3, 0, 830, 826, 5, 7.69%, 0, 0, 2, 5.02, 16, 112, 1, 366, 102214, 38108, 0, 0.266, 39, 182, 0.736872, 1.000000, 29581, 0, 0, 1, 1, 0, 94, 1
1776975311, 3, 0, 830, 826, 5, 7.69%, 0, 0, 2, 5.01, 16, 112, 1, 366, 102214, 38108, 0, 0.266, 39, 182, 0.737036, 1.000000, 29606, 0, 0, 1, 1, 0, 94, 1
1776975317, 3, 0, 830, 826, 5, 7.69%, 0, 0, 2, 5.06, 16, 112, 1, 366, 102214, 38108, 0, 0.266, 39, 182, 0.737213, 1.000000, 29633, 0, 0, 1, 1, 0, 94, 1
1776975322, 3, 0, 830, 826, 5, 7.69%, 0, 0, 2, 5.21, 16, 112, 1, 366, 102214, 38108, 0, 0.266, 39, 182, 0.737383, 1.000000, 29659, 0, 0, 1, 1, 0, 94, 1
1776975327, 3, 0, 830, 826, 5, 7.69%, 0, 0, 2, 5.16, 16, 112, 1, 366, 102214, 38108, 0, 0.266, 39, 182, 0.737552, 1.000000, 29685, 0, 0, 1, 1, 0, 94, 1
1776975332, 3, 0, 830, 826, 5, 7.69%, 0, 0, 2, 5.08, 16, 112, 1, 366, 102214, 38108, 0, 0.266, 39, 182, 0.737709, 1.000000, 29709, 0, 0, 1, 1, 0, 95, 1
1776975337, 3, 0, 830, 826, 5, 7.69%, 0, 0, 2, 5.26, 16, 112, 1, 366, 102214, 38108, 0, 0.266, 39, 182, 0.737891, 1.000000, 29737, 0, 0, 1, 1, 0, 95, 1
1776975342, 3, 0, 830, 826, 5, 7.69%, 0, 0, 2, 5.59, 16, 112, 1, 366, 102214, 38108, 0, 0.266, 39, 182, 0.738021, 1.000000, 29757, 0, 0, 1, 1, 0, 95, 1
1776975347, 3, 0, 830, 826, 5, 7.69%, 0, 0, 2, 5.22, 16, 112, 1, 366, 102214, 38108, 0, 0.266, 39, 182, 0.738190, 1.000000, 29783, 0, 0, 1, 1, 0, 95, 1
1776975353, 3, 0, 830, 826, 5, 7.69%, 0, 0, 2, 4.97, 16, 112, 1, 366, 102214, 38108, 0, 0.266, 40, 187, 0.738345, 1.000000, 29807, 0, 0, 1, 1, 0, 95, 1
1776975358, 3, 0, 830, 826, 5, 7.69%, 0, 0, 2, 5.15, 16, 112, 1, 366, 102214, 38108, 0, 0.266, 40, 187, 0.738527, 1.000000, 29835, 0, 0, 1, 1, 0, 95, 1
1776975363, 3, 0, 830, 826, 5, 7.69%, 0, 0, 2, 4.98, 16, 112, 1, 366, 102214, 38108, 0, 0.266, 40, 187, 0.738682, 1.000000, 29859, 0, 0, 1, 1, 0, 95, 1
1776975368, 3, 0, 830, 826, 5, 7.69%, 0, 0, 2, 5.04, 16, 112, 1, 366, 102214, 38108, 0, 0.266, 40, 187, 0.738850, 1.000000, 29885, 0, 0, 1, 1, 0, 95, 1
1776975373, 3, 0, 830, 826, 5, 7.69%, 0, 0, 2, 4.96, 16, 112, 1, 366, 102214, 38108, 0, 0.266, 40, 187, 0.739005, 1.000000, 29909, 0, 0, 1, 1, 0, 96, 1
1776975379, 3, 0, 830, 826, 5, 7.69%, 0, 0, 2, 5.01, 16, 112, 1, 366, 102214, 38108, 0, 0.266, 40, 187, 0.739172, 1.000000, 29935, 0, 0, 1, 1, 0, 96, 1
1776975390, 3, 5, 830, 826, 6, 7.69%, 0, 0, 2, 0.27, 16, 112, 2, 367, 102743, 38548, 0, 0.266, 40, 187, 0.739275, 1.000000, 29951, 0, 0, 1, 1, 0, 96, 1
1776975395, 3, 5, 830, 826, 6, 7.69%, 0, 0, 2, 5.51, 16, 112, 2, 367, 102743, 38548, 0, 0.266, 40, 187, 0.739449, 1.000000, 29978, 0, 0, 1, 1, 0, 96, 1
1776975400, 3, 5, 831, 827, 6, 7.69%, 0, 0, 2, 5.03, 16, 114, 2, 367, 102743, 38548, 0, 0.266, 40, 187, 0.739545, 1.000000, 29993, 0, 0, 1, 1, 0, 96, 1
1776975405, 3, 5, 831, 827, 6, 7.69%, 0, 0, 2, 5.29, 16, 114, 2, 367, 102743, 38548, 0, 0.266, 40, 187, 0.739725, 1.000000, 30021, 0, 0, 1, 1, 0, 96, 1
1776975411, 3, 5, 832, 828, 6, 7.69%, 0, 0, 2, 4.95, 16, 114, 2, 367, 102743, 38548, 0, 0.266, 40, 187, 0.739828, 1.000000, 30037, 0, 0, 1, 1, 0, 96, 1
1776975416, 3, 5, 832, 828, 6, 7.69%, 0, 0, 2, 5.09, 16, 114, 2, 367, 102743, 38548, 0, 0.266, 40, 187, 0.740000, 1.000000, 30064, 0, 0, 1, 1, 0, 96, 1
1776975421, 3, 5, 832, 828, 6, 7.69%, 0, 0, 2, 4.86, 16, 114, 2, 367, 102743, 38548, 0, 0.266, 40, 187, 0.740148, 1.000000, 30087, 0, 0, 1, 1, 0, 96, 1
1776975426, 3, 5, 832, 828, 6, 7.69%, 0, 0, 2, 4.99, 16, 114, 2, 367, 102743, 38548, 0, 0.266, 40, 187, 0.740314, 1.000000, 30113, 0, 0, 1, 1, 0, 96, 1
1776975431, 3, 5, 832, 828, 6, 7.69%, 0, 0, 2, 4.72, 16, 114, 2, 367, 102743, 38548, 0, 0.266, 40, 187, 0.740441, 1.000000, 30133, 0, 0, 1, 1, 0, 96, 1
1776975437, 3, 5, 833, 829, 6, 7.69%, 0, 0, 2, 4.94, 16, 116, 2, 367, 102743, 38548, 0, 0.266, 40, 187, 0.740562, 1.000000, 30152, 0, 0, 1, 1, 0, 96, 1
1776975442, 3, 5, 833, 829, 6, 7.69%, 0, 0, 2, 4.83, 16, 116, 2, 367, 102743, 38548, 0, 0.266, 40, 187, 0.740715, 1.000000, 30176, 0, 0, 1, 1, 0, 96, 1
1776975447, 3, 5, 833, 829, 6, 7.69%, 0, 0, 2, 4.94, 16, 116, 2, 367, 102743, 38548, 0, 0.266, 40, 187, 0.740887, 1.000000, 30203, 0, 0, 1, 1, 0, 96, 1
1776975452, 3, 5, 833, 829, 6, 7.69%, 0, 0, 2, 4.85, 16, 116, 2, 367, 102743, 38548, 0, 0.266, 40, 187, 0.741039, 1.000000, 30227, 0, 0, 1, 1, 0, 96, 1
1776975457, 3, 5, 833, 829, 6, 7.69%, 0, 0, 2, 5.03, 16, 116, 2, 367, 102743, 38548, 0, 0.266, 40, 187, 0.741204, 1.000000, 30253, 0, 0, 1, 1, 0, 96, 1
1776975463, 3, 5, 833, 829, 6, 7.69%, 0, 0, 2, 4.88, 16, 116, 2, 367, 102743, 38548, 0, 0.266, 40, 188, 0.741357, 1.000000, 30277, 0, 0, 1, 1, 0, 96, 1
1776975468, 3, 5, 833, 829, 6, 7.69%, 0, 0, 2, 4.93, 16, 116, 2, 367, 102743, 38548, 0, 0.266, 40, 188, 0.741515, 1.000000, 30302, 0, 0, 1, 1, 0, 96, 1
1776975473, 3, 5, 833, 829, 6, 7.69%, 0, 0, 2, 0.65, 16, 116, 2, 367, 102743, 38548, 0, 0.266, 40, 188, 0.741654, 1.000000, 30324, 0, 0, 1, 1, 0, 96, 1
1776975478, 3, 5, 833, 829, 6, 7.69%, 0, 0, 2, 5.17, 16, 116, 2, 367, 102743, 38548, 0, 0.266, 40, 188, 0.741824, 1.000000, 30351, 0, 0, 1, 1, 0, 97, 1
1776975483, 3, 5, 833, 829, 6, 7.69%, 0, 0, 2, 4.91, 16, 116, 2, 367, 102743, 38548, 0, 0.266, 40, 188, 0.741969, 1.000000, 30374, 0, 0, 1, 1, 0, 97, 1
1776975489, 3, 5, 833, 829, 6, 7.69%, 0, 0, 2, 4.99, 16, 116, 2, 367, 102743, 38548, 0, 0.266, 40, 188, 0.742139, 1.000000, 30401, 0, 0, 1, 1, 0, 97, 1
1776975494, 3, 5, 833, 829, 6, 7.69%, 0, 0, 2, 4.74, 16, 116, 2, 367, 102743, 38548, 0, 0.266, 40, 188, 0.742284, 1.000000, 30424, 0, 0, 1, 1, 0, 97, 1
1776975499, 3, 5, 833, 829, 6, 7.69%, 0, 0, 2, 4.88, 16, 116, 2, 367, 102743, 38548, 0, 0.266, 40, 188, 0.742448, 1.000000, 30450, 0, 0, 1, 1, 0, 97, 1
1776975504, 3, 5, 834, 830, 6, 7.70%, 0, 0, 2, 4.78, 16, 116, 2, 367, 102743, 38548, 0, 0.266, 40, 188, 0.742548, 1.000000, 30466, 0, 0, 1, 1, 0, 97, 1
1776975509, 3, 5, 834, 830, 6, 7.70%, 0, 0, 2, 5.02, 16, 116, 2, 367, 102743, 38548, 0, 0.266, 40, 188, 0.742717, 1.000000, 30493, 0, 0, 1, 1, 0, 97, 1
1776975515, 3, 5, 834, 830, 6, 7.70%, 0, 0, 2, 4.80, 16, 116, 2, 367, 102743, 38548, 0, 0.266, 40, 188, 0.742861, 1.000000, 30516, 0, 0, 1, 1, 0, 97, 1
1776975520, 3, 5, 834, 830, 6, 7.70%, 0, 0, 2, 4.85, 16, 116, 2, 367, 102743, 38548, 0, 0.266, 40, 188, 0.743018, 1.000000, 30541, 0, 0, 1, 1, 0, 97, 1
1776975526, 3, 5, 834, 830, 6, 7.70%, 0, 0, 2, 4.63, 16, 116, 2, 367, 102743, 38548, 0, 0.266, 40, 188, 0.743174, 1.000000, 30566, 0, 0, 1, 1, 0, 97, 1
1776975531, 3, 5, 834, 830, 6, 7.70%, 0, 0, 2, 4.89, 16, 116, 2, 367, 102743, 38548, 0, 0.266, 40, 188, 0.743342, 1.000000, 30593, 0, 0, 1, 1, 0, 97, 1
1776975536, 3, 5, 834, 830, 6, 7.70%, 0, 0, 2, 4.62, 16, 116, 2, 367, 102743, 38548, 0, 0.266, 40, 188, 0.743486, 1.000000, 30616, 0, 0, 1, 1, 0, 97, 1
1776975542, 3, 5, 834, 830, 6, 7.70%, 0, 0, 2, 4.90, 16, 116, 2, 367, 102743, 38548, 0, 0.266, 40, 188, 0.743648, 1.000000, 30642, 0, 0, 1, 1, 0, 97, 1
1776975547, 3, 5, 834, 830, 6, 7.70%, 0, 0, 2, 4.76, 16, 116, 2, 367, 102743, 38548, 0, 0.266, 40, 188, 0.743797, 1.000000, 30666, 0, 0, 1, 1, 0, 98, 1
1776975552, 3, 5, 834, 830, 6, 7.70%, 0, 0, 2, 4.97, 16, 116, 2, 367, 102743, 38548, 0, 0.266, 40, 188, 0.743965, 1.000000, 30693, 0, 0, 1, 1, 0, 98, 1
1776975558, 3, 5, 834, 830, 6, 7.70%, 0, 0, 2, 0.66, 16, 116, 2, 367, 102743, 38548, 0, 0.266, 40, 188, 0.744107, 1.000000, 30716, 0, 0, 1, 1, 0, 98, 1
1776975563, 3, 5, 834, 830, 6, 7.70%, 0, 0, 2, 4.97, 16, 116, 2, 367, 102743, 38548, 0, 0.266, 40, 188, 0.744268, 1.000000, 30742, 0, 0, 1, 1, 0, 98, 1
1776975568, 3, 5, 834, 830, 6, 7.70%, 0, 0, 2, 4.85, 16, 116, 2, 367, 102743, 38548, 0, 0.267, 40, 189, 0.744417, 1.000000, 30766, 0, 0, 1, 1, 0, 98, 1
1776975574, 3, 5, 834, 830, 6, 7.70%, 0, 0, 2, 5.12, 16, 116, 2, 367, 102743, 38548, 0, 0.267, 40, 189, 0.744590, 1.000000, 30794, 0, 0, 1, 1, 0, 98, 1
1776975579, 3, 5, 834, 830, 6, 7.70%, 0, 0, 2, 4.76, 16, 116, 2, 367, 102743, 38548, 0, 0.267, 40, 189, 0.744732, 1.000000, 30817, 0, 0, 1, 1, 0, 98, 1
1776975584, 3, 5, 834, 830, 6, 7.70%, 0, 0, 2, 4.88, 16, 116, 2, 367, 102743, 38548, 0, 0.267, 40, 189, 0.744892, 1.000000, 30843, 0, 0, 1, 1, 0, 98, 1
1776975589, 3, 5, 834, 830, 6, 7.70%, 0, 0, 2, 5.04, 16, 116, 2, 367, 102743, 38548, 0, 0.267, 40, 189, 0.745064, 1.000000, 30871, 0, 0, 1, 1, 0, 99, 1
1776975594, 3, 5, 834, 830, 6, 7.70%, 0, 0, 2, 5.04, 16, 116, 2, 367, 102743, 38548, 0, 0.267, 40, 189, 0.745224, 1.000000, 30897, 0, 0, 1, 1, 0, 99, 1
1776975600, 3, 5, 834, 830, 6, 7.70%, 0, 0, 2, 0.65, 16, 116, 2, 367, 102743, 38548, 0, 0.267, 40, 189, 0.745341, 1.000000, 30916, 0, 0, 1, 1, 0, 99, 1
1776975605, 3, 5, 834, 830, 6, 7.70%, 0, 0, 2, 5.13, 16, 116, 2, 367, 102743, 38548, 0, 0.267, 40, 189, 0.745501, 1.000000, 30942, 0, 0, 1, 1, 0, 99, 1
1776975610, 3, 5, 835, 831, 6, 7.70%, 0, 0, 2, 4.82, 16, 116, 2, 367, 102743, 38548, 0, 0.267, 40, 189, 0.745599, 0.587686, 30958, 0, 0, 1, 1, 0, 99, 1
1776975615, 3, 5, 835, 831, 6, 7.70%, 0, 0, 2, 4.81, 16, 116, 2, 367, 102743, 38548, 0, 0.267, 40, 189, 0.745752, 1.000000, 30983, 0, 0, 1, 1, 0, 99, 1
1776975620, 3, 5, 835, 831, 6, 7.70%, 0, 0, 2, 4.76, 16, 116, 2, 367, 102743, 38548, 0, 0.267, 40, 189, 0.745905, 1.000000, 31008, 0, 0, 1, 1, 0, 99, 1
1776975625, 3, 5, 835, 831, 6, 7.70%, 0, 0, 2, 4.98, 16, 116, 2, 367, 102743, 38548, 0, 0.267, 40, 189, 0.746063, 1.000000, 31034, 0, 0, 1, 1, 0, 99, 1
1776975631, 3, 5, 835, 831, 6, 7.70%, 0, 0, 2, 4.74, 16, 116, 2, 367, 102743, 38548, 0, 0.267, 40, 189, 0.746210, 1.000000, 31058, 0, 0, 1, 1, 0, 99, 1
1776975636, 3, 5, 836, 832, 6, 7.70%, 0, 0, 2, 4.91, 16, 116, 2, 367, 102743, 38548, 0, 0.267, 40, 189, 0.746332, 0.618617, 31078, 0, 0, 1, 1, 0, 99, 1
1776975642, 3, 5, 836, 832, 6, 7.70%, 0, 0, 2, 4.78, 16, 116, 2, 367, 102743, 38548, 0, 0.267, 40, 189, 0.746466, 1.000000, 31100, 0, 0, 1, 1, 0, 99, 1
1776975647, 3, 5, 836, 832, 6, 7.70%, 0, 0, 2, 4.99, 16, 116, 2, 367, 102743, 38548, 0, 0.267, 40, 189, 0.746624, 1.000000, 31126, 0, 0, 1, 1, 0, 99, 1
1776975652, 3, 5, 836, 832, 6, 7.70%, 0, 0, 2, 4.76, 16, 116, 2, 367, 102743, 38548, 0, 0.267, 40, 189, 0.746770, 1.000000, 31150, 0, 0, 1, 1, 0, 99, 1
1776975658, 3, 5, 836, 832, 6, 7.70%, 0, 0, 2, 5.00, 16, 116, 2, 367, 102743, 38548, 0, 0.267, 40, 189, 0.746933, 1.000000, 31177, 0, 0, 1, 1, 0, 99, 1
1776975663, 3, 5, 836, 832, 6, 7.70%, 0, 0, 2, 4.94, 16, 116, 2, 367, 102743, 38548, 0, 0.267, 40, 189, 0.747085, 1.000000, 31202, 0, 0, 1, 1, 0, 99, 1
1776975668, 3, 5, 836, 832, 6, 7.70%, 0, 0, 2, 4.96, 16, 116, 2, 367, 102743, 38548, 0, 0.267, 40, 189, 0.747248, 1.000000, 31229, 0, 0, 1, 1, 0, 99, 1
1776975673, 3, 5, 836, 832, 6, 7.70%, 0, 0, 2, 4.91, 16, 116, 2, 367, 102743, 38548, 0, 0.267, 40, 190, 0.747387, 1.000000, 31252, 0, 0, 1, 1, 0, 99, 1
1776975679, 3, 5, 836, 832, 6, 7.70%, 0, 0, 2, 5.14, 16, 116, 2, 367, 102743, 38548, 0, 0.267, 40, 190, 0.747556, 1.000000, 31280, 0, 0, 1, 1, 0, 100, 1
1776975684, 3, 5, 836, 832, 6, 7.70%, 0, 0, 2, 0.66, 16, 116, 2, 367, 102743, 38548, 0, 0.267, 40, 190, 0.747677, 1.000000, 31300, 0, 0, 1, 1, 0, 100, 1
1776975689, 3, 5, 836, 832, 6, 7.70%, 0, 0, 2, 4.78, 16, 116, 2, 367, 102743, 38548, 0, 0.267, 40, 190, 0.747828, 1.000000, 31325, 0, 0, 1, 1, 0, 100, 1
1776975694, 3, 5, 836, 832, 6, 7.70%, 0, 0, 2, 4.73, 16, 116, 2, 367, 102743, 38548, 0, 0.267, 40, 190, 0.747978, 1.000000, 31350, 0, 0, 1, 1, 0, 100, 1
1776975700, 3, 5, 836, 832, 6, 7.70%, 0, 0, 2, 4.97, 16, 116, 2, 367, 102743, 38548, 0, 0.267, 40, 190, 0.748140, 1.000000, 31377, 0, 0, 1, 1, 0, 100, 1
1776975705, 3, 5, 837, 833, 6, 7.70%, 0, 0, 2, 5.12, 16, 116, 2, 367, 102743, 38548, 0, 0.267, 40, 190, 0.748248, 1.000000, 31395, 0, 0, 1, 1, 0, 100, 1
1776975710, 3, 5, 837, 833, 6, 7.70%, 0, 0, 2, 5.04, 16, 116, 2, 367, 102743, 38548, 0, 0.267, 40, 190, 0.748404, 1.000000, 31421, 0, 0, 1, 1, 0, 100, 1
1776975715, 3, 5, 837, 833, 6, 7.70%, 0, 0, 2, 5.21, 16, 116, 2, 367, 102743, 38548, 0, 0.267, 40, 190, 0.748572, 1.000000, 31449, 0, 0, 1, 1, 0, 100, 1
1776975720, 3, 5, 837, 833, 6, 7.70%, 0, 0, 2, 4.99, 16, 116, 2, 367, 102743, 38548, 0, 0.267, 40, 190, 0.748721, 1.000000, 31474, 0, 0, 1, 1, 0, 100, 1
1776975725, 3, 5, 837, 833, 6, 7.70%, 0, 0, 2, 5.06, 16, 116, 2, 367, 102743, 38548, 0, 0.267, 40, 190, 0.748841, 1.000000, 31494, 0, 0, 1, 1, 0, 100, 1
1776975731, 3, 5, 837, 833, 6, 7.70%, 0, 0, 2, 4.99, 16, 116, 2, 367, 102743, 38548, 0, 0.267, 40, 190, 0.749002, 1.000000, 31521, 0, 0, 1, 1, 0, 100, 1
1776975736, 3, 5, 837, 833, 6, 7.70%, 0, 0, 2, 4.79, 16, 116, 2, 367, 102743, 38548, 0, 0.267, 40, 190, 0.749139, 1.000000, 31544, 0, 0, 1, 1, 0, 100, 1
1776975741, 3, 5, 837, 833, 6, 7.70%, 0, 0, 2, 4.83, 16, 116, 2, 367, 102743, 38548, 0, 0.267, 40, 190, 0.749288, 1.000000, 31569, 0, 0, 1, 1, 0, 100, 1
1776975746, 3, 5, 837, 833, 6, 7.70%, 0, 0, 2, 4.75, 16, 116, 2, 367, 102743, 38548, 0, 0.267, 40, 190, 0.749431, 1.000000, 31593, 0, 0, 1, 1, 0, 101, 1
1776975751, 3, 5, 837, 833, 6, 7.70%, 0, 0, 2, 4.82, 16, 116, 2, 367, 102743, 38548, 0, 0.267, 40, 190, 0.749579, 1.000000, 31618, 0, 0, 1, 1, 0, 101, 1
1776975757, 3, 5, 837, 833, 6, 7.70%, 0, 0, 2, 4.56, 16, 116, 2, 367, 102743, 38548, 0, 0.267, 40, 190, 0.749722, 1.000000, 31642, 0, 0, 1, 1, 0, 101, 1
1776975762, 3, 5, 837, 833, 6, 7.70%, 0, 0, 2, 4.87, 16, 116, 2, 367, 102743, 38548, 0, 0.267, 40, 190, 0.749876, 1.000000, 31668, 0, 0, 1, 1, 0, 101, 1
1776975768, 3, 5, 837, 833, 6, 7.70%, 0, 0, 2, 4.73, 16, 116, 2, 367, 102743, 38548, 0, 0.267, 40, 190, 0.750018, 1.000000, 31692, 0, 0, 1, 1, 0, 101, 1
1776975773, 3, 5, 838, 834, 6, 7.71%, 0, 0, 2, 4.85, 16, 116, 2, 367, 102743, 38548, 0, 0.267, 40, 190, 0.750130, 1.000000, 31711, 0, 0, 1, 1, 0, 101, 1
1776975778, 3, 5, 838, 834, 6, 7.71%, 0, 0, 2, 4.74, 16, 116, 2, 367, 102743, 38548, 0, 0.267, 41, 195, 0.750266, 1.000000, 31734, 0, 0, 1, 1, 0, 101, 1
1776975783, 3, 5, 838, 834, 6, 7.71%, 0, 0, 2, 4.95, 16, 116, 2, 367, 102743, 38548, 0, 0.267, 41, 195, 0.750425, 1.000000, 31761, 0, 0, 1, 1, 0, 101, 1
1776975789, 3, 5, 838, 834, 6, 7.71%, 0, 0, 2, 4.96, 16, 116, 2, 367, 102743, 38548, 0, 0.267, 41, 195, 0.750573, 1.000000, 31786, 0, 0, 1, 1, 0, 101, 1
1776975794, 3, 5, 838, 834, 6, 7.71%, 0, 0, 2, 4.97, 16, 116, 2, 367, 102743, 38548, 0, 0.267, 41, 195, 0.750732, 1.000000, 31813, 0, 0, 1, 1, 0, 101, 1
1776975799, 3, 5, 838, 834, 6, 7.71%, 0, 0, 2, 1.17, 16, 116, 2, 367, 102743, 38548, 0, 0.267, 41, 195, 0.750861, 1.000000, 31835, 0, 0, 1, 1, 0, 101, 1
1776975804, 3, 5, 838, 834, 6, 7.71%, 0, 0, 2, 3.58, 16, 116, 2, 367, 102743, 38548, 0, 0.267, 41, 195, 0.751014, 1.000000, 31861, 0, 0, 1, 1, 0, 101, 1
1776975810, 3, 5, 838, 834, 6, 7.71%, 0, 0, 2, 0.66, 16, 116, 2, 367, 102743, 38548, 0, 0.267, 41, 195, 0.751148, 1.000000, 31884, 0, 0, 1, 1, 0, 101, 1
1776975815, 3, 5, 838, 834, 6, 7.71%, 0, 0, 2, 5.08, 16, 116, 2, 367, 102743, 38548, 0, 0.267, 41, 195, 0.751313, 1.000000, 31912, 0, 0, 1, 1, 0, 102, 1
1776975820, 3, 5, 838, 834, 6, 7.71%, 0, 0, 2, 4.88, 16, 116, 2, 367, 102743, 38548, 0, 0.267, 41, 195, 0.751453, 1.000000, 31936, 0, 0, 1, 1, 0, 102, 1
1776975826, 3, 5, 838, 834, 6, 7.71%, 0, 0, 2, 4.97, 16, 116, 2, 367, 102743, 38548, 0, 0.267, 41, 195, 0.751611, 1.000000, 31963, 0, 0, 1, 1, 0, 102, 1
1776975831, 3, 5, 838, 834, 6, 7.71%, 0, 0, 2, 5.03, 16, 116, 2, 367, 102743, 38548, 0, 0.267, 41, 195, 0.751763, 1.000000, 31989, 0, 0, 1, 1, 0, 102, 1
1776975836, 3, 5, 838, 834, 6, 7.71%, 0, 0, 2, 4.94, 16, 116, 2, 367, 102743, 38548, 0, 0.267, 41, 195, 0.751908, 1.000000, 32014, 0, 0, 1, 1, 0, 102, 1
1776975841, 3, 5, 838, 834, 6, 7.71%, 0, 0, 2, 4.80, 16, 116, 2, 367, 102743, 38548, 0, 0.267, 41, 195, 0.752042, 1.000000, 32037, 0, 0, 1, 1, 0, 102, 1
1776975847, 3, 5, 838, 834, 6, 7.71%, 0, 0, 2, 4.90, 16, 116, 2, 367, 102743, 38548, 0, 0.267, 41, 195, 0.752193, 1.000000, 32063, 0, 0, 1, 1, 0, 102, 1
1776975852, 3, 5, 838, 834, 6, 7.71%, 0, 0, 2, 0.66, 16, 116, 2, 367, 102743, 38548, 0, 0.267, 41, 195, 0.752316, 1.000000, 32084, 0, 0, 1, 1, 0, 102, 1
1776975857, 3, 5, 838, 834, 6, 7.71%, 0, 0, 2, 5.40, 16, 116, 2, 367, 102743, 38548, 0, 0.267, 41, 195, 0.752484, 1.000000, 32113, 0, 0, 1, 1, 0, 103, 1
1776975862, 3, 5, 838, 834, 6, 7.71%, 0, 0, 2, 5.03, 16, 116, 2, 367, 102743, 38548, 0, 0.267, 41, 195, 0.752623, 1.000000, 32137, 0, 0, 1, 1, 0, 103, 1
1776975868, 3, 5, 838, 834, 6, 7.71%, 0, 0, 2, 5.15, 16, 116, 2, 367, 102743, 38548, 0, 0.267, 41, 195, 0.752785, 1.000000, 32165, 0, 0, 1, 1, 0, 103, 1
1776975873, 3, 5, 838, 834, 6, 7.71%, 0, 0, 2, 4.98, 16, 116, 2, 367, 102743, 38548, 0, 0.267, 41, 195, 0.752924, 1.000000, 32189, 0, 0, 1, 1, 0, 103, 1
1776975878, 3, 5, 838, 834, 6, 7.71%, 0, 0, 2, 5.01, 16, 116, 2, 367, 102743, 38548, 0, 0.267, 41, 195, 0.753074, 1.000000, 32215, 0, 0, 1, 1, 0, 103, 1
1776975883, 3, 5, 839, 835, 6, 7.71%, 0, 0, 2, 6.05, 16, 116, 2, 367, 102743, 38548, 0, 0.268, 41, 196, 0.753184, 0.806954, 32234, 0, 0, 1, 1, 0, 103, 1
1776975888, 3, 5, 839, 835, 6, 7.71%, 0, 0, 2, 5.49, 16, 116, 2, 367, 102743, 38548, 0, 0.268, 41, 196, 0.753305, 1.000000, 32255, 0, 0, 1, 1, 0, 103, 1
1776975893, 3, 5, 839, 835, 6, 7.71%, 0, 0, 2, 0.66, 16, 116, 2, 367, 102743, 38548, 0, 0.268, 41, 196, 0.753426, 1.000000, 32276, 0, 0, 1, 1, 0, 103, 1
1776975898, 3, 5, 839, 835, 6, 7.71%, 0, 0, 2, 4.73, 16, 116, 2, 367, 102743, 38548, 0, 0.268, 41, 196, 0.753569, 1.000000, 32301, 0, 0, 1, 1, 0, 103, 1
1776975903, 3, 5, 839, 835, 6, 7.71%, 0, 0, 2, 4.86, 16, 116, 2, 367, 102743, 38548, 0, 0.268, 41, 196, 0.753713, 1.000000, 32326, 0, 0, 1, 1, 0, 103, 1
1776975909, 3, 5, 839, 835, 6, 7.71%, 0, 0, 2, 4.95, 16, 116, 2, 367, 102743, 38548, 0, 0.268, 41, 196, 0.753868, 1.000000, 32353, 0, 0, 1, 1, 0, 103, 1
1776975914, 3, 5, 839, 835, 6, 7.71%, 0, 0, 2, 4.64, 16, 116, 2, 367, 102743, 38548, 0, 0.268, 41, 196, 0.754000, 1.000000, 32376, 0, 0, 1, 1, 0, 103, 1
1776975919, 3, 5, 839, 835, 6, 7.71%, 0, 0, 2, 4.93, 16, 116, 2, 367, 102743, 38548, 0, 0.268, 41, 196, 0.754149, 1.000000, 32402, 0, 0, 1, 1, 0, 103, 1
1776975924, 3, 5, 839, 835, 6, 7.71%, 0, 0, 2, 4.85, 16, 116, 2, 367, 102743, 38548, 0, 0.268, 41, 196, 0.754286, 1.000000, 32426, 0, 0, 1, 1, 0, 103, 1
1776975930, 3, 5, 839, 835, 6, 7.71%, 0, 0, 2, 5.05, 16, 116, 2, 367, 102743, 38548, 0, 0.268, 41, 196, 0.754440, 1.000000, 32453, 0, 0, 1, 1, 0, 104, 1
1776975935, 3, 5, 839, 835, 6, 7.71%, 0, 0, 2, 0.66, 16, 116, 2, 367, 102743, 38548, 0, 0.268, 41, 196, 0.754571, 1.000000, 32476, 0, 0, 1, 1, 0, 104, 1
1776975940, 3, 5, 839, 835, 6, 7.71%, 0, 0, 2, 5.25, 16, 116, 2, 367, 102743, 38548, 0, 0.268, 41, 196, 0.754731, 1.000000, 32504, 0, 0, 1, 1, 0, 104, 1
1776975946, 3, 5, 839, 835, 6, 7.71%, 0, 0, 2, 4.94, 16, 116, 2, 367, 102743, 38548, 0, 0.268, 41, 196, 0.754868, 1.000000, 32528, 0, 0, 1, 1, 0, 104, 1
1776975951, 3, 5, 839, 835, 6, 7.71%, 0, 0, 2, 5.13, 16, 116, 2, 367, 102743, 38548, 0, 0.268, 41, 196, 0.755021, 1.000000, 32555, 0, 0, 1, 1, 0, 104, 1
1776975956, 3, 5, 839, 835, 6, 7.71%, 0, 0, 2, 4.97, 16, 116, 2, 367, 102743, 38548, 0, 0.268, 41, 196, 0.755157, 1.000000, 32579, 0, 0, 1, 1, 0, 104, 1
1776975961, 3, 5, 839, 835, 6, 7.71%, 0, 0, 2, 5.09, 16, 116, 2, 367, 102743, 38548, 0, 0.268, 41, 196, 0.755316, 1.000000, 32607, 0, 0, 1, 1, 0, 104, 1
1776975966, 3, 5, 839, 835, 6, 7.71%, 0, 0, 2, 5.01, 16, 116, 2, 367, 102743, 38548, 0, 0.268, 41, 196, 0.755446, 1.000000, 32630, 0, 0, 1, 1, 0, 104, 1
1776975971, 3, 5, 839, 835, 6, 7.71%, 0, 0, 2, 5.15, 16, 116, 2, 367, 102743, 38548, 0, 0.268, 41, 196, 0.755599, 1.000000, 32657, 0, 0, 1, 1, 0, 105, 1
1776975977, 3, 5, 839, 835, 6, 7.71%, 0, 0, 2, 5.51, 16, 116, 2, 367, 102743, 38548, 0, 0.268, 41, 196, 0.755718, 1.000000, 32678, 0, 0, 1, 1, 0, 105, 1
1776975982, 3, 5, 839, 835, 6, 7.71%, 0, 0, 2, 5.40, 16, 116, 2, 367, 102743, 38548, 0, 0.268, 41, 196, 0.755870, 1.000000, 32705, 0, 0, 1, 1, 0, 105, 1
1776975987, 3, 5, 839, 835, 6, 7.71%, 0, 0, 2, 5.00, 16, 116, 2, 367, 102743, 38548, 0, 0.268, 41, 197, 0.756006, 1.000000, 32729, 0, 0, 1, 1, 0, 105, 1
1776975992, 3, 5, 839, 835, 6, 7.71%, 0, 0, 2, 5.10, 16, 116, 2, 367, 102743, 38548, 0, 0.268, 41, 197, 0.756163, 1.000000, 32757, 0, 0, 1, 1, 0, 105, 1
1776975997, 3, 5, 839, 835, 6, 7.71%, 0, 0, 2, 4.95, 16, 116, 2, 367, 102743, 38548, 0, 0.268, 41, 197, 0.756298, 1.000000, 32781, 0, 0, 1, 1, 0, 105, 1
1776976002, 3, 5, 839, 835, 6, 7.71%, 0, 0, 2, 5.34, 16, 116, 2, 367, 102743, 38548, 0, 0.268, 41, 197, 0.756456, 1.000000, 32809, 0, 0, 1, 1, 0, 105, 1
1776976008, 3, 5, 839, 835, 6, 7.71%, 0, 0, 2, 5.06, 16, 116, 2, 367, 102743, 38548, 0, 0.268, 41, 197, 0.756590, 1.000000, 32833, 0, 0, 1, 1, 0, 105, 1
1776976013, 3, 5, 839, 835, 6, 7.71%, 0, 0, 2, 5.28, 16, 116, 2, 367, 102743, 38548, 0, 0.268, 41, 197, 0.756747, 1.000000, 32861, 0, 0, 1, 1, 0, 106, 1
1776976018, 3, 5, 839, 835, 6, 7.71%, 0, 0, 2, 4.97, 16, 116, 2, 367, 102743, 38548, 0, 0.268, 41, 197, 0.756865, 1.000000, 32882, 0, 0, 1, 1, 0, 106, 1
1776976023, 3, 5, 839, 835, 6, 7.71%, 0, 0, 2, 5.00, 16, 116, 2, 367, 102743, 38548, 0, 0.268, 41, 197, 0.757016, 1.000000, 32909, 0, 0, 1, 1, 0, 106, 1
1776976029, 3, 5, 839, 835, 6, 7.71%, 0, 0, 2, 4.73, 16, 116, 2, 367, 102743, 38548, 0, 0.268, 41, 197, 0.757150, 1.000000, 32933, 0, 0, 1, 1, 0, 106, 1
1776976034, 3, 5, 839, 835, 6, 7.71%, 0, 0, 2, 5.07, 16, 116, 2, 367, 102743, 38548, 0, 0.268, 41, 197, 0.757301, 1.000000, 32960, 0, 0, 1, 1, 0, 106, 1
1776976039, 3, 5, 839, 835, 6, 7.71%, 0, 0, 2, 4.95, 16, 116, 2, 367, 102743, 38548, 0, 0.268, 41, 197, 0.757434, 1.000000, 32984, 0, 0, 1, 1, 0, 106, 1
1776976044, 3, 5, 839, 835, 6, 7.71%, 0, 0, 2, 4.93, 16, 116, 2, 367, 102743, 38548, 0, 0.268, 41, 197, 0.757585, 1.000000, 33011, 0, 0, 1, 1, 0, 106, 1
1776976050, 3, 5, 839, 835, 6, 7.71%, 0, 0, 2, 4.76, 16, 116, 2, 367, 102743, 38548, 0, 0.268, 41, 197, 0.757707, 1.000000, 33033, 0, 0, 1, 1, 0, 106, 1
1776976055, 3, 5, 839, 835, 6, 7.71%, 0, 0, 2, 5.09, 16, 116, 2, 367, 102743, 38548, 0, 0.268, 41, 197, 0.757863, 1.000000, 33061, 0, 0, 1, 1, 0, 107, 1
1776976060, 3, 5, 839, 835, 6, 7.71%, 0, 0, 2, 4.66, 16, 116, 2, 367, 102743, 38548, 0, 0.268, 41, 197, 0.757974, 1.000000, 33081, 0, 0, 1, 1, 0, 107, 1
1776976065, 3, 5, 839, 835, 6, 7.71%, 0, 0, 2, 4.90, 16, 116, 2, 367, 102743, 38548, 0, 0.268, 41, 197, 0.758118, 1.000000, 33107, 0, 0, 1, 1, 0, 107, 1
