# unix_time, cycles_done, cur_path, paths_total, pending_total, pending_favs, map_size, unique_crashes, unique_hangs, max_depth, execs_per_sec, n_nodes, n_edges, chat_times
1768727080, 0, 0, 2, 2, 2, 0.57%, 0, 0, 1, 11.70, 10, 11, 0
1768727085, 0, 0, 8, 8, 2, 0.60%, 0, 0, 2, 12.36, 13, 22, 0
1768727090, 0, 0, 12, 12, 2, 0.60%, 0, 0, 2, 12.73, 13, 22, 0
1768727098, 0, 0, 13, 13, 2, 0.60%, 0, 0, 2, 12.72, 13, 22, 0
1768727103, 0, 0, 14, 14, 2, 0.60%, 0, 0, 2, 13.02, 13, 22, 0
1768727108, 0, 0, 15, 15, 2, 0.61%, 0, 0, 2, 13.18, 13, 22, 0
1768727128, 0, 0, 17, 17, 2, 0.62%, 0, 0, 2, 14.10, 13, 23, 0
1768727143, 0, 0, 18, 18, 2, 0.62%, 0, 0, 2, 12.94, 13, 25, 0
1768727154, 0, 0, 19, 19, 2, 0.62%, 0, 0, 2, 13.02, 13, 27, 0
1768727164, 0, 0, 20, 20, 2, 0.62%, 0, 0, 2, 12.62, 13, 27, 0
1768727169, 0, 0, 22, 22, 2, 0.64%, 0, 0, 2, 12.31, 13, 27, 0
1768727179, 0, 0, 23, 23, 2, 0.64%, 0, 0, 2, 12.33, 13, 29, 0
1768727186, 0, 0, 24, 24, 2, 0.64%, 0, 0, 2, 12.38, 13, 29, 0
1768727192, 0, 0, 27, 27, 2, 0.64%, 0, 0, 2, 10.61, 13, 31, 0
1768727198, 0, 0, 30, 30, 2, 0.64%, 0, 0, 2, 12.14, 13, 32, 0
1768727217, 0, 0, 31, 31, 2, 0.64%, 0, 0, 2, 12.41, 13, 32, 0
1768727232, 0, 0, 32, 32, 2, 0.64%, 0, 0, 2, 13.16, 13, 32, 0
1768727242, 0, 0, 33, 33, 2, 0.64%, 0, 0, 2, 13.47, 13, 32, 0
1768727250, 0, 0, 34, 34, 2, 0.64%, 0, 0, 2, 13.46, 13, 32, 0
1768727277, 0, 0, 35, 35, 2, 0.65%, 0, 0, 2, 12.50, 13, 33, 0
1768727285, 0, 0, 36, 36, 2, 0.65%, 0, 0, 2, 10.55, 13, 33, 0
1768727305, 0, 0, 37, 37, 2, 0.65%, 0, 0, 2, 10.30, 13, 33, 0
1768727311, 0, 0, 38, 38, 2, 0.65%, 0, 0, 2, 12.54, 13, 33, 0
1768727325, 0, 0, 39, 39, 2, 0.65%, 0, 0, 2, 11.94, 13, 34, 0
1768727347, 0, 0, 40, 40, 2, 0.65%, 0, 0, 2, 11.48, 13, 34, 0
1768727355, 0, 0, 41, 41, 2, 0.65%, 0, 0, 2, 12.07, 13, 34, 0
1768727366, 0, 0, 42, 42, 2, 0.65%, 0, 0, 2, 11.35, 13, 34, 0
1768727390, 0, 0, 43, 43, 2, 0.65%, 0, 0, 2, 14.01, 13, 34, 0
1768727422, 0, 0, 44, 44, 2, 0.65%, 0, 0, 2, 11.55, 13, 34, 0
1768727427, 0, 0, 47, 47, 2, 0.65%, 0, 0, 2, 9.85, 13, 36, 0
1768727437, 0, 0, 48, 48, 2, 0.65%, 0, 0, 2, 9.72, 13, 37, 0
1768727480, 0, 0, 50, 50, 2, 0.67%, 0, 0, 2, 10.10, 13, 37, 0
1768727486, 0, 0, 51, 51, 2, 0.67%, 0, 0, 2, 8.26, 13, 37, 0
1768727540, 0, 0, 53, 53, 2, 0.67%, 0, 0, 2, 7.70, 13, 38, 0
1768727586, 0, 0, 54, 54, 2, 0.67%, 0, 0, 2, 7.71, 13, 38, 0
1768727635, 0, 0, 55, 55, 2, 0.67%, 0, 0, 2, 7.49, 13, 39, 0
1768727662, 0, 0, 56, 56, 2, 0.67%, 0, 0, 2, 13.01, 13, 39, 0
