# unix_time, cycles_done, cur_path, paths_total, pending_total, pending_favs, map_size, unique_crashes, unique_hangs, max_depth, execs_per_sec, n_nodes, n_edges, chat_times
1769334767, 0, 0, 2, 2, 1, 15.57%, 0, 0, 2, 5.28, 4, 4, 0
1769334777, 0, 0, 4, 4, 1, 15.71%, 0, 0, 2, 5.47, 4, 4, 0
1769334782, 0, 0, 7, 7, 1, 15.78%, 0, 0, 2, 5.48, 4, 4, 0
1769334787, 0, 0, 8, 8, 1, 15.97%, 0, 0, 2, 5.46, 4, 4, 0
1769334792, 0, 0, 9, 9, 1, 16.01%, 0, 0, 2, 5.47, 4, 4, 0
1769334798, 0, 0, 10, 10, 1, 16.06%, 0, 0, 2, 5.48, 4, 4, 0
1769334808, 0, 0, 12, 12, 1, 16.12%, 0, 0, 2, 5.47, 4, 4, 0
1769334813, 0, 0, 14, 14, 1, 16.14%, 0, 0, 2, 5.50, 4, 4, 0
1769334818, 0, 0, 15, 15, 1, 16.15%, 0, 0, 2, 5.52, 4, 4, 0
1769334823, 0, 0, 18, 18, 1, 16.17%, 0, 0, 2, 5.51, 4, 4, 0
1769334828, 0, 0, 21, 21, 1, 16.18%, 0, 0, 2, 5.50, 4, 4, 0
1769334833, 0, 0, 23, 23, 1, 16.21%, 0, 0, 2, 5.51, 4, 4, 0
1769334838, 0, 0, 26, 26, 1, 16.33%, 0, 0, 2, 5.51, 4, 4, 0
1769334843, 0, 0, 28, 28, 1, 16.40%, 0, 0, 2, 5.47, 5, 6, 0
1769334848, 0, 0, 30, 30, 1, 16.41%, 0, 0, 2, 5.46, 5, 6, 0
1769334854, 0, 0, 33, 33, 1, 16.52%, 0, 0, 2, 5.46, 5, 6, 0
1769334859, 0, 0, 36, 36, 1, 16.56%, 0, 0, 2, 5.46, 5, 6, 0
1769334864, 0, 0, 39, 39, 1, 16.66%, 0, 0, 2, 5.50, 5, 6, 0
1769334869, 0, 0, 41, 41, 1, 16.70%, 0, 0, 2, 5.38, 5, 6, 0
1769334874, 0, 0, 44, 44, 1, 16.74%, 0, 0, 2, 5.42, 5, 6, 0
1769334879, 0, 0, 47, 47, 1, 16.77%, 0, 0, 2, 5.44, 5, 6, 0
1769334884, 0, 0, 49, 49, 1, 16.80%, 0, 0, 2, 5.46, 5, 6, 0
1769334890, 0, 0, 52, 52, 1, 16.82%, 0, 0, 2, 5.46, 5, 6, 0
1769334895, 0, 0, 54, 54, 1, 16.82%, 0, 0, 2, 5.40, 6, 8, 0
1769334900, 0, 0, 57, 57, 1, 16.88%, 0, 0, 2, 5.44, 6, 8, 0
1769334905, 0, 0, 59, 59, 1, 16.90%, 0, 0, 2, 5.51, 6, 8, 0
1769334910, 0, 0, 62, 62, 1, 16.90%, 0, 0, 2, 5.51, 6, 8, 0
1769334915, 0, 0, 64, 64, 1, 16.91%, 0, 0, 2, 5.50, 6, 8, 0
1769334920, 0, 0, 67, 67, 1, 16.93%, 0, 0, 2, 5.52, 6, 8, 0
1769334925, 0, 0, 70, 70, 1, 16.94%, 0, 0, 2, 5.55, 6, 8, 0
1769334930, 0, 0, 72, 72, 1, 16.95%, 0, 0, 2, 5.57, 6, 8, 0
1769334935, 0, 0, 73, 73, 1, 16.95%, 0, 0, 2, 5.55, 6, 8, 0
1769334940, 0, 0, 75, 75, 1, 16.97%, 0, 0, 2, 5.47, 6, 8, 0
1769334946, 0, 0, 78, 78, 1, 16.98%, 0, 0, 2, 5.48, 6, 8, 0
1769334951, 0, 0, 80, 80, 1, 16.98%, 0, 0, 2, 5.49, 6, 8, 0
1769334956, 0, 0, 82, 82, 1, 17.01%, 0, 0, 2, 5.50, 6, 8, 0
1769334961, 0, 0, 84, 84, 1, 17.02%, 0, 0, 2, 5.43, 6, 8, 0
1769334966, 0, 0, 86, 86, 1, 17.05%, 0, 0, 2, 5.46, 6, 8, 0
1769334971, 0, 0, 88, 88, 1, 17.06%, 0, 0, 2, 5.44, 6, 8, 0
1769334976, 0, 0, 91, 91, 1, 17.07%, 0, 0, 2, 5.45, 6, 8, 0
1769334981, 0, 0, 93, 93, 1, 17.08%, 0, 0, 2, 5.48, 6, 8, 0
1769334986, 0, 0, 95, 95, 1, 17.10%, 0, 0, 2, 5.51, 6, 8, 0
1769334992, 0, 0, 98, 98, 1, 17.12%, 0, 0, 2, 5.48, 6, 8, 0
1769334997, 0, 0, 100, 100, 1, 17.15%, 0, 0, 2, 5.45, 6, 8, 0
1769335002, 0, 0, 101, 101, 1, 17.16%, 0, 0, 2, 5.48, 6, 8, 0
1769335007, 0, 0, 104, 104, 1, 17.17%, 0, 0, 2, 5.49, 6, 8, 0
1769335012, 0, 0, 106, 106, 1, 17.19%, 0, 0, 2, 5.51, 6, 8, 0
1769335017, 0, 0, 108, 108, 1, 17.22%, 0, 0, 2, 5.51, 6, 8, 0
1769335022, 0, 0, 109, 109, 1, 17.22%, 0, 0, 2, 5.50, 6, 8, 0
1769335027, 0, 0, 112, 112, 1, 17.30%, 0, 0, 2, 5.52, 6, 8, 0
1769335032, 0, 0, 114, 114, 1, 17.31%, 0, 0, 2, 5.50, 6, 8, 0
1769335037, 0, 0, 116, 116, 1, 17.32%, 0, 0, 2, 5.55, 6, 8, 0
1769335042, 0, 0, 117, 117, 1, 17.34%, 0, 0, 2, 5.56, 6, 8, 0
1769335048, 0, 0, 118, 118, 1, 17.34%, 0, 0, 2, 5.52, 6, 8, 0
1769335053, 0, 0, 120, 120, 1, 17.36%, 0, 0, 2, 5.47, 7, 11, 0
1769335063, 0, 0, 121, 121, 1, 17.36%, 0, 0, 2, 5.53, 7, 11, 0
1769335068, 0, 0, 123, 123, 1, 17.38%, 0, 0, 2, 5.50, 7, 11, 0
1769335073, 0, 0, 124, 124, 1, 17.38%, 0, 0, 2, 5.50, 7, 11, 0
1769335078, 0, 0, 127, 127, 1, 17.43%, 0, 0, 2, 5.47, 8, 13, 0
1769335083, 0, 0, 129, 129, 1, 17.44%, 0, 0, 2, 5.45, 8, 13, 0
1769335099, 0, 0, 130, 130, 1, 17.46%, 0, 0, 2, 5.35, 8, 13, 0
1769335104, 0, 0, 131, 131, 1, 17.47%, 0, 0, 2, 5.43, 8, 13, 0
1769335109, 0, 0, 132, 132, 1, 17.47%, 0, 0, 2, 5.40, 8, 13, 0
1769335120, 0, 0, 135, 135, 1, 17.48%, 0, 0, 2, 5.40, 8, 13, 0
1769335125, 0, 0, 137, 137, 1, 17.50%, 0, 0, 2, 5.43, 8, 13, 0
1769335130, 0, 0, 138, 138, 1, 17.52%, 0, 0, 2, 5.47, 8, 13, 0
1769335135, 0, 0, 141, 141, 1, 17.52%, 0, 0, 2, 5.44, 8, 13, 0
1769335140, 0, 0, 143, 143, 1, 17.54%, 0, 0, 2, 5.44, 8, 13, 0
1769335145, 0, 0, 146, 146, 1, 17.54%, 0, 0, 2, 5.46, 8, 13, 0
1769335150, 0, 0, 149, 149, 1, 17.56%, 0, 0, 2, 5.46, 8, 13, 0
1769335155, 0, 0, 150, 150, 1, 17.56%, 0, 0, 2, 5.46, 8, 13, 0
1769335161, 0, 0, 152, 152, 1, 17.58%, 0, 0, 2, 5.43, 8, 13, 0
