1777062253, 8, 17, 981, 972, 0, 8.04%, 0, 0, 3, 5.19, 17, 145, 5, 373, 107607, 39867, 0, 0.452, 205, 353, 0.995355, 1.000000, 97705, 0, 0, 1, 1, 0, 326, 3
1777062258, 8, 17, 981, 972, 0, 8.04%, 0, 0, 3, 5.50, 17, 145, 5, 373, 107607, 39867, 0, 0.452, 205, 353, 0.995356, 1.000000, 97734, 0, 0, 1, 1, 0, 326, 3
1777062263, 8, 17, 981, 972, 0, 8.04%, 0, 0, 3, 5.54, 17, 145, 5, 373, 107607, 39867, 0, 0.452, 205, 353, 0.995357, 1.000000, 97760, 0, 0, 1, 1, 0, 326, 3
1777062268, 8, 17, 981, 972, 0, 8.04%, 0, 0, 3, 5.63, 17, 145, 5, 373, 107607, 39867, 0, 0.452, 205, 353, 0.995358, 1.000000, 97788, 0, 0, 1, 1, 0, 327, 3
1777062274, 8, 17, 981, 972, 0, 8.04%, 0, 0, 3, 2.92, 17, 145, 5, 373, 107607, 39867, 0, 0.452, 205, 353, 0.995360, 1.000000, 97812, 0, 0, 1, 1, 0, 327, 3
1777062279, 8, 17, 981, 972, 0, 8.04%, 0, 0, 3, 4.68, 17, 145, 5, 373, 107607, 39867, 0, 0.452, 205, 353, 0.995361, 1.000000, 97842, 0, 0, 1, 1, 0, 327, 3
1777062284, 8, 17, 982, 973, 0, 8.04%, 0, 0, 3, 5.65, 17, 145, 5, 373, 107607, 39867, 0, 0.452, 205, 353, 0.995362, 0.931000, 97862, 0, 0, 1, 1, 0, 327, 3
1777062289, 8, 17, 982, 973, 0, 8.04%, 0, 0, 3, 5.63, 17, 145, 5, 373, 107607, 39867, 0, 0.452, 205, 353, 0.995363, 1.000000, 97884, 0, 0, 1, 1, 0, 327, 3
1777062294, 8, 17, 982, 973, 0, 8.04%, 0, 0, 3, 5.55, 17, 145, 5, 373, 107607, 39867, 0, 0.452, 205, 353, 0.995364, 1.000000, 97910, 0, 0, 1, 1, 0, 327, 3
1777062300, 8, 17, 982, 973, 0, 8.04%, 0, 0, 3, 5.43, 17, 145, 5, 373, 107607, 39867, 0, 0.452, 205, 353, 0.995366, 1.000000, 97939, 0, 0, 1, 1, 0, 327, 3
1777062305, 8, 17, 982, 973, 0, 8.04%, 0, 0, 3, 5.49, 17, 145, 5, 373, 107607, 39867, 0, 0.452, 205, 353, 0.995367, 1.000000, 97968, 0, 0, 1, 1, 0, 327, 3
1777062310, 8, 17, 982, 973, 0, 8.04%, 0, 0, 3, 5.21, 17, 145, 5, 373, 107607, 39867, 0, 0.452, 205, 353, 0.995368, 1.000000, 97993, 0, 0, 1, 1, 0, 327, 3
1777062316, 8, 17, 982, 973, 0, 8.04%, 0, 0, 3, 5.31, 17, 145, 5, 373, 107607, 39867, 0, 0.452, 205, 353, 0.995369, 1.000000, 98021, 0, 0, 1, 1, 0, 327, 3
1777062321, 8, 17, 982, 973, 0, 8.04%, 0, 0, 3, 5.83, 17, 145, 5, 373, 107607, 39867, 0, 0.452, 205, 353, 0.995371, 1.000000, 98043, 0, 0, 1, 1, 0, 327, 3
1777062326, 8, 17, 982, 973, 0, 8.04%, 0, 0, 3, 5.67, 17, 145, 5, 373, 107607, 39867, 0, 0.452, 205, 353, 0.995372, 1.000000, 98072, 0, 0, 1, 1, 0, 328, 3
1777062331, 8, 17, 982, 973, 0, 8.04%, 0, 0, 3, 5.57, 17, 145, 5, 373, 107607, 39867, 0, 0.452, 205, 353, 0.995373, 1.000000, 98098, 0, 0, 1, 1, 0, 328, 3
1777062336, 8, 17, 982, 973, 0, 8.04%, 0, 0, 3, 5.70, 17, 145, 5, 373, 107607, 39867, 0, 0.452, 205, 353, 0.995375, 1.000000, 98128, 0, 0, 1, 1, 0, 328, 3
1777062342, 8, 17, 982, 973, 0, 8.04%, 0, 0, 3, 5.34, 17, 145, 5, 373, 107607, 39867, 0, 0.452, 205, 353, 0.995376, 1.000000, 98154, 0, 0, 1, 1, 0, 328, 3
1777062347, 8, 17, 982, 973, 0, 8.04%, 0, 0, 3, 5.39, 17, 145, 5, 373, 107607, 39867, 0, 0.452, 205, 353, 0.995377, 1.000000, 98182, 0, 0, 1, 1, 0, 328, 3
1777062352, 8, 17, 982, 973, 0, 8.04%, 0, 0, 3, 5.93, 17, 145, 5, 373, 107607, 39867, 0, 0.453, 205, 354, 0.995378, 1.000000, 98208, 0, 0, 1, 1, 0, 328, 3
1777062357, 8, 17, 982, 973, 0, 8.04%, 0, 0, 3, 5.53, 17, 145, 5, 373, 107607, 39867, 0, 0.453, 205, 354, 0.995380, 1.000000, 98236, 0, 0, 1, 1, 0, 328, 3
1777062363, 8, 17, 982, 973, 0, 8.04%, 0, 0, 3, 5.18, 17, 145, 5, 373, 107607, 39867, 0, 0.453, 205, 354, 0.995381, 1.000000, 98258, 0, 0, 1, 1, 0, 328, 3
1777062368, 8, 17, 982, 973, 0, 8.04%, 0, 0, 3, 5.53, 17, 145, 5, 373, 107607, 39867, 0, 0.453, 205, 354, 0.995382, 1.000000, 98287, 0, 0, 1, 1, 0, 329, 3
1777062373, 8, 17, 982, 973, 0, 8.04%, 0, 0, 3, 5.68, 17, 145, 5, 373, 107607, 39867, 0, 0.453, 205, 354, 0.995383, 1.000000, 98314, 0, 0, 1, 1, 0, 329, 3
1777062378, 8, 17, 982, 973, 0, 8.04%, 0, 0, 3, 5.61, 17, 145, 5, 373, 107607, 39867, 0, 0.453, 205, 354, 0.995384, 1.000000, 98341, 0, 0, 1, 1, 0, 329, 3
1777062385, 9, 369, 982, 972, 8, 8.04%, 0, 0, 3, 0.31, 17, 145, 6, 374, 109839, 39945, 0, 0.453, 205, 354, 0.995386, 1.000000, 98363, 0, 0, 1, 1, 0, 329, 3
1777062391, 9, 369, 982, 972, 8, 8.04%, 0, 0, 3, 0.98, 17, 145, 6, 374, 109839, 39945, 0, 0.453, 205, 354, 0.995387, 1.000000, 98389, 0, 0, 1, 1, 0, 329, 3
1777062396, 9, 369, 982, 972, 8, 8.04%, 0, 0, 3, 3.80, 17, 145, 6, 374, 109839, 39945, 0, 0.453, 205, 354, 0.995388, 1.000000, 98416, 0, 0, 1, 1, 0, 329, 3
1777062401, 9, 369, 982, 972, 8, 8.04%, 0, 0, 3, 0.66, 17, 145, 6, 374, 109839, 39945, 0, 0.453, 205, 354, 0.995389, 1.000000, 98439, 0, 0, 1, 1, 0, 329, 3
1777062407, 9, 369, 982, 972, 8, 8.04%, 0, 0, 3, 4.92, 17, 145, 6, 374, 109839, 39945, 0, 0.453, 205, 354, 0.995390, 1.000000, 98466, 0, 0, 1, 1, 0, 329, 3
1777062412, 9, 369, 983, 973, 8, 8.04%, 0, 0, 3, 4.96, 17, 145, 6, 374, 109839, 39945, 0, 0.453, 205, 354, 0.995391, 0.866761, 98489, 0, 0, 1, 1, 0, 329, 3
1777062417, 9, 369, 983, 973, 8, 8.04%, 0, 0, 3, 5.23, 17, 145, 6, 374, 109839, 39945, 0, 0.453, 205, 354, 0.995392, 1.000000, 98511, 0, 0, 1, 1, 0, 329, 3
1777062422, 9, 369, 984, 974, 8, 8.05%, 0, 0, 3, 5.08, 17, 145, 6, 374, 109839, 39945, 0, 0.453, 205, 354, 0.995393, 0.713711, 98531, 0, 0, 1, 1, 0, 329, 3
1777062427, 9, 369, 984, 974, 8, 8.05%, 0, 0, 3, 5.66, 17, 145, 6, 374, 109839, 39945, 0, 0.453, 205, 354, 0.995395, 1.000000, 98558, 0, 0, 1, 1, 0, 329, 3
1777062432, 9, 369, 984, 974, 8, 8.05%, 0, 0, 3, 2.33, 17, 145, 6, 374, 109839, 39945, 0, 0.453, 205, 354, 0.995396, 1.000000, 98582, 0, 0, 1, 1, 0, 329, 3
1777062438, 9, 369, 984, 974, 8, 8.05%, 0, 0, 3, 4.32, 17, 145, 6, 374, 109839, 39945, 0, 0.453, 205, 354, 0.995397, 1.000000, 98610, 0, 0, 1, 1, 0, 329, 3
1777062443, 9, 369, 984, 974, 8, 8.05%, 0, 0, 3, 5.46, 17, 145, 6, 374, 109839, 39945, 0, 0.453, 205, 354, 0.995398, 1.000000, 98630, 0, 0, 1, 1, 0, 329, 3
1777062448, 9, 369, 984, 974, 8, 8.05%, 0, 0, 3, 5.49, 17, 145, 6, 374, 109839, 39945, 0, 0.453, 205, 354, 0.995399, 1.000000, 98659, 0, 0, 1, 1, 0, 329, 3
1777062453, 9, 369, 984, 974, 8, 8.05%, 0, 0, 3, 5.25, 17, 145, 6, 374, 109839, 39945, 0, 0.453, 207, 354, 0.995400, 1.000000, 98684, 0, 0, 1, 1, 0, 329, 3
1777062458, 9, 369, 984, 974, 8, 8.05%, 0, 0, 3, 5.27, 17, 145, 6, 374, 109839, 39945, 0, 0.453, 207, 354, 0.995402, 1.000000, 98712, 0, 0, 1, 1, 0, 329, 3
1777062464, 9, 369, 984, 974, 8, 8.05%, 0, 0, 3, 5.22, 17, 145, 6, 374, 109839, 39945, 0, 0.453, 207, 354, 0.995403, 1.000000, 98737, 0, 0, 1, 1, 0, 330, 3
1777062469, 9, 369, 984, 974, 8, 8.05%, 0, 0, 3, 5.15, 17, 145, 6, 374, 109839, 39945, 0, 0.453, 207, 354, 0.995404, 1.000000, 98764, 0, 0, 1, 1, 0, 330, 3
1777062474, 9, 369, 984, 974, 8, 8.05%, 0, 0, 3, 5.28, 17, 145, 6, 374, 109839, 39945, 0, 0.453, 207, 354, 0.995405, 1.000000, 98789, 0, 0, 1, 1, 0, 330, 3
1777062479, 9, 369, 984, 974, 8, 8.05%, 0, 0, 3, 5.35, 17, 145, 6, 374, 109839, 39945, 0, 0.453, 207, 354, 0.995407, 1.000000, 98816, 0, 0, 1, 1, 0, 330, 3
1777062484, 9, 369, 984, 974, 8, 8.05%, 0, 0, 3, 4.99, 17, 145, 6, 374, 109839, 39945, 0, 0.453, 207, 354, 0.995407, 1.000000, 98836, 0, 0, 1, 1, 0, 330, 3
1777062489, 9, 369, 984, 974, 8, 8.05%, 0, 0, 3, 5.25, 17, 145, 6, 374, 109839, 39945, 0, 0.453, 207, 354, 0.995409, 1.000000, 98864, 0, 0, 1, 1, 0, 330, 3
1777062494, 9, 369, 984, 974, 8, 8.05%, 0, 0, 3, 5.10, 17, 145, 6, 374, 109839, 39945, 0, 0.453, 207, 354, 0.995410, 1.000000, 98888, 0, 0, 1, 1, 0, 330, 3
1777062499, 9, 369, 984, 974, 8, 8.05%, 0, 0, 3, 5.34, 17, 145, 6, 374, 109839, 39945, 0, 0.453, 207, 354, 0.995411, 1.000000, 98916, 0, 0, 1, 1, 0, 330, 3
1777062504, 9, 369, 984, 974, 8, 8.05%, 0, 0, 3, 5.16, 17, 145, 6, 374, 109839, 39945, 0, 0.453, 207, 354, 0.995412, 1.000000, 98940, 0, 0, 1, 1, 0, 331, 3
1777062509, 9, 369, 984, 974, 8, 8.05%, 0, 0, 3, 5.16, 17, 145, 6, 374, 109839, 39945, 0, 0.453, 207, 354, 0.995414, 1.000000, 98967, 0, 0, 1, 1, 0, 331, 3
1777062515, 9, 369, 984, 974, 8, 8.05%, 0, 0, 3, 5.08, 17, 145, 6, 374, 109839, 39945, 0, 0.453, 207, 354, 0.995415, 1.000000, 98991, 0, 0, 1, 1, 0, 331, 3
1777062520, 9, 369, 984, 974, 8, 8.05%, 0, 0, 3, 5.38, 17, 145, 6, 374, 109839, 39945, 0, 0.453, 207, 354, 0.995416, 1.000000, 99020, 0, 0, 1, 1, 0, 331, 3
1777062525, 9, 369, 984, 974, 8, 8.05%, 0, 0, 3, 5.85, 17, 145, 6, 374, 109839, 39945, 0, 0.453, 207, 354, 0.995417, 1.000000, 99041, 0, 0, 1, 1, 0, 331, 3
1777062530, 9, 369, 984, 974, 8, 8.05%, 0, 0, 3, 5.71, 17, 145, 6, 374, 109839, 39945, 0, 0.453, 207, 354, 0.995418, 1.000000, 99070, 0, 0, 1, 1, 0, 331, 3
1777062535, 9, 369, 984, 974, 8, 8.05%, 0, 0, 3, 5.31, 17, 145, 6, 374, 109839, 39945, 0, 0.453, 207, 354, 0.995419, 1.000000, 99094, 0, 0, 1, 1, 0, 331, 3
1777062541, 9, 369, 984, 974, 8, 8.05%, 0, 0, 3, 5.25, 17, 145, 6, 374, 109839, 39945, 0, 0.453, 207, 354, 0.995421, 1.000000, 99123, 0, 0, 1, 1, 0, 331, 3
1777062546, 9, 369, 984, 974, 8, 8.05%, 0, 0, 3, 5.26, 17, 145, 6, 374, 109839, 39945, 0, 0.453, 207, 354, 0.995422, 1.000000, 99150, 0, 0, 1, 1, 0, 332, 3
1777062551, 9, 369, 984, 974, 8, 8.05%, 0, 0, 3, 5.12, 17, 145, 6, 374, 109839, 39945, 0, 0.452, 211, 360, 0.995423, 1.000000, 99174, 0, 0, 1, 1, 0, 332, 3
1777062556, 9, 369, 984, 974, 8, 8.05%, 0, 0, 3, 5.25, 17, 145, 6, 374, 109839, 39945, 0, 0.452, 211, 360, 0.995424, 1.000000, 99202, 0, 0, 1, 1, 0, 332, 3
1777062562, 9, 369, 984, 974, 8, 8.05%, 0, 0, 3, 0.66, 17, 145, 6, 374, 109839, 39945, 0, 0.452, 211, 360, 0.995425, 1.000000, 99223, 0, 0, 1, 1, 0, 332, 3
1777062567, 9, 369, 984, 974, 8, 8.05%, 0, 0, 3, 5.17, 17, 145, 6, 374, 109839, 39945, 0, 0.452, 211, 360, 0.995427, 1.000000, 99249, 0, 0, 1, 1, 0, 332, 3
1777062572, 9, 369, 984, 974, 8, 8.05%, 0, 0, 3, 5.04, 17, 145, 6, 374, 109839, 39945, 0, 0.452, 211, 360, 0.995428, 1.000000, 99273, 0, 0, 1, 1, 0, 332, 3
1777062577, 9, 369, 984, 974, 8, 8.05%, 0, 0, 3, 5.11, 17, 145, 6, 374, 109839, 39945, 0, 0.452, 211, 360, 0.995429, 1.000000, 99300, 0, 0, 1, 1, 0, 332, 3
1777062583, 9, 369, 984, 974, 8, 8.05%, 0, 0, 3, 4.91, 17, 145, 6, 374, 109839, 39945, 0, 0.452, 211, 360, 0.995430, 1.000000, 99325, 0, 0, 1, 1, 0, 332, 3
1777062588, 9, 369, 984, 974, 8, 8.05%, 0, 0, 3, 5.16, 17, 145, 6, 374, 109839, 39945, 0, 0.452, 211, 360, 0.995431, 1.000000, 99352, 0, 0, 1, 1, 0, 333, 3
1777062593, 9, 369, 984, 974, 8, 8.05%, 0, 0, 3, 4.99, 17, 145, 6, 374, 109839, 39945, 0, 0.452, 211, 360, 0.995432, 1.000000, 99375, 0, 0, 1, 1, 0, 333, 3
1777062598, 9, 369, 984, 974, 8, 8.05%, 0, 0, 3, 5.35, 17, 145, 6, 374, 109839, 39945, 0, 0.452, 211, 360, 0.995434, 1.000000, 99404, 0, 0, 1, 1, 0, 333, 3
1777062603, 9, 369, 984, 974, 8, 8.05%, 0, 0, 3, 4.36, 17, 145, 6, 374, 109839, 39945, 0, 0.452, 211, 360, 0.995435, 1.000000, 99426, 0, 0, 1, 1, 0, 333, 3
1777062608, 9, 369, 985, 975, 8, 8.05%, 0, 0, 3, 5.40, 17, 145, 6, 374, 109839, 39945, 0, 0.452, 211, 360, 0.995436, 1.000000, 99448, 0, 0, 1, 1, 0, 333, 3
1777062614, 9, 369, 985, 975, 8, 8.05%, 0, 0, 3, 5.08, 17, 145, 6, 374, 109839, 39945, 0, 0.452, 211, 360, 0.995437, 1.000000, 99472, 0, 0, 1, 1, 0, 333, 3
1777062619, 9, 369, 985, 975, 8, 8.05%, 0, 0, 3, 5.18, 17, 145, 6, 374, 109839, 39945, 0, 0.452, 211, 360, 0.995438, 1.000000, 99500, 0, 0, 1, 1, 0, 333, 3
1777062624, 9, 369, 985, 975, 8, 8.05%, 0, 0, 3, 5.29, 17, 145, 6, 374, 109839, 39945, 0, 0.452, 211, 360, 0.995439, 1.000000, 99526, 0, 0, 1, 1, 0, 333, 3
1777062629, 9, 369, 985, 975, 8, 8.05%, 0, 0, 3, 5.69, 17, 145, 6, 374, 109839, 39945, 0, 0.452, 211, 360, 0.995441, 1.000000, 99556, 0, 0, 1, 1, 0, 333, 3
1777062634, 9, 369, 985, 975, 8, 8.05%, 0, 0, 3, 6.36, 17, 145, 6, 374, 109839, 39945, 0, 0.452, 211, 360, 0.995442, 1.000000, 99580, 0, 0, 1, 1, 0, 333, 3
1777062639, 9, 369, 985, 975, 8, 8.05%, 0, 0, 3, 5.72, 17, 145, 6, 374, 109839, 39945, 0, 0.452, 211, 360, 0.995443, 1.000000, 99608, 0, 0, 1, 1, 0, 333, 3
1777062645, 9, 369, 985, 975, 8, 8.05%, 0, 0, 3, 5.87, 17, 145, 6, 374, 109839, 39945, 0, 0.452, 211, 360, 0.995444, 1.000000, 99630, 0, 0, 1, 1, 0, 333, 3
1777062650, 9, 369, 985, 975, 8, 8.05%, 0, 0, 3, 5.75, 17, 145, 6, 374, 109839, 39945, 0, 0.452, 211, 360, 0.995445, 1.000000, 99660, 0, 0, 1, 1, 0, 334, 3
1777062655, 9, 369, 985, 975, 8, 8.05%, 0, 0, 3, 5.30, 17, 145, 6, 374, 109839, 39945, 0, 0.452, 213, 363, 0.995446, 1.000000, 99683, 0, 0, 1, 1, 0, 334, 3
1777062660, 9, 369, 985, 975, 8, 8.05%, 0, 0, 3, 5.21, 17, 145, 6, 374, 109839, 39945, 0, 0.452, 213, 363, 0.995448, 1.000000, 99710, 0, 0, 1, 1, 0, 334, 3
1777062665, 9, 369, 985, 975, 8, 8.05%, 0, 0, 3, 5.08, 17, 145, 6, 374, 109839, 39945, 0, 0.452, 213, 363, 0.995449, 1.000000, 99734, 0, 0, 1, 1, 0, 334, 3
1777062670, 9, 369, 985, 975, 8, 8.05%, 0, 0, 3, 5.38, 17, 145, 6, 374, 109839, 39945, 0, 0.452, 213, 363, 0.995450, 1.000000, 99763, 0, 0, 1, 1, 0, 334, 3
1777062676, 9, 369, 986, 976, 8, 8.05%, 0, 0, 3, 5.30, 17, 145, 6, 374, 109839, 39945, 0, 0.452, 213, 363, 0.995451, 1.000000, 99780, 0, 0, 1, 1, 0, 334, 3
1777062682, 9, 369, 986, 976, 8, 8.05%, 0, 0, 3, 0.65, 17, 145, 6, 374, 109839, 39945, 0, 0.452, 213, 363, 0.995452, 1.000000, 99807, 0, 0, 1, 1, 0, 334, 3
1777062687, 9, 369, 986, 976, 8, 8.05%, 0, 0, 3, 5.19, 17, 145, 6, 374, 109839, 39945, 0, 0.452, 213, 363, 0.995453, 1.000000, 99834, 0, 0, 1, 1, 0, 334, 3
1777062693, 9, 369, 986, 976, 8, 8.05%, 0, 0, 3, 5.13, 17, 145, 6, 374, 109839, 39945, 0, 0.452, 213, 363, 0.995454, 1.000000, 99860, 0, 0, 1, 1, 0, 334, 3
1777062698, 9, 369, 986, 976, 8, 8.05%, 0, 0, 3, 5.28, 17, 145, 6, 374, 109839, 39945, 0, 0.452, 213, 363, 0.995456, 1.000000, 99888, 0, 0, 1, 1, 0, 334, 3
1777062703, 9, 369, 986, 976, 8, 8.05%, 0, 0, 3, 5.30, 17, 145, 6, 374, 109839, 39945, 0, 0.452, 213, 363, 0.995457, 1.000000, 99914, 0, 0, 1, 1, 0, 334, 3
1777062708, 9, 369, 986, 976, 8, 8.05%, 0, 0, 3, 5.25, 17, 145, 6, 374, 109839, 39945, 0, 0.452, 213, 363, 0.995458, 1.000000, 99942, 0, 0, 1, 1, 0, 334, 3
1777062713, 9, 369, 986, 976, 8, 8.05%, 0, 0, 3, 5.33, 17, 145, 6, 374, 109839, 39945, 0, 0.452, 213, 363, 0.995459, 1.000000, 99964, 0, 0, 1, 1, 0, 334, 3
1777062718, 9, 369, 986, 976, 8, 8.05%, 0, 0, 3, 5.20, 17, 145, 6, 374, 109839, 39945, 0, 0.452, 213, 363, 0.995460, 1.000000, 99990, 0, 0, 1, 1, 0, 335, 3
1777062724, 9, 369, 986, 976, 8, 8.05%, 0, 0, 3, 5.25, 17, 145, 6, 374, 109839, 39945, 0, 0.452, 213, 363, 0.995461, 1.000000, 100012, 0, 0, 1, 1, 0, 335, 3
1777062729, 9, 369, 987, 977, 8, 8.05%, 0, 0, 3, 5.36, 17, 145, 6, 374, 109839, 39945, 0, 0.452, 213, 363, 0.995462, 0.866761, 100038, 0, 0, 1, 1, 0, 335, 3
1777062734, 9, 369, 987, 977, 8, 8.05%, 0, 0, 3, 5.58, 17, 145, 6, 374, 109839, 39945, 0, 0.452, 213, 363, 0.995463, 1.000000, 100058, 0, 0, 1, 1, 0, 335, 3
1777062739, 9, 369, 987, 977, 8, 8.05%, 0, 0, 3, 5.45, 17, 145, 6, 374, 109839, 39945, 0, 0.452, 213, 363, 0.995465, 1.000000, 100085, 0, 0, 1, 1, 0, 335, 3
1777062744, 9, 369, 987, 977, 8, 8.05%, 0, 0, 3, 5.45, 17, 145, 6, 374, 109839, 39945, 0, 0.452, 213, 363, 0.995466, 1.000000, 100111, 0, 0, 1, 1, 0, 335, 3
1777062749, 9, 369, 987, 977, 8, 8.05%, 0, 0, 3, 5.43, 17, 145, 6, 374, 109839, 39945, 0, 0.452, 213, 363, 0.995467, 1.000000, 100140, 0, 0, 1, 1, 0, 335, 3
1777062754, 9, 369, 987, 977, 8, 8.05%, 0, 0, 3, 5.15, 17, 145, 6, 374, 109839, 39945, 0, 0.452, 215, 366, 0.995468, 1.000000, 100164, 0, 0, 1, 1, 0, 335, 3
1777062760, 9, 369, 987, 977, 8, 8.05%, 0, 0, 3, 5.44, 17, 145, 6, 374, 109839, 39945, 0, 0.452, 215, 366, 0.995469, 1.000000, 100192, 0, 0, 1, 1, 0, 335, 3
1777062765, 9, 369, 987, 977, 8, 8.05%, 0, 0, 3, 4.83, 17, 145, 6, 374, 109839, 39945, 0, 0.452, 215, 366, 0.995470, 1.000000, 100212, 0, 0, 1, 1, 0, 335, 3
1777062770, 9, 369, 987, 977, 8, 8.05%, 0, 0, 3, 5.08, 17, 145, 6, 374, 109839, 39945, 0, 0.452, 215, 366, 0.995471, 1.000000, 100239, 0, 0, 1, 1, 0, 336, 3
1777062775, 9, 369, 987, 977, 8, 8.05%, 0, 0, 3, 5.18, 17, 145, 6, 374, 109839, 39945, 0, 0.452, 215, 366, 0.995473, 1.000000, 100263, 0, 0, 1, 1, 0, 336, 3
1777062780, 9, 369, 987, 977, 8, 8.05%, 0, 0, 3, 5.22, 17, 145, 6, 374, 109839, 39945, 0, 0.452, 215, 366, 0.995474, 1.000000, 100290, 0, 0, 1, 1, 0, 336, 3
1777062785, 9, 369, 987, 977, 8, 8.05%, 0, 0, 3, 5.43, 17, 145, 6, 374, 109839, 39945, 0, 0.452, 215, 366, 0.995475, 1.000000, 100316, 0, 0, 1, 1, 0, 336, 3
1777062790, 9, 369, 987, 977, 8, 8.05%, 0, 0, 3, 5.51, 17, 145, 6, 374, 109839, 39945, 0, 0.452, 215, 366, 0.995476, 1.000000, 100344, 0, 0, 1, 1, 0, 336, 3
1777062795, 9, 369, 987, 977, 8, 8.05%, 0, 0, 3, 3.09, 17, 145, 6, 374, 109839, 39945, 0, 0.452, 215, 366, 0.995477, 1.000000, 100368, 0, 0, 1, 1, 0, 336, 3
1777062800, 9, 369, 987, 977, 8, 8.05%, 0, 0, 3, 4.56, 17, 145, 6, 374, 109839, 39945, 0, 0.452, 215, 366, 0.995479, 1.000000, 100396, 0, 0, 1, 1, 0, 336, 3
1777062805, 9, 369, 987, 977, 8, 8.05%, 0, 0, 3, 5.74, 17, 145, 6, 374, 109839, 39945, 0, 0.452, 215, 366, 0.995479, 1.000000, 100417, 0, 0, 1, 1, 0, 336, 3
1777062811, 9, 369, 987, 977, 8, 8.05%, 0, 0, 3, 5.49, 17, 145, 6, 374, 109839, 39945, 0, 0.452, 215, 366, 0.995481, 1.000000, 100445, 0, 0, 1, 1, 0, 337, 3
1777062816, 9, 369, 987, 977, 8, 8.05%, 0, 0, 3, 5.31, 17, 145, 6, 374, 109839, 39945, 0, 0.452, 215, 366, 0.995482, 1.000000, 100470, 0, 0, 1, 1, 0, 337, 3
1777062821, 9, 369, 987, 977, 8, 8.05%, 0, 0, 3, 5.35, 17, 145, 6, 374, 109839, 39945, 0, 0.452, 215, 366, 0.995483, 1.000000, 100499, 0, 0, 1, 1, 0, 337, 3
1777062827, 9, 369, 987, 977, 8, 8.05%, 0, 0, 3, 5.25, 17, 145, 6, 374, 109839, 39945, 0, 0.452, 215, 366, 0.995484, 1.000000, 100527, 0, 0, 1, 1, 0, 337, 3
1777062832, 9, 369, 987, 977, 8, 8.05%, 0, 0, 3, 5.09, 17, 145, 6, 374, 109839, 39945, 0, 0.452, 215, 366, 0.995485, 1.000000, 100551, 0, 0, 1, 1, 0, 337, 3
1777062837, 9, 369, 987, 977, 8, 8.05%, 0, 0, 3, 5.32, 17, 145, 6, 374, 109839, 39945, 0, 0.452, 215, 366, 0.995487, 1.000000, 100578, 0, 0, 1, 1, 0, 337, 3
1777062842, 9, 369, 988, 978, 8, 8.05%, 0, 0, 3, 5.39, 17, 145, 6, 374, 109839, 39945, 0, 0.452, 215, 366, 0.995488, 0.884450, 100599, 0, 0, 1, 1, 0, 337, 3
1777062847, 9, 369, 988, 978, 8, 8.05%, 0, 0, 3, 5.43, 17, 145, 6, 374, 109839, 39945, 0, 0.452, 215, 366, 0.995489, 1.000000, 100622, 0, 0, 1, 1, 0, 337, 3
1777062852, 9, 369, 988, 978, 8, 8.05%, 0, 0, 3, 5.12, 17, 145, 6, 374, 109839, 39945, 0, 0.453, 217, 376, 0.995490, 1.000000, 100646, 0, 0, 1, 1, 0, 337, 3
1777062857, 9, 369, 988, 978, 8, 8.05%, 0, 0, 3, 5.41, 17, 145, 6, 374, 109839, 39945, 0, 0.453, 217, 376, 0.995491, 1.000000, 100675, 0, 0, 1, 1, 0, 337, 3
1777062863, 9, 369, 988, 978, 8, 8.05%, 0, 0, 3, 5.55, 17, 145, 6, 374, 109839, 39945, 0, 0.453, 217, 376, 0.995492, 1.000000, 100702, 0, 0, 1, 1, 0, 337, 3
1777062868, 9, 369, 988, 978, 8, 8.05%, 0, 0, 3, 5.66, 17, 145, 6, 374, 109839, 39945, 0, 0.453, 217, 376, 0.995493, 1.000000, 100731, 0, 0, 1, 1, 0, 337, 3
1777062873, 9, 369, 988, 978, 8, 8.05%, 0, 0, 3, 5.33, 17, 145, 6, 374, 109839, 39945, 0, 0.453, 217, 376, 0.995495, 1.000000, 100755, 0, 0, 1, 1, 0, 337, 3
1777062878, 9, 369, 988, 978, 8, 8.05%, 0, 0, 3, 5.47, 17, 145, 6, 374, 109839, 39945, 0, 0.453, 217, 376, 0.995496, 1.000000, 100783, 0, 0, 1, 1, 0, 337, 3
1777062883, 9, 369, 988, 978, 8, 8.05%, 0, 0, 3, 5.25, 17, 145, 6, 374, 109839, 39945, 0, 0.453, 217, 376, 0.995497, 1.000000, 100804, 0, 0, 1, 1, 0, 338, 3
1777062888, 9, 369, 988, 978, 8, 8.05%, 0, 0, 3, 5.26, 17, 145, 6, 374, 109839, 39945, 0, 0.453, 217, 376, 0.995498, 1.000000, 100831, 0, 0, 1, 1, 0, 338, 3
1777062893, 9, 369, 989, 979, 8, 8.05%, 0, 0, 3, 5.10, 17, 145, 6, 374, 109839, 39945, 0, 0.453, 217, 376, 0.995499, 1.000000, 100847, 0, 0, 1, 1, 0, 338, 3
1777062898, 9, 369, 990, 980, 8, 8.05%, 0, 0, 3, 5.51, 17, 145, 6, 374, 109839, 39945, 0, 0.453, 217, 376, 0.995500, 1.000000, 100867, 0, 0, 1, 1, 0, 338, 3
1777062904, 9, 369, 990, 980, 8, 8.05%, 0, 0, 3, 5.19, 17, 145, 6, 374, 109839, 39945, 0, 0.453, 217, 376, 0.995501, 1.000000, 100892, 0, 0, 1, 1, 0, 338, 3
1777062909, 9, 369, 990, 980, 8, 8.05%, 0, 0, 3, 5.07, 17, 145, 6, 374, 109839, 39945, 0, 0.453, 217, 376, 0.995502, 1.000000, 100918, 0, 0, 1, 1, 0, 338, 3
1777062914, 9, 369, 990, 980, 8, 8.05%, 0, 0, 3, 5.21, 17, 145, 6, 374, 109839, 39945, 0, 0.453, 217, 376, 0.995503, 1.000000, 100942, 0, 0, 1, 1, 0, 338, 3
1777062919, 9, 369, 990, 980, 8, 8.05%, 0, 0, 3, 5.46, 17, 145, 6, 374, 109839, 39945, 0, 0.453, 217, 376, 0.995504, 1.000000, 100970, 0, 0, 1, 1, 0, 338, 3
1777062924, 9, 369, 990, 980, 8, 8.05%, 0, 0, 3, 5.19, 17, 145, 6, 374, 109839, 39945, 0, 0.453, 217, 376, 0.995505, 1.000000, 100990, 0, 0, 1, 1, 0, 338, 3
1777062929, 9, 369, 990, 980, 8, 8.05%, 0, 0, 3, 5.47, 17, 145, 6, 374, 109839, 39945, 0, 0.453, 217, 376, 0.995506, 1.000000, 101020, 0, 0, 1, 1, 0, 338, 3
1777062934, 9, 369, 990, 980, 8, 8.05%, 0, 0, 3, 5.28, 17, 145, 6, 374, 109839, 39945, 0, 0.453, 217, 376, 0.995507, 1.000000, 101044, 0, 0, 1, 1, 0, 338, 3
1777062939, 9, 369, 990, 980, 8, 8.05%, 0, 0, 3, 5.40, 17, 145, 6, 374, 109839, 39945, 0, 0.453, 217, 376, 0.995509, 1.000000, 101072, 0, 0, 1, 1, 0, 339, 3
1777062945, 9, 369, 990, 980, 8, 8.05%, 0, 0, 3, 5.23, 17, 145, 6, 374, 109839, 39945, 0, 0.453, 217, 376, 0.995510, 1.000000, 101098, 0, 0, 1, 1, 0, 339, 3
1777062950, 9, 369, 990, 980, 8, 8.05%, 0, 0, 3, 0.98, 17, 145, 6, 374, 109839, 39945, 0, 0.453, 217, 376, 0.995511, 1.000000, 101125, 0, 0, 1, 1, 0, 339, 3
1777062956, 9, 369, 990, 980, 8, 8.05%, 0, 0, 3, 6.01, 17, 145, 6, 374, 109839, 39945, 0, 0.453, 217, 376, 0.995512, 1.000000, 101156, 0, 0, 1, 1, 0, 339, 3
1777062961, 9, 369, 990, 980, 8, 8.05%, 0, 0, 3, 4.83, 17, 145, 6, 374, 109839, 39945, 0, 0.453, 217, 376, 0.995513, 1.000000, 101176, 0, 0, 1, 1, 0, 339, 3
1777062966, 9, 369, 990, 980, 8, 8.05%, 0, 0, 3, 4.99, 17, 145, 6, 374, 109839, 39945, 0, 0.453, 217, 376, 0.995514, 1.000000, 101202, 0, 0, 1, 1, 0, 339, 3
1777062971, 9, 369, 990, 980, 8, 8.05%, 0, 0, 3, 5.16, 17, 145, 6, 374, 109839, 39945, 0, 0.453, 217, 376, 0.995516, 1.000000, 101229, 0, 0, 1, 1, 0, 339, 3
1777062977, 9, 369, 990, 980, 8, 8.05%, 0, 0, 3, 5.29, 17, 145, 6, 374, 109839, 39945, 0, 0.453, 217, 376, 0.995517, 1.000000, 101258, 0, 0, 1, 1, 0, 339, 3
1777062982, 9, 369, 990, 980, 8, 8.05%, 0, 0, 3, 5.06, 17, 145, 6, 374, 109839, 39945, 0, 0.453, 217, 376, 0.995518, 1.000000, 101282, 0, 0, 1, 1, 0, 340, 3
1777062987, 9, 369, 990, 980, 8, 8.05%, 0, 0, 3, 5.12, 17, 145, 6, 374, 109839, 39945, 0, 0.453, 217, 376, 0.995519, 1.000000, 101310, 0, 0, 1, 1, 0, 340, 3
1777062992, 9, 369, 990, 980, 8, 8.05%, 0, 0, 3, 6.46, 17, 145, 6, 374, 109839, 39945, 0, 0.453, 217, 376, 0.995520, 1.000000, 101334, 0, 0, 1, 1, 0, 340, 3
1777062997, 9, 369, 990, 980, 8, 8.05%, 0, 0, 3, 5.77, 17, 145, 6, 374, 109839, 39945, 0, 0.453, 217, 376, 0.995521, 1.000000, 101362, 0, 0, 1, 1, 0, 340, 3
1777063002, 9, 369, 990, 980, 8, 8.05%, 0, 0, 3, 5.29, 17, 145, 6, 374, 109839, 39945, 0, 0.453, 217, 376, 0.995522, 1.000000, 101382, 0, 0, 1, 1, 0, 340, 3
1777063007, 9, 369, 990, 980, 8, 8.05%, 0, 0, 3, 5.48, 17, 145, 6, 374, 109839, 39945, 0, 0.453, 217, 376, 0.995524, 1.000000, 101410, 0, 0, 1, 1, 0, 340, 3
1777063013, 9, 369, 990, 980, 8, 8.05%, 0, 0, 3, 5.12, 17, 145, 6, 374, 109839, 39945, 0, 0.453, 217, 376, 0.995525, 1.000000, 101434, 0, 0, 1, 1, 0, 340, 3
1777063018, 9, 369, 990, 980, 8, 8.05%, 0, 0, 3, 5.49, 17, 145, 6, 374, 109839, 39945, 0, 0.453, 217, 376, 0.995526, 1.000000, 101463, 0, 0, 1, 1, 0, 341, 3
1777063023, 9, 369, 990, 980, 8, 8.05%, 0, 0, 3, 5.31, 17, 145, 6, 374, 109839, 39945, 0, 0.453, 217, 376, 0.995527, 1.000000, 101488, 0, 0, 1, 1, 0, 341, 3
1777063028, 9, 369, 990, 980, 8, 8.05%, 0, 0, 3, 5.32, 17, 145, 6, 374, 109839, 39945, 0, 0.453, 217, 376, 0.995528, 1.000000, 101516, 0, 0, 1, 1, 0, 341, 3
1777063033, 9, 369, 990, 980, 8, 8.05%, 0, 0, 3, 5.31, 17, 145, 6, 374, 109839, 39945, 0, 0.453, 217, 376, 0.995529, 1.000000, 101540, 0, 0, 1, 1, 0, 341, 3
1777063038, 9, 369, 990, 980, 8, 8.05%, 0, 0, 3, 5.35, 17, 145, 6, 374, 109839, 39945, 0, 0.453, 217, 376, 0.995530, 1.000000, 101568, 0, 0, 1, 1, 0, 341, 3
1777063044, 9, 369, 990, 980, 8, 8.05%, 0, 0, 3, 5.60, 17, 145, 6, 374, 109839, 39945, 0, 0.453, 217, 376, 0.995531, 1.000000, 101590, 0, 0, 1, 1, 0, 341, 3
1777063049, 9, 369, 990, 980, 8, 8.05%, 0, 0, 3, 5.30, 17, 145, 6, 374, 109839, 39945, 0, 0.453, 217, 376, 0.995533, 1.000000, 101617, 0, 0, 1, 1, 0, 341, 3
1777063054, 9, 369, 990, 980, 8, 8.05%, 0, 0, 3, 5.23, 17, 145, 6, 374, 109839, 39945, 0, 0.453, 218, 376, 0.995534, 1.000000, 101642, 0, 0, 1, 1, 0, 341, 3
1777063059, 9, 369, 990, 980, 8, 8.05%, 0, 0, 3, 5.31, 17, 145, 6, 374, 109839, 39945, 0, 0.453, 218, 376, 0.995535, 1.000000, 101670, 0, 0, 1, 1, 0, 342, 3
1777063064, 9, 369, 990, 980, 8, 8.05%, 0, 0, 3, 5.00, 17, 145, 6, 374, 109839, 39945, 0, 0.453, 218, 376, 0.995536, 1.000000, 101694, 0, 0, 1, 1, 0, 342, 3
1777063070, 9, 369, 990, 980, 8, 8.05%, 0, 0, 3, 5.41, 17, 145, 6, 374, 109839, 39945, 0, 0.453, 218, 376, 0.995537, 1.000000, 101723, 0, 0, 1, 1, 0, 342, 3
1777063075, 9, 369, 990, 980, 8, 8.05%, 0, 0, 3, 5.63, 17, 145, 6, 374, 109839, 39945, 0, 0.453, 218, 376, 0.995538, 1.000000, 101748, 0, 0, 1, 1, 0, 342, 3
1777063081, 9, 369, 990, 980, 8, 8.05%, 0, 0, 3, 0.65, 17, 145, 6, 374, 109839, 39945, 0, 0.453, 218, 376, 0.995540, 1.000000, 101775, 0, 0, 1, 1, 0, 342, 3
1777063086, 9, 369, 990, 980, 8, 8.05%, 0, 0, 3, 4.75, 17, 145, 6, 374, 109839, 39945, 0, 0.453, 218, 376, 0.995541, 1.000000, 101802, 0, 0, 1, 1, 0, 342, 3
1777063091, 9, 369, 990, 980, 8, 8.05%, 0, 0, 3, 5.18, 17, 145, 6, 374, 109839, 39945, 0, 0.453, 218, 376, 0.995542, 1.000000, 101828, 0, 0, 1, 1, 0, 342, 3
1777063096, 9, 369, 990, 980, 8, 8.05%, 0, 0, 3, 5.79, 17, 145, 6, 374, 109839, 39945, 0, 0.453, 218, 376, 0.995543, 1.000000, 101858, 0, 0, 1, 1, 0, 342, 3
1777063101, 9, 369, 991, 981, 8, 8.05%, 0, 0, 3, 5.77, 17, 145, 6, 374, 109839, 39945, 0, 0.453, 218, 376, 0.995544, 1.000000, 101878, 0, 0, 1, 1, 0, 343, 3
1777063106, 9, 369, 991, 981, 8, 8.05%, 0, 0, 3, 5.51, 17, 145, 6, 374, 109839, 39945, 0, 0.453, 218, 376, 0.995545, 1.000000, 101906, 0, 0, 1, 1, 0, 343, 3
1777063111, 9, 369, 991, 981, 8, 8.05%, 0, 0, 3, 5.19, 17, 145, 6, 374, 109839, 39945, 0, 0.453, 218, 376, 0.995546, 1.000000, 101929, 0, 0, 1, 1, 0, 343, 3
1777063117, 9, 369, 991, 981, 8, 8.05%, 0, 0, 3, 5.37, 17, 145, 6, 374, 109839, 39945, 0, 0.453, 218, 376, 0.995547, 1.000000, 101958, 0, 0, 1, 1, 0, 343, 3
1777063122, 9, 369, 991, 981, 8, 8.05%, 0, 0, 3, 4.84, 17, 145, 6, 374, 109839, 39945, 0, 0.453, 218, 376, 0.995548, 1.000000, 101980, 0, 0, 1, 1, 0, 343, 3
1777063127, 9, 369, 991, 981, 8, 8.05%, 0, 0, 3, 5.18, 17, 145, 6, 374, 109839, 39945, 0, 0.453, 218, 376, 0.995550, 1.000000, 102008, 0, 0, 1, 1, 0, 343, 3
1777063132, 9, 369, 991, 981, 8, 8.05%, 0, 0, 3, 5.10, 17, 145, 6, 374, 109839, 39945, 0, 0.453, 218, 376, 0.995551, 1.000000, 102032, 0, 0, 1, 1, 0, 343, 3
1777063138, 9, 369, 991, 981, 8, 8.05%, 0, 0, 3, 5.27, 17, 145, 6, 374, 109839, 39945, 0, 0.453, 218, 376, 0.995552, 1.000000, 102060, 0, 0, 1, 1, 0, 343, 3
1777063143, 9, 369, 991, 981, 8, 8.05%, 0, 0, 3, 5.08, 17, 145, 6, 374, 109839, 39945, 0, 0.453, 218, 376, 0.995553, 1.000000, 102084, 0, 0, 1, 1, 0, 344, 3
1777063148, 9, 369, 991, 981, 8, 8.05%, 0, 0, 3, 5.39, 17, 145, 6, 374, 109839, 39945, 0, 0.453, 218, 376, 0.995554, 1.000000, 102112, 0, 0, 1, 1, 0, 344, 3
1777063153, 9, 369, 991, 981, 8, 8.05%, 0, 0, 3, 5.31, 17, 145, 6, 374, 109839, 39945, 0, 0.453, 218, 376, 0.995555, 1.000000, 102136, 0, 0, 1, 1, 0, 344, 3
1777063158, 9, 369, 991, 981, 8, 8.05%, 0, 0, 3, 5.53, 17, 145, 6, 374, 109839, 39945, 0, 0.453, 218, 376, 0.995556, 1.000000, 102164, 0, 0, 1, 1, 0, 344, 3
1777063163, 9, 369, 991, 981, 8, 8.05%, 0, 0, 3, 5.36, 17, 145, 6, 374, 109839, 39945, 0, 0.453, 218, 376, 0.995557, 1.000000, 102184, 0, 0, 1, 1, 0, 344, 3
1777063168, 9, 369, 991, 981, 8, 8.05%, 0, 0, 3, 5.52, 17, 145, 6, 374, 109839, 39945, 0, 0.453, 218, 376, 0.995559, 1.000000, 102214, 0, 0, 1, 1, 0, 344, 3
1777063173, 9, 369, 991, 981, 8, 8.05%, 0, 0, 3, 5.45, 17, 145, 6, 374, 109839, 39945, 0, 0.453, 218, 376, 0.995560, 1.000000, 102240, 0, 0, 1, 1, 0, 344, 3
1777063179, 9, 369, 991, 981, 8, 8.05%, 0, 0, 3, 5.02, 17, 145, 6, 374, 109839, 39945, 0, 0.453, 218, 376, 0.995561, 1.000000, 102267, 0, 0, 1, 1, 0, 345, 3
1777063184, 9, 369, 991, 981, 8, 8.05%, 0, 0, 3, 5.57, 17, 145, 6, 374, 109839, 39945, 0, 0.453, 218, 376, 0.995562, 1.000000, 102297, 0, 0, 1, 1, 0, 345, 3
1777063190, 9, 369, 991, 981, 8, 8.05%, 0, 0, 3, 5.49, 17, 145, 6, 374, 109839, 39945, 0, 0.453, 218, 376, 0.995563, 1.000000, 102324, 0, 0, 1, 1, 0, 345, 3
1777063195, 9, 369, 991, 981, 8, 8.05%, 0, 0, 3, 5.46, 17, 145, 6, 374, 109839, 39945, 0, 0.453, 218, 376, 0.995565, 1.000000, 102352, 0, 0, 1, 1, 0, 345, 3
1777063200, 9, 369, 991, 981, 8, 8.05%, 0, 0, 3, 5.24, 17, 145, 6, 374, 109839, 39945, 0, 0.453, 218, 376, 0.995565, 1.000000, 102372, 0, 0, 1, 1, 0, 345, 3
1777063205, 9, 369, 991, 981, 8, 8.05%, 0, 0, 3, 5.36, 17, 145, 6, 374, 109839, 39945, 0, 0.453, 218, 376, 0.995567, 1.000000, 102400, 0, 0, 1, 1, 0, 345, 3
1777063210, 9, 369, 991, 981, 8, 8.05%, 0, 0, 3, 4.96, 17, 145, 6, 374, 109839, 39945, 0, 0.453, 218, 376, 0.995568, 1.000000, 102424, 0, 0, 1, 1, 0, 345, 3
1777063215, 9, 369, 991, 981, 8, 8.05%, 0, 0, 3, 5.29, 17, 145, 6, 374, 109839, 39945, 0, 0.453, 218, 376, 0.995569, 1.000000, 102452, 0, 0, 1, 1, 0, 345, 3
1777063220, 9, 369, 991, 981, 8, 8.05%, 0, 0, 3, 5.63, 17, 145, 6, 374, 109839, 39945, 0, 0.453, 218, 376, 0.995570, 1.000000, 102479, 0, 0, 1, 1, 0, 346, 3
1777063225, 9, 369, 991, 981, 8, 8.05%, 0, 0, 3, 5.37, 17, 145, 6, 374, 109839, 39945, 0, 0.453, 218, 376, 0.995571, 1.000000, 102506, 0, 0, 1, 1, 0, 346, 3
1777063231, 9, 369, 991, 981, 8, 8.05%, 0, 0, 3, 5.14, 17, 145, 6, 374, 109839, 39945, 0, 0.453, 218, 376, 0.995572, 1.000000, 102530, 0, 0, 1, 1, 0, 346, 3
1777063236, 9, 369, 991, 981, 8, 8.05%, 0, 0, 3, 5.45, 17, 145, 6, 374, 109839, 39945, 0, 0.453, 218, 376, 0.995573, 1.000000, 102558, 0, 0, 1, 1, 0, 346, 3
1777063241, 9, 369, 991, 981, 8, 8.05%, 0, 0, 3, 5.34, 17, 145, 6, 374, 109839, 39945, 0, 0.453, 218, 376, 0.995574, 1.000000, 102581, 0, 0, 1, 1, 0, 346, 3
1777063246, 9, 369, 991, 981, 8, 8.05%, 0, 0, 3, 5.38, 17, 145, 6, 374, 109839, 39945, 0, 0.453, 218, 376, 0.995576, 1.000000, 102608, 0, 0, 1, 1, 0, 346, 3
1777063251, 9, 369, 991, 981, 8, 8.05%, 0, 0, 3, 5.20, 17, 145, 6, 374, 109839, 39945, 0, 0.453, 218, 376, 0.995577, 1.000000, 102632, 0, 0, 1, 1, 0, 346, 3
1777063256, 9, 369, 991, 981, 8, 8.05%, 0, 0, 3, 5.42, 17, 145, 6, 374, 109839, 39945, 0, 0.453, 218, 376, 0.995578, 1.000000, 102661, 0, 0, 1, 1, 0, 346, 3
1777063261, 9, 369, 991, 981, 8, 8.05%, 0, 0, 3, 5.25, 17, 145, 6, 374, 109839, 39945, 0, 0.453, 218, 376, 0.995579, 1.000000, 102685, 0, 0, 1, 1, 0, 347, 3
1777063266, 9, 369, 991, 981, 8, 8.05%, 0, 0, 3, 5.22, 17, 145, 6, 374, 109839, 39945, 0, 0.453, 218, 376, 0.995580, 1.000000, 102712, 0, 0, 1, 1, 0, 347, 3
1777063272, 9, 369, 991, 981, 8, 8.05%, 0, 0, 3, 5.18, 17, 145, 6, 374, 109839, 39945, 0, 0.453, 218, 376, 0.995581, 1.000000, 102736, 0, 0, 1, 1, 0, 347, 3
1777063277, 9, 369, 991, 981, 8, 8.05%, 0, 0, 3, 5.39, 17, 145, 6, 374, 109839, 39945, 0, 0.453, 218, 376, 0.995582, 1.000000, 102764, 0, 0, 1, 1, 0, 347, 3
1777063282, 9, 369, 991, 981, 8, 8.05%, 0, 0, 3, 6.54, 17, 145, 6, 374, 109839, 39945, 0, 0.453, 218, 376, 0.995583, 1.000000, 102785, 0, 0, 1, 1, 0, 347, 3
1777063287, 9, 369, 991, 981, 8, 8.05%, 0, 0, 3, 5.67, 17, 145, 6, 374, 109839, 39945, 0, 0.453, 218, 376, 0.995584, 1.000000, 102812, 0, 0, 1, 1, 0, 347, 3
