# unix_time, cycles_done, cur_path, paths_total, pending_total, pending_favs, map_size, unique_crashes, unique_hangs, max_depth, execs_per_sec, n_nodes, n_edges, chat_times
1768679924, 0, 0, 3, 3, 2, 0.59%, 0, 0, 2, 14.40, 11, 16, 0
1768679929, 0, 0, 9, 9, 2, 0.61%, 0, 0, 2, 14.99, 13, 22, 0
1768679934, 0, 0, 14, 14, 2, 0.61%, 0, 0, 2, 16.68, 13, 22, 0
1768679939, 0, 0, 16, 16, 2, 0.61%, 0, 0, 2, 16.39, 13, 22, 0
1768679944, 0, 0, 18, 18, 2, 0.61%, 0, 0, 2, 16.28, 13, 23, 0
1768679949, 0, 0, 19, 19, 2, 0.61%, 0, 0, 2, 16.12, 13, 25, 0
1768679955, 0, 0, 21, 21, 2, 0.62%, 0, 0, 2, 16.13, 13, 25, 0
1768679960, 0, 0, 23, 23, 2, 0.63%, 0, 0, 2, 16.26, 13, 25, 0
1768679970, 0, 0, 24, 24, 2, 0.63%, 0, 0, 2, 15.66, 13, 26, 0
1768679975, 0, 0, 25, 25, 2, 0.63%, 0, 0, 2, 15.41, 13, 28, 0
1768679980, 0, 0, 26, 26, 2, 0.64%, 0, 0, 2, 16.04, 13, 28, 0
1768679986, 0, 0, 27, 27, 2, 0.64%, 0, 0, 2, 16.86, 13, 28, 0
1768679991, 0, 0, 29, 29, 2, 0.64%, 0, 0, 2, 15.31, 13, 32, 0
1768679996, 0, 0, 35, 35, 2, 0.65%, 0, 0, 2, 13.07, 13, 33, 0
1768680001, 0, 0, 41, 41, 2, 0.65%, 0, 0, 2, 15.19, 13, 35, 0
1768680006, 0, 0, 43, 43, 2, 0.65%, 0, 0, 2, 16.67, 13, 36, 0
1768680011, 0, 0, 47, 47, 2, 0.65%, 0, 0, 2, 20.27, 13, 37, 0
1768680016, 0, 0, 49, 49, 2, 0.65%, 0, 0, 2, 17.98, 13, 37, 0
1768680027, 0, 0, 50, 50, 2, 0.65%, 0, 0, 2, 16.60, 13, 37, 0
