# unix_time, cycles_done, cur_path, paths_total, pending_total, pending_favs, map_size, unique_crashes, unique_hangs, max_depth, execs_per_sec, n_nodes, n_edges, chat_times
1768680411, 0, 0, 3, 3, 2, 0.58%, 0, 0, 2, 14.42, 11, 16, 0
1768680416, 0, 0, 7, 7, 2, 0.60%, 0, 0, 2, 15.26, 13, 22, 0
1768680421, 0, 0, 11, 11, 2, 0.61%, 0, 0, 2, 17.01, 13, 24, 0
1768680426, 0, 0, 14, 14, 2, 0.62%, 0, 0, 2, 16.23, 13, 24, 0
1768680431, 0, 0, 17, 17, 2, 0.63%, 0, 0, 2, 16.38, 13, 24, 0
1768680437, 0, 0, 20, 20, 2, 0.65%, 0, 0, 2, 15.56, 13, 24, 0
1768680452, 0, 0, 21, 21, 2, 0.65%, 0, 0, 2, 16.21, 13, 24, 0
1768680473, 0, 0, 22, 22, 2, 0.65%, 0, 0, 2, 16.24, 13, 25, 0
1768680478, 0, 0, 24, 24, 2, 0.65%, 0, 0, 2, 16.26, 13, 25, 0
1768680483, 0, 0, 26, 26, 2, 0.65%, 0, 0, 2, 10.54, 13, 26, 0
1768680488, 0, 0, 31, 31, 2, 0.65%, 0, 0, 2, 11.49, 13, 29, 0
1768680493, 0, 0, 34, 34, 2, 0.66%, 0, 0, 2, 13.80, 13, 29, 0
1768680498, 0, 0, 37, 37, 2, 0.66%, 0, 0, 2, 12.21, 13, 31, 0
1768680503, 0, 0, 40, 40, 2, 0.66%, 0, 0, 2, 17.02, 13, 33, 0
1768680508, 0, 0, 44, 44, 2, 0.67%, 0, 0, 2, 15.16, 14, 34, 0
1768680513, 0, 0, 46, 46, 2, 0.67%, 0, 0, 2, 13.39, 14, 34, 0
1768680519, 0, 0, 47, 47, 2, 0.68%, 0, 0, 2, 12.79, 14, 34, 0
1768680524, 0, 0, 51, 51, 2, 0.68%, 0, 0, 2, 17.08, 14, 34, 0
