# unix_time, cycles_done, cur_path, paths_total, pending_total, pending_favs, map_size, unique_crashes, unique_hangs, max_depth, execs_per_sec, n_nodes, n_edges, chat_times
1768674634, 0, 0, 3, 3, 2, 0.59%, 0, 0, 2, 14.38, 12, 17, 0
1768674639, 0, 0, 9, 9, 2, 0.60%, 0, 0, 2, 18.03, 13, 21, 0
1768674644, 0, 0, 13, 13, 2, 0.60%, 0, 0, 2, 16.09, 13, 24, 0
1768674649, 0, 0, 14, 14, 2, 0.60%, 0, 0, 2, 15.49, 13, 24, 0
1768674654, 0, 0, 15, 15, 2, 0.61%, 0, 0, 2, 15.83, 13, 24, 0
1768674659, 0, 0, 16, 16, 2, 0.62%, 0, 0, 2, 16.12, 13, 24, 0
1768674664, 0, 0, 18, 18, 2, 0.62%, 0, 0, 2, 15.75, 13, 25, 0
1768674675, 0, 0, 20, 20, 2, 0.62%, 0, 0, 2, 16.68, 13, 25, 0
1768674695, 0, 0, 22, 22, 2, 0.62%, 0, 0, 2, 17.06, 13, 25, 0
1768674700, 0, 0, 26, 26, 2, 0.62%, 0, 0, 2, 14.53, 13, 30, 0
1768674705, 0, 0, 29, 29, 2, 0.62%, 0, 0, 2, 12.33, 13, 31, 0
1768674710, 0, 0, 34, 34, 2, 0.63%, 0, 0, 2, 16.37, 13, 31, 0
1768674716, 0, 0, 37, 37, 2, 0.64%, 0, 0, 2, 16.20, 13, 32, 0
1768674721, 0, 0, 42, 42, 2, 0.65%, 0, 0, 2, 18.23, 13, 35, 0
1768674726, 0, 0, 44, 44, 2, 0.65%, 0, 0, 2, 15.06, 13, 35, 0
1768674731, 0, 0, 46, 46, 2, 0.66%, 0, 0, 2, 14.72, 13, 35, 0
1768674736, 0, 0, 47, 47, 2, 0.67%, 0, 0, 2, 15.72, 13, 35, 0
1768674751, 0, 0, 51, 51, 2, 0.69%, 0, 0, 2, 13.88, 13, 35, 0
1768674756, 0, 0, 53, 53, 2, 0.69%, 0, 0, 2, 13.93, 13, 35, 0
1768674767, 0, 0, 55, 55, 2, 0.69%, 0, 0, 2, 13.60, 13, 36, 0
1768674772, 0, 0, 56, 56, 2, 0.69%, 0, 0, 2, 13.25, 13, 36, 0
1768674782, 0, 0, 58, 58, 2, 0.69%, 0, 0, 2, 13.47, 13, 36, 0
1768674787, 0, 0, 59, 59, 2, 0.69%, 0, 0, 2, 14.07, 13, 38, 0
1768674797, 0, 0, 61, 61, 2, 0.69%, 0, 0, 2, 12.68, 13, 38, 0
1768674802, 0, 0, 62, 62, 2, 0.69%, 0, 0, 2, 10.75, 13, 38, 0
1768674808, 0, 0, 63, 63, 2, 0.69%, 0, 0, 2, 11.46, 13, 38, 0
1768674813, 0, 0, 64, 64, 2, 0.69%, 0, 0, 2, 14.63, 13, 38, 0
1768674818, 0, 0, 66, 66, 2, 0.69%, 0, 0, 2, 10.96, 13, 38, 0
1768674823, 0, 0, 68, 68, 2, 0.70%, 0, 0, 2, 10.77, 13, 38, 0
1768674833, 0, 0, 69, 69, 2, 0.70%, 0, 0, 2, 10.31, 13, 38, 0
1768674844, 0, 0, 71, 71, 2, 0.71%, 0, 0, 2, 11.05, 13, 38, 0
1768674849, 0, 0, 72, 72, 2, 0.71%, 0, 0, 2, 9.37, 13, 40, 0
1768674875, 0, 0, 74, 74, 2, 0.71%, 0, 0, 2, 9.59, 13, 41, 0
1768674885, 0, 0, 75, 75, 2, 0.71%, 0, 0, 2, 9.38, 13, 41, 0
1768674890, 0, 0, 76, 76, 2, 0.71%, 0, 0, 2, 9.37, 13, 41, 0
1768674895, 0, 0, 77, 77, 2, 0.71%, 0, 0, 2, 9.36, 13, 41, 0
1768674905, 0, 0, 78, 78, 2, 0.71%, 0, 0, 2, 9.86, 13, 41, 0
1768674910, 0, 0, 79, 79, 2, 0.71%, 0, 0, 2, 9.94, 13, 42, 0
1768674936, 0, 0, 81, 81, 2, 0.72%, 0, 0, 2, 9.55, 13, 42, 0
1768674941, 0, 51, 82, 81, 0, 0.72%, 0, 0, 3, 26.98, 13, 42, 0
1768674951, 0, 80, 83, 81, 0, 0.72%, 0, 0, 3, 6.40, 13, 42, 0
1768674956, 0, 80, 84, 82, 0, 0.72%, 0, 0, 3, 6.84, 13, 42, 0
1768674961, 0, 80, 85, 83, 0, 0.72%, 0, 0, 3, 7.32, 13, 42, 0
1768674982, 0, 80, 86, 84, 0, 0.73%, 0, 0, 3, 7.97, 13, 42, 0
1768674987, 0, 80, 87, 85, 0, 0.73%, 0, 0, 3, 7.35, 13, 42, 0
1768674992, 0, 80, 88, 86, 0, 0.73%, 0, 0, 3, 7.65, 14, 43, 0
1768675008, 0, 80, 89, 87, 0, 0.73%, 0, 0, 3, 8.74, 14, 43, 0
1768675023, 1, 0, 92, 89, 2, 0.74%, 0, 0, 3, 11.49, 15, 53, 0
1768675028, 1, 0, 95, 92, 2, 0.74%, 0, 0, 3, 10.45, 15, 55, 0
1768675033, 1, 0, 98, 95, 2, 0.75%, 0, 0, 3, 9.94, 15, 58, 0
1768675038, 1, 0, 102, 99, 2, 0.75%, 0, 0, 3, 10.63, 15, 59, 0
1768675043, 1, 0, 104, 101, 2, 0.75%, 0, 0, 3, 10.60, 15, 59, 0
1768675048, 1, 0, 105, 102, 2, 0.75%, 0, 0, 3, 10.62, 15, 59, 0
1768675054, 1, 0, 108, 105, 2, 0.76%, 0, 0, 3, 10.41, 16, 61, 0
1768675059, 1, 0, 110, 107, 2, 0.77%, 0, 0, 3, 12.14, 16, 61, 0
1768675064, 1, 0, 112, 109, 2, 0.78%, 0, 0, 3, 9.90, 17, 64, 0
1768675069, 1, 0, 113, 110, 2, 0.78%, 0, 0, 3, 9.36, 17, 68, 0
1768675074, 1, 0, 116, 113, 2, 0.81%, 0, 0, 3, 8.91, 18, 77, 0
1768675079, 1, 0, 117, 114, 2, 0.81%, 0, 0, 3, 9.11, 18, 77, 0
1768675084, 1, 0, 119, 116, 2, 0.82%, 0, 0, 3, 9.83, 18, 77, 0
1768675089, 1, 0, 120, 117, 2, 0.82%, 0, 0, 3, 9.70, 18, 77, 0
1768675105, 1, 0, 121, 118, 2, 0.82%, 0, 0, 3, 8.74, 18, 77, 0
1768675110, 1, 0, 123, 120, 2, 0.83%, 0, 0, 3, 8.11, 18, 81, 0
1768675115, 1, 0, 125, 122, 2, 0.83%, 0, 0, 3, 9.52, 18, 82, 0
1768675131, 1, 0, 126, 123, 2, 0.83%, 0, 0, 3, 8.67, 18, 82, 0
1768675136, 1, 0, 128, 125, 2, 0.83%, 0, 0, 3, 9.35, 19, 84, 0
1768675141, 1, 0, 129, 126, 2, 0.83%, 0, 0, 3, 11.21, 19, 84, 0
1768675146, 1, 0, 131, 128, 2, 0.83%, 0, 0, 3, 9.23, 19, 86, 0
1768675151, 1, 0, 132, 129, 2, 0.83%, 0, 0, 3, 9.84, 19, 86, 0
1768675156, 1, 0, 133, 130, 2, 0.83%, 0, 0, 3, 8.17, 19, 86, 0
1768675161, 1, 0, 135, 132, 2, 0.84%, 0, 0, 3, 8.07, 20, 91, 0
1768675177, 1, 0, 136, 133, 2, 0.84%, 0, 0, 3, 8.72, 20, 93, 0
1768675187, 1, 0, 137, 134, 2, 0.84%, 0, 0, 3, 10.19, 20, 93, 0
1768675192, 1, 0, 138, 135, 2, 0.84%, 0, 0, 3, 10.39, 20, 93, 0
1768675197, 1, 0, 138, 135, 1, 0.84%, 0, 0, 3, 11.46, 20, 93, 0
1768675223, 1, 0, 139, 136, 1, 0.84%, 0, 0, 3, 11.31, 20, 94, 0
1768675228, 1, 0, 140, 137, 1, 0.85%, 0, 0, 3, 10.07, 20, 95, 0
1768675238, 1, 0, 141, 138, 1, 0.85%, 0, 0, 3, 9.08, 20, 95, 0
1768675244, 1, 0, 142, 139, 1, 0.85%, 0, 0, 3, 8.71, 20, 96, 0
1768675249, 1, 0, 143, 140, 1, 0.85%, 0, 0, 3, 9.10, 20, 96, 0
1768675274, 1, 0, 144, 141, 1, 0.85%, 0, 0, 3, 9.14, 20, 98, 0
1768675284, 1, 0, 145, 142, 1, 0.85%, 0, 0, 3, 9.09, 20, 98, 0
1768675315, 1, 0, 146, 143, 1, 0.85%, 0, 0, 3, 8.17, 20, 98, 0
1768675325, 1, 1, 147, 144, 1, 0.85%, 0, 0, 3, 8.83, 20, 98, 0
1768675330, 1, 1, 148, 145, 1, 0.86%, 0, 0, 3, 7.32, 20, 98, 0
1768675336, 1, 1, 149, 146, 1, 0.86%, 0, 0, 3, 7.05, 20, 98, 0
1768675341, 1, 1, 150, 147, 1, 0.86%, 0, 0, 3, 7.54, 20, 98, 0
1768675346, 1, 1, 151, 148, 1, 0.86%, 0, 0, 3, 7.18, 20, 98, 0
1768675351, 1, 1, 153, 150, 1, 0.86%, 0, 0, 3, 6.45, 20, 98, 0
1768675356, 1, 1, 154, 151, 1, 0.86%, 0, 0, 3, 7.03, 20, 99, 0
1768675361, 1, 1, 156, 153, 1, 0.86%, 0, 0, 3, 7.28, 20, 101, 0
1768675371, 1, 1, 157, 154, 1, 0.86%, 0, 0, 3, 7.52, 20, 101, 0
1768675376, 1, 1, 158, 155, 1, 0.86%, 0, 0, 3, 7.54, 20, 102, 0
1768675382, 1, 1, 159, 156, 1, 0.86%, 0, 0, 3, 6.96, 20, 104, 0
1768675387, 1, 1, 160, 157, 1, 0.86%, 0, 0, 3, 7.33, 20, 106, 0
1768675392, 1, 1, 161, 158, 1, 0.86%, 0, 0, 3, 6.97, 20, 106, 0
1768675407, 1, 1, 162, 159, 1, 0.86%, 0, 0, 3, 7.55, 20, 106, 0
1768675417, 1, 1, 163, 160, 1, 0.87%, 0, 0, 3, 7.34, 20, 106, 0
1768675422, 1, 1, 164, 161, 1, 0.88%, 0, 0, 3, 8.77, 20, 106, 0
1768675427, 1, 1, 166, 163, 1, 0.88%, 0, 0, 3, 8.33, 20, 107, 0
1768675432, 1, 1, 168, 165, 1, 0.88%, 0, 0, 3, 7.98, 20, 107, 0
1768675438, 1, 1, 170, 167, 1, 0.88%, 0, 0, 3, 7.86, 20, 107, 0
1768675453, 1, 1, 171, 168, 1, 0.88%, 0, 0, 3, 8.33, 20, 109, 0
1768675468, 1, 1, 172, 169, 1, 0.88%, 0, 0, 3, 8.87, 20, 109, 0
1768675483, 1, 1, 173, 170, 1, 0.88%, 0, 0, 3, 8.72, 20, 109, 0
1768675488, 1, 1, 174, 171, 1, 0.88%, 0, 0, 3, 8.10, 20, 109, 0
1768675493, 1, 1, 175, 172, 1, 0.88%, 0, 0, 3, 8.65, 20, 110, 0
1768675519, 1, 51, 175, 171, 0, 0.88%, 0, 0, 3, 49.81, 20, 110, 0
1768675524, 1, 59, 176, 172, 0, 0.88%, 0, 0, 3, 35.51, 20, 110, 0
1768675529, 1, 59, 177, 173, 0, 0.88%, 0, 0, 3, 18.83, 20, 112, 0
1768675540, 1, 59, 178, 174, 0, 0.88%, 0, 0, 3, 8.98, 20, 113, 0
1768675550, 1, 59, 180, 176, 0, 0.88%, 0, 0, 3, 8.66, 20, 113, 0
1768675565, 1, 59, 181, 177, 0, 0.88%, 0, 0, 3, 9.92, 20, 113, 0
1768675570, 2, 6, 182, 177, 0, 0.89%, 0, 0, 3, 18.09, 20, 113, 0
1768675580, 2, 6, 183, 178, 0, 0.89%, 0, 0, 3, 14.27, 20, 113, 0
1768675585, 2, 6, 184, 179, 0, 0.89%, 0, 0, 3, 18.87, 20, 113, 0
1768675590, 2, 7, 185, 179, 0, 0.89%, 0, 0, 3, 20.24, 20, 113, 0
1768675611, 2, 70, 185, 178, 0, 0.89%, 0, 0, 3, 13.87, 20, 113, 0
1768675627, 2, 87, 185, 177, 4294967295, 0.89%, 0, 0, 3, 13.44, 20, 113, 1
1768675632, 2, 87, 187, 179, 4294967295, 0.89%, 0, 0, 4, 9.38, 20, 113, 1
1768675668, 2, 123, 187, 178, 0, 0.89%, 0, 0, 4, 10.34, 20, 113, 1
1768675673, 2, 123, 189, 180, 0, 0.89%, 0, 0, 4, 8.73, 20, 114, 1
1768675678, 2, 123, 190, 181, 0, 0.89%, 0, 0, 4, 8.20, 20, 114, 1
1768675698, 2, 123, 191, 182, 0, 0.89%, 0, 0, 4, 7.86, 20, 115, 1
1768675709, 2, 123, 192, 183, 0, 0.89%, 0, 0, 4, 7.62, 20, 115, 1
1768675719, 2, 164, 192, 182, 0, 0.89%, 0, 0, 4, 9.38, 20, 115, 1
1768675734, 2, 164, 193, 183, 0, 0.89%, 0, 0, 4, 5.68, 20, 115, 1
1768675744, 2, 164, 194, 184, 0, 0.89%, 0, 0, 4, 5.45, 20, 115, 1
1768675760, 2, 164, 195, 185, 0, 0.89%, 0, 0, 4, 6.16, 20, 115, 1
1768675775, 2, 164, 196, 186, 0, 0.89%, 0, 0, 4, 5.61, 20, 115, 1
1768675780, 2, 164, 197, 187, 0, 0.89%, 0, 0, 4, 5.59, 20, 115, 1
1768675791, 3, 110, 197, 186, 0, 0.89%, 0, 0, 4, 5.82, 20, 115, 1
1768675801, 3, 110, 198, 187, 0, 0.89%, 0, 0, 4, 8.13, 20, 115, 1
1768675827, 3, 113, 198, 186, 0, 0.89%, 0, 0, 4, 10.66, 20, 115, 1
1768675832, 3, 113, 199, 187, 0, 0.89%, 0, 0, 4, 10.10, 20, 116, 1
1768675842, 3, 113, 200, 188, 0, 0.89%, 0, 0, 4, 9.95, 20, 116, 1
1768675848, 3, 113, 201, 189, 0, 0.89%, 0, 0, 4, 10.23, 20, 116, 1
1768675863, 3, 113, 202, 190, 0, 0.89%, 0, 0, 4, 9.60, 20, 119, 1
1768675868, 3, 127, 202, 189, 0, 0.89%, 0, 0, 4, 9.74, 20, 119, 1
1768675879, 3, 127, 203, 190, 0, 0.89%, 0, 0, 4, 7.33, 20, 120, 1
1768675884, 3, 127, 204, 191, 0, 0.89%, 0, 0, 4, 6.63, 20, 121, 1
1768675889, 3, 127, 205, 192, 0, 0.89%, 0, 0, 4, 6.35, 20, 121, 1
1768675920, 3, 127, 206, 193, 0, 0.89%, 0, 0, 4, 7.44, 20, 121, 1
1768675925, 3, 127, 207, 194, 0, 0.89%, 0, 0, 4, 6.32, 20, 122, 1
1768675935, 3, 134, 207, 193, 0, 0.89%, 0, 0, 4, 8.61, 20, 122, 1
1768675940, 3, 134, 208, 194, 0, 0.90%, 0, 0, 4, 8.72, 20, 124, 1
1768675976, 4, 2, 208, 193, 0, 0.90%, 0, 0, 4, 10.09, 20, 124, 1
1768675981, 4, 2, 210, 195, 0, 0.90%, 0, 0, 4, 12.13, 20, 124, 1
1768676002, 4, 81, 210, 194, 0, 0.90%, 0, 0, 4, 13.74, 20, 124, 1
1768676007, 5, 27, 210, 193, 0, 0.90%, 0, 0, 4, 19.41, 20, 124, 1
1768676017, 5, 27, 211, 194, 0, 0.90%, 0, 0, 4, 13.39, 20, 124, 1
1768676028, 6, 1, 211, 193, 5, 0.90%, 0, 0, 4, 13.76, 20, 124, 1
1768676058, 6, 1, 213, 195, 5, 0.90%, 0, 0, 4, 10.56, 20, 124, 1
1768676064, 6, 1, 214, 196, 5, 0.90%, 0, 0, 4, 10.68, 20, 125, 1
1768676090, 6, 140, 214, 196, 0, 0.90%, 0, 0, 4, 10.94, 20, 125, 1
1768676105, 6, 140, 215, 197, 0, 0.90%, 0, 0, 4, 7.83, 20, 125, 1
1768676111, 6, 140, 216, 198, 0, 0.90%, 0, 0, 4, 6.66, 20, 125, 1
1768676131, 7, 107, 216, 197, 0, 0.90%, 0, 0, 4, 7.59, 20, 125, 1
1768676178, 7, 174, 216, 196, 0, 0.90%, 0, 0, 4, 6.51, 20, 125, 1
1768676193, 7, 174, 217, 197, 0, 0.90%, 0, 0, 4, 6.08, 20, 125, 1
1768676198, 7, 174, 218, 198, 0, 0.90%, 0, 0, 4, 5.26, 20, 125, 1
1768676214, 7, 174, 219, 199, 0, 0.90%, 0, 0, 4, 5.22, 20, 126, 1
1768676219, 7, 174, 220, 200, 0, 0.90%, 0, 0, 4, 5.23, 20, 127, 1
1768676229, 7, 174, 221, 201, 0, 0.90%, 0, 0, 4, 5.18, 20, 127, 1
1768676239, 7, 174, 223, 203, 0, 0.90%, 0, 0, 4, 5.29, 20, 129, 1
1768676249, 7, 174, 224, 204, 0, 0.90%, 0, 0, 4, 4.77, 20, 129, 1
1768676259, 7, 174, 225, 205, 0, 0.90%, 0, 0, 4, 5.40, 20, 129, 1
1768676295, 7, 174, 226, 206, 0, 0.90%, 0, 0, 4, 6.07, 20, 129, 1
1768676310, 8, 151, 226, 205, 7, 0.90%, 0, 0, 4, 6.16, 20, 129, 1
1768676326, 8, 151, 227, 206, 7, 0.90%, 0, 0, 4, 6.13, 20, 129, 1
1768676341, 9, 112, 227, 205, 6, 0.90%, 0, 0, 4, 8.75, 20, 129, 1
1768676367, 9, 118, 227, 204, 5, 0.90%, 0, 0, 4, 14.77, 20, 129, 1
1768676372, 9, 118, 228, 205, 5, 0.90%, 0, 0, 4, 11.74, 20, 129, 1
1768676393, 9, 118, 229, 206, 5, 0.90%, 0, 0, 4, 9.65, 20, 129, 1
1768676398, 10, 79, 229, 205, 1, 0.90%, 0, 0, 4, 9.78, 20, 129, 1
1768676403, 10, 79, 230, 206, 1, 0.90%, 0, 0, 4, 8.22, 20, 129, 1
1768676424, 10, 79, 232, 208, 1, 0.90%, 0, 0, 4, 8.42, 20, 129, 1
1768676439, 11, 11, 232, 207, 0, 0.90%, 0, 0, 4, 11.57, 20, 129, 1
1768676460, 11, 70, 232, 206, 0, 0.90%, 0, 0, 4, 12.58, 20, 129, 1
1768676480, 11, 185, 232, 206, 0, 0.90%, 0, 0, 4, 11.78, 20, 129, 1
1768676485, 11, 185, 233, 207, 0, 0.90%, 0, 0, 5, 9.08, 20, 129, 1
1768676501, 11, 185, 234, 208, 0, 0.90%, 0, 0, 5, 8.59, 20, 129, 1
1768676537, 11, 185, 235, 209, 0, 0.90%, 0, 0, 5, 8.10, 20, 129, 1
1768676563, 11, 191, 235, 208, 0, 0.90%, 0, 0, 5, 8.50, 20, 129, 1
1768676583, 11, 191, 236, 209, 0, 0.90%, 0, 0, 5, 5.33, 20, 129, 1
1768676604, 11, 191, 237, 210, 0, 0.90%, 0, 0, 5, 5.67, 20, 129, 1
1768676614, 11, 192, 237, 209, 2, 0.90%, 0, 0, 5, 5.44, 20, 129, 1
1768676624, 11, 192, 238, 210, 2, 0.90%, 0, 0, 5, 4.60, 20, 129, 1
1768676630, 11, 192, 239, 211, 2, 0.90%, 0, 0, 5, 4.32, 20, 129, 1
1768676635, 11, 192, 240, 212, 2, 0.90%, 0, 0, 5, 4.10, 20, 129, 1
1768676666, 11, 192, 241, 213, 2, 0.90%, 0, 0, 5, 3.87, 20, 130, 1
1768676671, 11, 192, 242, 214, 2, 0.90%, 0, 0, 5, 3.72, 20, 130, 1
1768676676, 11, 192, 243, 215, 2, 0.90%, 0, 0, 5, 3.73, 20, 130, 1
1768676686, 11, 192, 244, 216, 2, 0.90%, 0, 0, 5, 3.77, 20, 130, 1
1768676701, 11, 192, 245, 217, 2, 0.90%, 0, 0, 5, 3.67, 20, 130, 1
1768676712, 11, 192, 246, 218, 2, 0.90%, 0, 0, 5, 3.70, 20, 130, 1
1768676722, 11, 192, 247, 219, 2, 0.93%, 0, 0, 5, 3.70, 20, 130, 1
1768676737, 11, 192, 248, 220, 2, 0.93%, 0, 0, 5, 3.76, 20, 130, 1
1768676747, 11, 192, 249, 221, 2, 0.93%, 0, 0, 5, 3.78, 20, 130, 1
1768676789, 11, 192, 250, 222, 2, 0.94%, 0, 0, 5, 4.38, 20, 130, 1
1768676794, 11, 192, 251, 223, 2, 0.94%, 0, 0, 5, 4.01, 20, 131, 1
1768676804, 11, 192, 252, 224, 2, 0.94%, 0, 0, 5, 4.09, 20, 132, 1
1768676820, 11, 192, 253, 225, 2, 0.94%, 0, 0, 5, 4.07, 20, 132, 1
1768676841, 11, 192, 254, 226, 2, 0.94%, 0, 0, 5, 4.23, 20, 132, 1
1768676861, 12, 110, 254, 225, 1, 0.94%, 0, 0, 5, 7.59, 20, 132, 1
1768676892, 12, 198, 254, 225, 1, 0.94%, 0, 0, 5, 9.17, 20, 132, 1
1768676897, 12, 198, 255, 226, 1, 0.94%, 0, 0, 5, 8.65, 20, 132, 1
1768676902, 12, 198, 256, 227, 1, 0.94%, 0, 0, 5, 8.05, 20, 132, 1
1768676923, 12, 198, 257, 228, 1, 0.94%, 0, 0, 5, 9.78, 20, 133, 1
1768676933, 12, 205, 257, 227, 1, 0.94%, 0, 0, 5, 9.48, 20, 133, 1
1768676949, 12, 205, 258, 228, 1, 0.94%, 0, 0, 5, 5.13, 20, 133, 1
1768676990, 13, 134, 258, 227, 0, 0.94%, 0, 0, 5, 8.24, 20, 133, 1
1768677010, 13, 134, 259, 228, 0, 0.94%, 0, 0, 5, 7.97, 20, 133, 1
1768677026, 14, 181, 260, 228, 5, 0.94%, 0, 0, 5, 23.28, 20, 133, 1
1768677036, 14, 181, 261, 229, 5, 0.94%, 0, 0, 5, 23.11, 20, 133, 1
1768677051, 15, 87, 261, 228, 1, 0.94%, 0, 0, 5, 15.46, 20, 133, 1
1768677087, 15, 112, 261, 228, 1, 0.94%, 0, 0, 5, 10.96, 20, 133, 2
1768677103, 16, 57, 261, 228, 1, 0.94%, 0, 0, 5, 9.68, 20, 133, 2
1768677134, 16, 152, 261, 227, 1, 0.94%, 0, 0, 5, 10.18, 20, 133, 2
1768677170, 17, 115, 261, 226, 0, 0.94%, 0, 0, 5, 8.15, 20, 133, 3
1768677180, 17, 115, 262, 227, 0, 0.94%, 0, 0, 5, 6.32, 20, 133, 3
1768677190, 17, 115, 263, 228, 0, 0.94%, 0, 0, 5, 6.57, 20, 133, 3
1768677216, 17, 249, 263, 227, 1, 0.94%, 0, 0, 5, 6.41, 20, 133, 3
1768677252, 17, 249, 264, 228, 1, 0.94%, 0, 0, 5, 6.20, 20, 134, 3
1768677283, 17, 249, 265, 229, 1, 0.94%, 0, 0, 5, 5.86, 20, 135, 3
1768677288, 17, 249, 266, 230, 1, 0.94%, 0, 0, 5, 4.80, 20, 136, 3
1768677314, 17, 249, 267, 231, 1, 0.94%, 0, 0, 5, 4.81, 20, 137, 3
1768677324, 18, 152, 267, 230, 4, 0.94%, 0, 0, 5, 5.17, 20, 137, 3
1768677355, 18, 176, 267, 230, 4, 0.94%, 0, 0, 5, 6.71, 20, 137, 3
1768677391, 19, 173, 267, 229, 3, 0.94%, 0, 0, 5, 9.07, 20, 137, 4
1768677402, 19, 173, 269, 231, 3, 0.96%, 0, 0, 5, 5.70, 20, 137, 4
1768677443, 19, 173, 270, 232, 3, 0.96%, 0, 0, 5, 5.23, 20, 137, 4
1768677459, 20, 71, 270, 231, 0, 0.96%, 0, 0, 5, 8.18, 20, 137, 4
1768677469, 20, 71, 272, 233, 0, 0.96%, 0, 0, 5, 11.01, 20, 137, 4
1768677490, 21, 70, 272, 232, 0, 0.96%, 0, 0, 5, 12.39, 20, 137, 4
1768677510, 21, 232, 272, 232, 0, 0.96%, 0, 0, 5, 10.30, 20, 137, 4
1768677577, 22, 187, 272, 231, 0, 0.96%, 0, 0, 5, 9.72, 20, 137, 5
1768677613, 22, 187, 273, 232, 0, 0.96%, 0, 0, 5, 6.54, 20, 139, 5
1768677628, 22, 193, 273, 231, 0, 0.96%, 0, 0, 5, 5.55, 20, 139, 5
1768677674, 22, 193, 275, 233, 0, 0.96%, 0, 0, 5, 3.80, 20, 139, 5
1768677690, 22, 197, 275, 232, 1, 0.96%, 0, 0, 5, 4.40, 20, 139, 5
1768677731, 22, 199, 275, 231, 0, 0.96%, 0, 0, 5, 7.27, 20, 139, 5
1768677762, 22, 252, 275, 230, 0, 0.96%, 0, 0, 5, 6.94, 20, 139, 6
1768677793, 22, 252, 276, 231, 0, 0.96%, 0, 0, 5, 3.34, 20, 140, 6
1768677840, 22, 252, 277, 232, 0, 0.97%, 0, 0, 5, 3.26, 20, 141, 6
1768677866, 22, 252, 278, 233, 0, 0.97%, 0, 0, 5, 3.14, 20, 143, 6
1768677886, 23, 158, 278, 232, 1, 0.97%, 0, 0, 5, 5.71, 20, 143, 6
1768677932, 24, 22, 278, 231, 1, 0.97%, 0, 0, 5, 34.44, 20, 143, 6
1768677953, 24, 260, 278, 230, 1, 0.97%, 0, 0, 5, 13.76, 20, 143, 7
1768677989, 24, 260, 279, 231, 1, 0.97%, 0, 0, 5, 7.81, 20, 144, 7
1768678015, 25, 176, 279, 230, 1, 0.97%, 0, 0, 5, 8.60, 20, 144, 7
1768678020, 25, 176, 280, 231, 1, 0.97%, 0, 0, 5, 5.83, 20, 144, 7
1768678040, 25, 176, 281, 232, 1, 0.97%, 0, 0, 5, 5.40, 20, 144, 7
1768678061, 26, 129, 281, 232, 1, 0.97%, 0, 0, 5, 12.04, 20, 144, 7
1768678077, 26, 129, 282, 233, 1, 0.97%, 0, 0, 5, 7.05, 20, 144, 7
1768678102, 27, 79, 282, 232, 0, 0.97%, 0, 0, 5, 6.44, 20, 144, 7
1768678138, 27, 79, 283, 233, 0, 0.97%, 0, 0, 5, 6.25, 20, 144, 7
1768678148, 27, 155, 283, 233, 0, 0.97%, 0, 0, 5, 8.51, 20, 144, 7
1768678179, 27, 155, 284, 234, 0, 0.97%, 0, 0, 5, 5.93, 20, 145, 7
1768678190, 27, 262, 284, 233, 1, 0.97%, 0, 0, 5, 5.95, 20, 145, 7
1768678221, 27, 262, 285, 234, 1, 0.97%, 0, 0, 5, 5.05, 20, 145, 7
