# unix_time, cycles_done, cur_path, paths_total, pending_total, pending_favs, map_size, unique_crashes, unique_hangs, max_depth, execs_per_sec, n_nodes, n_edges, chat_times
1768521734, 0, 0, 4, 4, 4, 0.99%, 0, 0, 1, 8.32, 13, 20, 0
1768521739, 0, 0, 7, 7, 4, 1.00%, 0, 0, 2, 8.15, 14, 27, 0
1768521760, 0, 0, 10, 10, 4, 1.00%, 0, 0, 2, 9.08, 14, 28, 0
1768521765, 0, 0, 13, 13, 4, 1.02%, 0, 0, 2, 9.46, 15, 31, 0
1768521770, 0, 0, 16, 16, 4, 1.02%, 0, 0, 2, 15.98, 15, 32, 0
1768521785, 0, 0, 17, 17, 4, 1.02%, 0, 0, 2, 14.90, 15, 32, 0
1768521792, 0, 0, 17, 17, 4, 1.02%, 0, 1, 2, 0.39, 15, 32, 0
1768521799, 0, 0, 17, 17, 4, 1.02%, 0, 2, 2, 0.39, 15, 32, 0
1768521830, 0, 0, 18, 18, 4, 1.02%, 0, 2, 2, 8.20, 15, 32, 0
1768521836, 0, 0, 19, 19, 4, 1.02%, 0, 2, 2, 8.49, 15, 32, 0
1768521856, 0, 0, 20, 20, 4, 1.02%, 0, 2, 2, 8.52, 15, 32, 0
1768521868, 0, 0, 21, 21, 4, 1.02%, 0, 2, 2, 8.62, 15, 32, 0
