# unix_time, cycles_done, cur_path, paths_total, pending_total, pending_favs, map_size, unique_crashes, unique_hangs, max_depth, execs_per_sec, n_nodes, n_edges, chat_times
1768732959, 0, 0, 3, 3, 2, 0.58%, 0, 0, 2, 11.36, 12, 16, 0
1768732964, 0, 0, 9, 9, 2, 0.59%, 0, 0, 2, 12.50, 13, 21, 0
1768732969, 0, 0, 11, 11, 2, 0.59%, 0, 0, 2, 13.09, 13, 23, 0
1768732974, 0, 0, 14, 14, 2, 0.59%, 0, 0, 2, 13.38, 13, 23, 0
1768732979, 0, 0, 15, 15, 2, 0.60%, 0, 0, 2, 13.00, 13, 23, 0
1768732984, 0, 0, 17, 17, 2, 0.61%, 0, 0, 2, 12.21, 13, 23, 0
1768732989, 0, 0, 18, 18, 2, 0.61%, 0, 0, 2, 13.62, 13, 24, 0
1768732994, 0, 0, 20, 20, 2, 0.62%, 0, 0, 2, 13.07, 13, 24, 0
1768733000, 0, 0, 21, 21, 2, 0.63%, 0, 0, 2, 12.78, 13, 24, 0
1768733005, 0, 0, 23, 23, 2, 0.63%, 0, 0, 2, 11.73, 13, 25, 0
1768733020, 0, 0, 24, 24, 2, 0.63%, 0, 0, 2, 11.64, 13, 28, 0
1768733025, 0, 0, 25, 25, 2, 0.64%, 0, 0, 2, 12.80, 13, 28, 0
1768733030, 0, 0, 26, 26, 2, 0.64%, 0, 0, 2, 14.79, 13, 28, 0
1768733041, 0, 0, 28, 28, 2, 0.64%, 0, 0, 2, 14.49, 13, 31, 0
1768733046, 0, 0, 29, 29, 2, 0.64%, 0, 0, 2, 12.83, 13, 31, 0
1768733051, 0, 0, 34, 34, 2, 0.64%, 0, 0, 2, 13.08, 13, 33, 0
1768733056, 0, 0, 37, 37, 2, 0.64%, 0, 0, 2, 11.29, 13, 36, 0
1768733061, 0, 0, 39, 39, 2, 0.64%, 0, 0, 2, 10.72, 13, 36, 0
1768733066, 0, 0, 41, 41, 2, 0.65%, 0, 0, 2, 11.66, 13, 36, 0
1768733072, 0, 0, 43, 43, 2, 0.67%, 0, 0, 2, 11.35, 13, 36, 0
1768733077, 0, 0, 44, 44, 2, 0.67%, 0, 0, 2, 14.27, 13, 36, 0
1768733087, 0, 0, 45, 45, 2, 0.67%, 0, 0, 2, 12.48, 13, 36, 0
1768733108, 0, 0, 47, 47, 2, 0.67%, 0, 0, 2, 9.69, 13, 37, 0
1768733113, 0, 0, 48, 48, 2, 0.68%, 0, 0, 2, 9.14, 13, 37, 0
1768733118, 0, 0, 50, 50, 2, 0.69%, 0, 0, 2, 9.61, 13, 37, 0
1768733123, 0, 0, 51, 51, 2, 0.69%, 0, 0, 2, 9.45, 13, 37, 0
1768733139, 0, 0, 53, 53, 2, 0.69%, 0, 0, 2, 9.21, 13, 39, 0
1768733149, 0, 0, 55, 55, 2, 0.69%, 0, 0, 2, 9.25, 13, 39, 0
1768733159, 0, 0, 56, 56, 2, 0.69%, 0, 0, 2, 8.91, 13, 39, 0
1768733165, 0, 0, 57, 57, 2, 0.69%, 0, 0, 2, 9.14, 13, 39, 0
1768733170, 0, 0, 58, 58, 2, 0.69%, 0, 0, 2, 9.38, 13, 39, 0
1768733180, 0, 0, 60, 60, 2, 0.69%, 0, 0, 2, 10.58, 13, 40, 0
1768733185, 0, 0, 61, 61, 2, 0.69%, 0, 0, 2, 8.92, 13, 40, 0
1768733206, 0, 0, 62, 62, 2, 0.69%, 0, 0, 2, 8.94, 13, 40, 0
1768733211, 0, 0, 65, 65, 2, 0.69%, 0, 0, 2, 7.91, 13, 40, 0
1768733237, 0, 0, 66, 66, 2, 0.70%, 0, 0, 2, 7.98, 13, 40, 0
1768733242, 0, 0, 67, 67, 2, 0.70%, 0, 0, 2, 8.36, 13, 40, 0
1768733257, 0, 0, 68, 68, 2, 0.70%, 0, 0, 2, 8.89, 13, 40, 0
1768733268, 0, 0, 69, 69, 2, 0.70%, 0, 0, 2, 8.63, 13, 40, 0
1768733273, 0, 0, 70, 70, 2, 0.70%, 0, 0, 2, 8.49, 13, 40, 0
1768733278, 0, 44, 71, 70, 0, 0.70%, 0, 0, 3, 10.37, 13, 40, 0
1768733283, 0, 44, 72, 71, 0, 0.70%, 0, 0, 3, 13.21, 13, 40, 0
1768733293, 0, 44, 74, 73, 0, 0.70%, 0, 0, 3, 9.80, 14, 41, 0
1768733298, 0, 44, 75, 74, 0, 0.70%, 0, 0, 3, 8.43, 14, 41, 0
1768733314, 0, 44, 76, 75, 0, 0.70%, 0, 0, 3, 9.42, 14, 43, 0
1768733329, 0, 44, 77, 76, 0, 0.70%, 0, 0, 3, 11.80, 14, 43, 0
1768733334, 1, 0, 78, 76, 2, 0.70%, 0, 0, 3, 14.47, 14, 43, 0
1768733339, 1, 0, 80, 78, 2, 0.70%, 0, 0, 3, 11.71, 14, 46, 0
1768733345, 1, 0, 82, 80, 2, 0.70%, 0, 0, 3, 8.98, 14, 49, 0
1768733350, 1, 0, 84, 82, 2, 0.70%, 0, 0, 3, 8.98, 14, 49, 0
1768733355, 1, 0, 85, 83, 2, 0.71%, 0, 0, 3, 12.60, 14, 49, 0
1768733360, 1, 0, 87, 85, 2, 0.72%, 0, 0, 3, 10.52, 14, 49, 0
1768733365, 1, 0, 89, 87, 2, 0.72%, 0, 0, 3, 8.06, 14, 49, 0
1768733370, 1, 0, 90, 88, 2, 0.72%, 0, 0, 3, 8.27, 14, 50, 0
1768733376, 1, 0, 91, 89, 2, 0.72%, 0, 0, 3, 8.85, 14, 50, 0
1768733381, 1, 0, 93, 91, 2, 0.72%, 0, 0, 3, 8.42, 14, 51, 0
1768733386, 1, 0, 94, 92, 2, 0.72%, 0, 0, 3, 9.65, 14, 51, 0
1768733396, 1, 0, 95, 93, 2, 0.73%, 0, 0, 3, 9.70, 15, 53, 0
1768733401, 1, 0, 97, 95, 2, 0.73%, 0, 0, 3, 10.07, 15, 55, 0
1768733406, 1, 0, 98, 96, 2, 0.73%, 0, 0, 3, 11.93, 15, 55, 0
1768733411, 1, 0, 100, 98, 2, 0.73%, 0, 0, 3, 11.46, 15, 58, 0
1768733417, 1, 0, 101, 99, 2, 0.73%, 0, 0, 3, 12.20, 15, 59, 0
1768733422, 1, 0, 104, 102, 2, 0.74%, 0, 0, 3, 12.42, 15, 60, 0
1768733427, 1, 0, 105, 103, 2, 0.74%, 0, 0, 3, 11.58, 15, 60, 0
1768733432, 1, 0, 108, 106, 2, 0.76%, 0, 0, 3, 9.51, 16, 64, 0
1768733447, 1, 0, 110, 108, 2, 0.77%, 0, 0, 3, 7.35, 16, 65, 0
1768733453, 1, 0, 111, 109, 2, 0.77%, 0, 0, 3, 8.37, 16, 67, 0
1768733473, 1, 0, 112, 110, 2, 0.77%, 0, 0, 3, 7.80, 16, 69, 0
1768733483, 1, 0, 113, 111, 2, 0.77%, 0, 0, 3, 8.44, 16, 69, 0
1768733488, 1, 0, 114, 112, 1, 0.78%, 0, 0, 3, 9.04, 16, 71, 0
1768733493, 1, 0, 115, 113, 1, 0.78%, 0, 0, 3, 12.03, 16, 72, 0
1768733499, 1, 0, 117, 115, 1, 0.79%, 0, 0, 3, 11.92, 16, 73, 0
1768733509, 1, 0, 118, 116, 1, 0.79%, 0, 0, 3, 9.31, 16, 74, 0
1768733514, 1, 0, 120, 118, 1, 0.79%, 0, 0, 3, 8.13, 16, 74, 0
1768733530, 1, 0, 121, 119, 1, 0.79%, 0, 0, 3, 7.83, 16, 74, 0
1768733535, 1, 0, 122, 120, 1, 0.79%, 0, 0, 3, 8.40, 16, 74, 0
1768733540, 1, 0, 124, 122, 1, 0.79%, 0, 0, 3, 7.91, 16, 74, 0
1768733550, 1, 0, 125, 123, 1, 0.80%, 0, 0, 3, 7.96, 16, 76, 0
1768733566, 1, 0, 126, 124, 1, 0.80%, 0, 0, 3, 8.70, 16, 76, 0
1768733571, 1, 0, 127, 125, 1, 0.80%, 0, 0, 3, 9.35, 16, 76, 0
1768733586, 1, 0, 128, 126, 1, 0.80%, 0, 0, 3, 8.65, 16, 78, 0
1768733591, 1, 0, 129, 127, 1, 0.80%, 0, 0, 3, 8.98, 16, 78, 0
1768733596, 1, 0, 130, 128, 1, 0.80%, 0, 0, 3, 8.87, 16, 78, 0
1768733601, 1, 0, 131, 129, 1, 0.80%, 0, 0, 3, 8.79, 16, 78, 0
1768733627, 1, 0, 132, 130, 1, 0.80%, 0, 0, 3, 8.76, 16, 79, 0
1768733647, 1, 0, 133, 131, 1, 0.80%, 0, 0, 3, 8.50, 16, 81, 0
1768733663, 1, 0, 134, 132, 1, 0.80%, 0, 0, 3, 9.98, 16, 81, 0
1768733678, 1, 0, 135, 133, 1, 0.80%, 0, 0, 3, 11.77, 16, 81, 0
1768733683, 1, 0, 136, 134, 1, 0.80%, 0, 0, 3, 8.57, 16, 81, 0
1768733703, 1, 0, 137, 135, 1, 0.80%, 0, 0, 3, 8.27, 16, 81, 0
1768733714, 1, 0, 138, 136, 1, 0.80%, 0, 0, 3, 7.93, 16, 81, 0
1768733735, 1, 0, 140, 138, 1, 0.80%, 0, 0, 3, 8.24, 16, 84, 0
1768733740, 1, 0, 142, 140, 1, 0.80%, 0, 0, 3, 7.53, 16, 84, 0
1768733745, 1, 0, 143, 141, 1, 0.81%, 0, 0, 3, 6.98, 16, 84, 0
1768733766, 1, 0, 145, 143, 1, 0.81%, 0, 0, 3, 7.34, 16, 85, 0
1768733776, 1, 0, 146, 144, 1, 0.81%, 0, 0, 3, 7.45, 16, 85, 0
1768733781, 1, 0, 147, 145, 1, 0.81%, 0, 0, 3, 7.31, 16, 85, 0
1768733786, 1, 0, 148, 146, 1, 0.81%, 0, 0, 3, 7.46, 16, 85, 0
1768733812, 1, 0, 150, 148, 1, 0.81%, 0, 0, 3, 7.17, 16, 85, 0
1768733822, 1, 0, 152, 150, 1, 0.81%, 0, 0, 3, 7.44, 16, 85, 0
1768733827, 1, 0, 153, 151, 1, 0.81%, 0, 0, 3, 7.46, 16, 85, 0
1768733843, 1, 0, 154, 152, 1, 0.81%, 0, 0, 3, 8.85, 16, 85, 0
1768733848, 1, 0, 156, 154, 1, 0.81%, 0, 0, 3, 7.55, 16, 85, 0
1768733874, 1, 0, 157, 155, 1, 0.81%, 0, 0, 3, 7.75, 16, 85, 0
1768733879, 1, 0, 158, 156, 1, 0.82%, 0, 0, 3, 7.32, 17, 87, 0
1768733884, 1, 0, 159, 157, 1, 0.82%, 0, 0, 3, 6.98, 17, 87, 0
1768733889, 1, 0, 160, 158, 1, 0.82%, 0, 0, 3, 7.09, 17, 88, 0
1768733905, 1, 0, 161, 159, 1, 0.82%, 0, 0, 3, 7.25, 17, 88, 0
1768733920, 1, 0, 162, 160, 1, 0.82%, 0, 0, 3, 7.14, 17, 88, 0
1768733941, 1, 0, 163, 161, 1, 0.83%, 0, 0, 3, 6.66, 18, 90, 0
1768733961, 1, 1, 163, 161, 1, 0.83%, 0, 0, 3, 8.39, 18, 90, 0
1768733966, 1, 1, 166, 164, 1, 0.83%, 0, 0, 3, 7.40, 18, 91, 0
1768733971, 1, 1, 168, 166, 1, 0.83%, 0, 0, 3, 6.68, 18, 92, 0
1768733977, 1, 1, 170, 168, 1, 0.83%, 0, 0, 3, 6.84, 18, 92, 0
1768733982, 1, 1, 171, 169, 1, 0.83%, 0, 0, 3, 6.68, 18, 94, 0
1768733987, 1, 1, 173, 171, 1, 0.83%, 0, 0, 3, 6.37, 18, 96, 0
1768733997, 1, 1, 175, 173, 1, 0.83%, 0, 0, 3, 6.50, 18, 96, 0
1768734018, 1, 1, 176, 174, 1, 0.83%, 0, 0, 3, 6.45, 18, 96, 0
1768734028, 1, 1, 177, 175, 1, 0.83%, 0, 0, 3, 6.26, 18, 96, 0
1768734039, 1, 1, 178, 176, 1, 0.83%, 0, 0, 3, 6.67, 18, 96, 0
1768734049, 1, 1, 179, 177, 1, 0.83%, 0, 0, 3, 7.25, 18, 96, 0
1768734065, 1, 1, 180, 178, 1, 0.84%, 0, 0, 3, 6.54, 18, 96, 0
1768734070, 1, 1, 182, 180, 1, 0.85%, 0, 0, 3, 7.32, 18, 96, 0
1768734080, 1, 1, 184, 182, 1, 0.87%, 0, 0, 3, 6.92, 18, 96, 0
1768734091, 1, 1, 185, 183, 1, 0.87%, 0, 0, 3, 6.86, 18, 96, 0
1768734111, 1, 1, 186, 184, 1, 0.88%, 0, 0, 3, 8.10, 18, 96, 0
1768734132, 1, 38, 187, 184, 0, 0.88%, 0, 0, 3, 8.33, 18, 96, 0
1768734137, 1, 38, 188, 185, 0, 0.88%, 0, 0, 3, 5.88, 18, 96, 0
1768734168, 1, 38, 189, 186, 0, 0.88%, 0, 0, 3, 5.40, 18, 96, 0
1768734173, 1, 38, 190, 187, 0, 0.88%, 0, 0, 3, 5.47, 18, 96, 0
1768734188, 2, 4, 192, 188, 0, 0.89%, 0, 0, 3, 14.48, 18, 96, 0
1768734193, 2, 4, 193, 189, 0, 0.89%, 0, 0, 3, 10.46, 18, 96, 0
1768734209, 2, 4, 194, 190, 0, 0.89%, 0, 0, 3, 9.83, 18, 96, 0
1768734224, 2, 35, 194, 189, 0, 0.89%, 0, 0, 3, 10.53, 18, 96, 0
1768734229, 2, 35, 195, 190, 0, 0.89%, 0, 0, 3, 8.48, 18, 96, 0
1768734250, 2, 35, 196, 191, 0, 0.89%, 0, 0, 3, 8.56, 18, 96, 0
1768734261, 2, 73, 196, 190, 0, 0.89%, 0, 0, 3, 11.86, 18, 96, 0
1768734286, 2, 127, 196, 189, 4294967295, 0.89%, 0, 0, 3, 9.50, 18, 96, 0
1768734296, 2, 127, 197, 190, 4294967295, 0.89%, 0, 0, 3, 5.71, 18, 97, 0
1768734301, 2, 127, 198, 191, 4294967295, 0.89%, 0, 0, 3, 4.94, 18, 97, 0
1768734307, 2, 127, 199, 192, 4294967295, 0.89%, 0, 0, 3, 4.96, 18, 97, 0
1768734327, 2, 127, 200, 193, 4294967295, 0.89%, 0, 0, 3, 5.97, 18, 97, 0
1768734338, 2, 127, 201, 194, 4294967295, 0.89%, 0, 0, 3, 5.78, 18, 97, 0
1768734343, 2, 127, 203, 196, 4294967295, 0.89%, 0, 0, 3, 6.23, 18, 98, 0
1768734353, 2, 127, 204, 197, 4294967295, 0.89%, 0, 0, 3, 5.48, 18, 98, 0
1768734374, 3, 157, 204, 196, 0, 0.89%, 0, 0, 3, 6.52, 18, 98, 0
1768734379, 3, 157, 205, 197, 0, 0.89%, 0, 0, 3, 6.12, 18, 98, 0
1768734405, 3, 157, 206, 198, 0, 0.89%, 0, 0, 3, 4.87, 18, 98, 0
1768734415, 3, 157, 207, 199, 0, 0.89%, 0, 0, 3, 4.63, 18, 98, 0
1768734446, 3, 162, 207, 198, 0, 0.89%, 0, 0, 3, 5.52, 18, 98, 0
1768734466, 3, 162, 208, 199, 0, 0.89%, 0, 0, 3, 4.70, 18, 98, 0
1768734502, 4, 2, 208, 198, 0, 0.89%, 0, 0, 3, 7.94, 18, 98, 0
1768734512, 4, 2, 209, 199, 0, 0.89%, 0, 0, 3, 9.84, 18, 98, 0
1768734533, 4, 74, 209, 198, 0, 0.89%, 0, 0, 3, 8.25, 18, 98, 0
1768734543, 4, 74, 210, 199, 0, 0.89%, 0, 0, 4, 6.07, 18, 98, 0
1768734559, 4, 74, 211, 200, 0, 0.89%, 0, 0, 4, 7.02, 18, 98, 0
1768734569, 4, 74, 212, 201, 0, 0.89%, 0, 0, 4, 5.66, 18, 98, 0
1768734584, 5, 1, 213, 201, 5, 0.89%, 0, 0, 4, 8.78, 18, 98, 0
1768734595, 5, 1, 214, 202, 5, 0.89%, 0, 0, 4, 8.48, 18, 99, 0
1768734605, 5, 1, 215, 203, 5, 0.89%, 0, 0, 4, 9.50, 18, 99, 0
1768734610, 5, 1, 216, 204, 5, 0.89%, 0, 0, 4, 9.27, 18, 99, 0
1768734625, 5, 1, 217, 205, 1, 0.89%, 0, 0, 4, 9.84, 18, 99, 0
1768734636, 5, 1, 218, 206, 1, 0.89%, 0, 0, 4, 8.50, 18, 99, 0
1768734641, 5, 1, 219, 207, 1, 0.89%, 0, 0, 4, 10.49, 19, 100, 0
1768734661, 5, 7, 219, 207, 0, 0.89%, 0, 0, 4, 11.50, 19, 100, 0
1768734687, 5, 109, 219, 206, 0, 0.89%, 0, 0, 4, 8.33, 19, 100, 0
1768734697, 5, 109, 220, 207, 0, 0.89%, 0, 0, 4, 6.33, 19, 100, 0
1768734718, 5, 109, 221, 208, 0, 0.89%, 0, 0, 4, 4.88, 19, 100, 0
1768734723, 5, 109, 223, 210, 0, 0.89%, 0, 0, 4, 4.69, 19, 100, 0
1768734759, 5, 109, 224, 211, 0, 0.89%, 0, 0, 4, 5.32, 19, 100, 0
1768734775, 6, 75, 224, 210, 0, 0.89%, 0, 0, 4, 8.60, 19, 100, 0
1768734785, 6, 75, 225, 211, 0, 0.89%, 0, 0, 4, 6.01, 19, 101, 0
1768734795, 6, 75, 226, 212, 0, 0.90%, 0, 0, 4, 6.66, 19, 101, 0
1768734816, 7, 1, 227, 212, 3, 0.90%, 0, 0, 4, 8.77, 19, 101, 0
1768734831, 7, 1, 228, 213, 3, 0.90%, 0, 0, 4, 7.73, 19, 103, 0
1768734852, 7, 1, 229, 214, 3, 0.90%, 0, 0, 4, 7.27, 19, 103, 0
1768734857, 7, 154, 229, 214, 8, 0.90%, 0, 0, 4, 8.31, 19, 103, 0
1768734903, 8, 90, 229, 213, 7, 0.90%, 0, 0, 4, 6.66, 19, 103, 0
1768734944, 9, 24, 229, 212, 6, 0.90%, 0, 0, 4, 10.68, 19, 103, 0
1768734971, 9, 90, 229, 211, 5, 0.90%, 0, 0, 4, 10.70, 19, 103, 0
1768734986, 9, 90, 230, 212, 5, 0.90%, 0, 0, 4, 7.52, 19, 103, 0
1768735002, 9, 90, 231, 213, 5, 0.90%, 0, 0, 4, 7.00, 19, 104, 0
1768735012, 10, 73, 231, 213, 0, 0.90%, 0, 0, 4, 11.84, 19, 104, 0
1768735033, 10, 129, 231, 213, 0, 0.90%, 0, 0, 4, 11.11, 19, 104, 0
1768735069, 10, 142, 231, 212, 0, 0.90%, 0, 0, 4, 6.50, 19, 104, 1
1768735079, 10, 142, 232, 213, 0, 0.90%, 0, 0, 4, 5.00, 19, 104, 1
1768735136, 10, 170, 232, 212, 1, 0.90%, 0, 0, 4, 6.61, 19, 104, 1
1768735161, 10, 170, 233, 213, 1, 0.91%, 0, 0, 4, 5.40, 19, 104, 1
1768735166, 10, 170, 235, 215, 1, 0.91%, 0, 0, 4, 5.24, 19, 105, 1
1768735171, 10, 170, 237, 217, 1, 0.91%, 0, 0, 4, 4.97, 19, 105, 1
1768735182, 10, 170, 238, 218, 1, 0.91%, 0, 0, 4, 5.00, 19, 105, 1
1768735187, 10, 170, 239, 219, 1, 0.91%, 0, 0, 4, 5.07, 19, 105, 1
1768735238, 10, 230, 239, 218, 0, 0.91%, 0, 0, 4, 6.78, 19, 105, 1
1768735295, 11, 218, 240, 218, 0, 0.91%, 0, 0, 4, 8.71, 19, 105, 2
1768735300, 11, 218, 241, 219, 0, 0.91%, 0, 0, 4, 12.17, 19, 105, 2
1768735310, 11, 218, 242, 220, 0, 0.91%, 0, 0, 4, 7.84, 19, 105, 2
1768735321, 11, 218, 243, 221, 0, 0.91%, 0, 0, 4, 11.43, 19, 105, 2
1768735346, 11, 218, 244, 222, 0, 0.91%, 0, 0, 4, 12.36, 19, 105, 2
1768735356, 11, 218, 245, 223, 0, 0.91%, 0, 0, 4, 13.12, 19, 105, 2
1768735387, 11, 218, 246, 224, 0, 0.91%, 0, 0, 4, 9.40, 19, 105, 2
1768735392, 12, 14, 246, 223, 2, 0.91%, 0, 0, 4, 11.65, 19, 105, 2
1768735423, 12, 191, 247, 223, 2, 0.91%, 0, 0, 4, 22.74, 19, 105, 2
1768735438, 12, 191, 248, 224, 2, 0.91%, 0, 0, 4, 13.80, 19, 105, 2
1768735449, 13, 84, 248, 223, 4, 0.91%, 0, 0, 4, 16.40, 19, 105, 2
1768735464, 13, 84, 249, 224, 4, 0.91%, 0, 0, 4, 13.88, 19, 105, 2
1768735474, 13, 122, 249, 223, 2, 0.91%, 0, 0, 4, 13.04, 19, 105, 2
1768735500, 13, 122, 250, 224, 2, 0.91%, 0, 0, 4, 10.37, 19, 105, 2
1768735505, 14, 65, 250, 223, 2, 0.91%, 0, 0, 4, 8.47, 19, 105, 2
1768735546, 14, 134, 250, 222, 1, 0.91%, 0, 0, 4, 8.93, 19, 105, 2
1768735562, 14, 134, 251, 223, 1, 0.91%, 0, 0, 4, 8.92, 19, 106, 2
1768735577, 15, 95, 251, 222, 1, 0.91%, 0, 0, 4, 10.40, 19, 106, 2
1768735613, 16, 83, 251, 221, 0, 0.91%, 0, 0, 4, 7.94, 19, 106, 2
1768735660, 16, 163, 251, 220, 0, 0.91%, 0, 0, 4, 5.67, 19, 106, 3
1768735670, 16, 163, 252, 221, 0, 0.91%, 0, 0, 4, 5.71, 19, 106, 3
1768735696, 16, 163, 254, 223, 0, 0.91%, 0, 0, 4, 5.04, 19, 106, 3
1768735702, 16, 163, 255, 224, 0, 0.91%, 0, 0, 4, 4.52, 19, 106, 3
1768735722, 16, 163, 257, 226, 0, 0.91%, 0, 0, 4, 4.28, 19, 108, 3
1768735732, 16, 163, 258, 227, 0, 0.91%, 0, 0, 4, 4.38, 19, 108, 3
1768735768, 17, 102, 258, 226, 0, 0.91%, 0, 0, 4, 7.45, 19, 108, 3
1768735794, 18, 92, 258, 225, 0, 0.91%, 0, 0, 4, 10.73, 19, 108, 3
1768735830, 18, 92, 259, 226, 0, 0.91%, 0, 0, 4, 6.96, 19, 108, 3
1768735835, 19, 30, 259, 225, 0, 0.91%, 0, 0, 4, 11.91, 19, 108, 3
1768735860, 19, 127, 259, 224, 0, 0.91%, 0, 0, 4, 9.90, 19, 108, 3
1768735902, 20, 73, 259, 224, 0, 0.91%, 0, 0, 4, 9.65, 19, 108, 4
1768735927, 20, 130, 259, 224, 0, 0.91%, 0, 0, 4, 10.64, 19, 108, 4
1768735938, 20, 130, 260, 225, 0, 0.91%, 0, 0, 4, 7.95, 19, 109, 4
1768735969, 20, 176, 260, 224, 0, 0.91%, 0, 0, 4, 7.01, 19, 109, 4
1768735979, 20, 176, 261, 225, 0, 0.92%, 0, 0, 4, 4.98, 19, 109, 4
1768735984, 20, 176, 262, 226, 0, 0.92%, 0, 0, 4, 4.67, 19, 109, 4
1768735995, 20, 176, 263, 227, 0, 0.92%, 0, 0, 4, 4.56, 19, 109, 4
1768736000, 20, 176, 264, 228, 0, 0.92%, 0, 0, 4, 4.39, 19, 109, 4
1768736056, 20, 176, 265, 229, 0, 0.92%, 0, 0, 4, 5.16, 19, 109, 4
1768736087, 20, 205, 265, 228, 4, 0.92%, 0, 0, 4, 4.62, 19, 109, 4
1768736098, 20, 205, 266, 229, 4, 0.92%, 0, 0, 4, 3.85, 19, 109, 4
1768736113, 20, 205, 267, 230, 4, 0.92%, 0, 0, 4, 3.39, 19, 109, 4
1768736123, 20, 205, 268, 231, 4, 0.92%, 0, 0, 4, 3.42, 19, 109, 4
1768736129, 20, 205, 269, 232, 4, 0.92%, 0, 0, 4, 3.26, 19, 109, 4
1768736139, 20, 205, 270, 233, 4, 0.92%, 0, 0, 4, 3.55, 19, 110, 4
1768736164, 20, 205, 271, 234, 4, 0.92%, 0, 0, 4, 3.60, 19, 110, 4
1768736221, 20, 207, 271, 233, 0, 0.92%, 0, 0, 4, 4.04, 19, 110, 4
