# unix_time, cycles_done, cur_path, paths_total, pending_total, pending_favs, map_size, unique_crashes, unique_hangs, max_depth, execs_per_sec, n_nodes, n_edges, chat_times
1770122134, 0, 1, 92, 92, 13, 0.74%, 0, 0, 1, 6.95, 19, 70, 0
1770122139, 0, 1, 94, 94, 13, 0.74%, 0, 0, 2, 6.85, 19, 70, 0
1770122154, 0, 1, 96, 96, 13, 0.76%, 0, 0, 2, 5.84, 19, 75, 0
1770122160, 0, 1, 100, 100, 13, 0.77%, 0, 0, 2, 7.34, 19, 79, 0
1770122165, 0, 1, 104, 104, 13, 0.77%, 0, 0, 2, 6.50, 19, 80, 0
1770122170, 0, 1, 107, 107, 13, 0.78%, 0, 0, 2, 7.88, 19, 81, 0
1770122175, 0, 1, 109, 109, 13, 0.78%, 0, 0, 2, 6.03, 19, 81, 0
1770122180, 0, 1, 111, 111, 13, 0.78%, 0, 0, 2, 5.36, 19, 84, 0
1770122185, 0, 1, 114, 114, 13, 0.78%, 0, 0, 2, 6.62, 19, 85, 0
1770122190, 0, 1, 117, 117, 13, 0.79%, 0, 0, 2, 6.54, 19, 86, 0
1770122196, 0, 1, 119, 119, 13, 0.80%, 0, 0, 2, 4.89, 19, 87, 0
1770122201, 0, 1, 122, 122, 13, 0.82%, 0, 0, 2, 7.30, 19, 87, 0
1770122206, 0, 1, 123, 123, 13, 0.82%, 0, 0, 2, 7.57, 19, 87, 0
1770122211, 0, 1, 125, 125, 13, 0.82%, 0, 0, 2, 7.60, 19, 87, 0
1770122216, 0, 1, 127, 127, 13, 0.82%, 0, 0, 2, 6.59, 19, 88, 0
1770122221, 0, 1, 129, 129, 13, 0.82%, 0, 0, 2, 7.08, 19, 88, 0
1770122227, 0, 1, 132, 132, 13, 0.82%, 0, 0, 2, 7.02, 19, 88, 0
1770122232, 0, 1, 134, 134, 13, 0.82%, 0, 0, 2, 7.38, 19, 88, 0
1770122237, 0, 1, 135, 135, 13, 0.82%, 0, 0, 2, 6.21, 19, 88, 0
1770122247, 0, 1, 137, 137, 13, 0.82%, 0, 0, 2, 5.81, 19, 89, 0
1770122252, 0, 1, 140, 140, 13, 0.83%, 0, 0, 2, 8.21, 19, 91, 0
1770122262, 0, 1, 142, 142, 13, 0.83%, 0, 0, 2, 5.63, 19, 91, 0
1770122273, 0, 1, 144, 144, 13, 0.83%, 0, 0, 2, 5.21, 19, 92, 0
1770122278, 0, 1, 147, 147, 13, 0.84%, 0, 0, 2, 6.59, 19, 92, 0
1770122283, 0, 1, 148, 148, 13, 0.84%, 0, 0, 2, 7.38, 19, 92, 0
1770122288, 0, 1, 151, 151, 13, 0.85%, 0, 0, 2, 7.33, 19, 92, 0
1770122293, 0, 1, 152, 152, 13, 0.85%, 0, 0, 2, 4.93, 19, 92, 0
1770122303, 0, 1, 153, 153, 13, 0.85%, 0, 0, 2, 5.95, 19, 92, 0
1770122313, 0, 1, 154, 154, 13, 0.85%, 0, 0, 2, 7.08, 19, 93, 0
1770122319, 0, 1, 155, 155, 13, 0.85%, 0, 0, 2, 7.43, 19, 93, 0
1770122324, 0, 1, 157, 157, 13, 0.85%, 0, 0, 2, 5.69, 19, 99, 0
1770122329, 0, 1, 158, 158, 13, 0.86%, 0, 0, 2, 4.57, 19, 100, 0
1770122334, 0, 1, 159, 159, 13, 0.86%, 0, 0, 2, 4.93, 19, 100, 0
1770122339, 0, 1, 161, 161, 13, 0.86%, 0, 0, 2, 4.83, 19, 101, 0
1770122344, 0, 1, 163, 163, 13, 0.86%, 0, 0, 2, 4.64, 19, 102, 0
1770122349, 0, 1, 165, 165, 13, 0.86%, 0, 0, 2, 4.49, 19, 102, 0
1770122354, 0, 1, 166, 166, 13, 0.86%, 0, 0, 2, 4.92, 19, 102, 0
1770122360, 0, 1, 167, 167, 13, 0.86%, 0, 0, 2, 4.27, 19, 102, 0
1770122365, 0, 1, 168, 168, 13, 0.86%, 0, 0, 2, 5.74, 19, 102, 0
1770122370, 0, 1, 169, 169, 13, 0.87%, 0, 0, 2, 5.49, 20, 104, 0
1770122375, 0, 1, 170, 170, 13, 0.87%, 0, 0, 2, 4.89, 20, 104, 0
1770122380, 0, 1, 171, 171, 13, 0.87%, 0, 0, 2, 4.68, 20, 105, 0
1770122385, 0, 1, 172, 172, 13, 0.88%, 0, 0, 2, 4.86, 20, 105, 0
1770122391, 0, 1, 174, 174, 13, 0.88%, 0, 0, 2, 5.01, 20, 105, 0
1770122396, 0, 1, 175, 175, 13, 0.88%, 0, 0, 2, 5.44, 20, 105, 0
1770122401, 0, 1, 177, 177, 13, 0.88%, 0, 0, 2, 5.25, 20, 105, 0
1770122411, 0, 1, 178, 178, 13, 0.88%, 0, 0, 2, 5.75, 20, 105, 0
1770122427, 0, 1, 181, 181, 13, 0.90%, 0, 0, 2, 6.09, 21, 108, 0
1770122453, 0, 1, 182, 182, 13, 0.90%, 0, 0, 2, 4.62, 21, 109, 0
1770122458, 0, 1, 184, 184, 13, 0.90%, 0, 0, 2, 4.52, 21, 109, 0
1770122463, 0, 1, 186, 186, 13, 0.90%, 0, 0, 2, 5.23, 21, 109, 0
1770122468, 0, 1, 187, 187, 13, 0.90%, 0, 0, 2, 5.49, 21, 109, 0
1770122473, 0, 1, 188, 188, 13, 0.90%, 0, 0, 2, 4.78, 21, 109, 0
1770122478, 0, 1, 190, 190, 13, 0.92%, 0, 0, 2, 4.06, 21, 109, 0
1770122484, 0, 1, 192, 192, 13, 0.92%, 0, 0, 2, 3.71, 21, 111, 0
1770122489, 0, 1, 193, 193, 13, 0.92%, 0, 0, 2, 3.08, 21, 111, 0
1770122494, 0, 1, 195, 195, 13, 0.92%, 0, 0, 2, 3.57, 21, 111, 0
1770122499, 0, 1, 196, 196, 13, 0.92%, 0, 0, 2, 3.66, 21, 113, 0
1770122505, 0, 1, 197, 197, 13, 0.93%, 0, 0, 2, 3.90, 21, 114, 0
1770122515, 0, 1, 198, 198, 13, 0.93%, 0, 0, 2, 4.17, 21, 115, 0
1770122520, 0, 1, 199, 199, 13, 0.93%, 0, 0, 2, 3.67, 21, 115, 0
1770122525, 0, 1, 200, 200, 13, 0.93%, 0, 0, 2, 3.38, 21, 115, 0
1770122530, 0, 1, 201, 201, 13, 0.93%, 0, 0, 2, 3.65, 21, 115, 0
1770122536, 0, 1, 202, 202, 13, 0.93%, 0, 0, 2, 3.70, 21, 115, 0
1770122541, 0, 1, 203, 203, 13, 0.93%, 0, 0, 2, 4.00, 21, 115, 0
1770122546, 0, 1, 205, 205, 13, 0.93%, 0, 0, 2, 3.39, 21, 115, 0
1770122551, 0, 1, 206, 206, 13, 0.93%, 0, 0, 2, 3.32, 21, 117, 0
1770122571, 0, 1, 207, 207, 13, 0.93%, 0, 0, 2, 3.02, 21, 117, 0
1770122577, 0, 1, 208, 208, 13, 0.93%, 0, 0, 2, 2.93, 21, 117, 0
1770122587, 0, 1, 209, 209, 13, 0.94%, 0, 0, 2, 3.68, 21, 117, 0
1770122602, 0, 1, 210, 210, 13, 0.94%, 0, 0, 2, 3.20, 21, 117, 0
1770122613, 0, 1, 212, 212, 13, 0.94%, 0, 0, 2, 3.57, 21, 117, 0
1770122628, 0, 1, 213, 213, 13, 0.94%, 0, 0, 2, 3.63, 21, 117, 0
1770122638, 0, 1, 214, 214, 13, 0.94%, 0, 0, 2, 3.66, 21, 118, 0
1770122648, 0, 1, 215, 215, 13, 0.94%, 0, 0, 2, 3.47, 21, 119, 0
1770122654, 0, 1, 216, 216, 13, 0.94%, 0, 0, 2, 3.12, 21, 119, 0
1770122669, 0, 1, 217, 217, 13, 0.94%, 0, 0, 2, 3.19, 21, 119, 0
1770122674, 0, 1, 218, 218, 13, 0.94%, 0, 0, 2, 3.32, 21, 119, 0
1770122685, 0, 1, 219, 219, 13, 0.94%, 0, 0, 2, 3.18, 21, 119, 0
