1776962700, 0, 0, 580, 580, 24, 7.24%, 0, 0, 2, 5.80, 16, 87, 0, 370, 103509, 38749, 0, 0.000, 0, 0, 0.000000, 0.000000, 0, 0, 0, 0, 0, 0, 2, 0
1776962731, 0, 0, 581, 581, 24, 7.24%, 0, 0, 2, 5.28, 16, 88, 0, 370, 103509, 38749, 0, 0.000, 0, 0, 0.000000, 0.000000, 0, 0, 0, 0, 0, 0, 2, 0
1776962741, 0, 0, 582, 582, 24, 7.24%, 0, 0, 2, 3.69, 16, 88, 0, 370, 103509, 38749, 0, 0.000, 0, 0, 0.000000, 0.000000, 0, 0, 0, 0, 0, 0, 2, 0
1776962768, 0, 0, 583, 583, 24, 7.25%, 0, 0, 2, 5.84, 16, 88, 0, 370, 103509, 38749, 0, 0.000, 0, 0, 0.000000, 0.000000, 0, 0, 0, 0, 0, 0, 2, 0
1776962783, 0, 0, 584, 584, 24, 7.25%, 0, 0, 2, 4.37, 16, 88, 0, 370, 103509, 38749, 0, 0.000, 0, 0, 0.000000, 0.000000, 0, 0, 0, 0, 0, 0, 2, 0
1776962809, 0, 0, 585, 585, 24, 7.25%, 0, 0, 2, 5.77, 16, 88, 0, 370, 103509, 38749, 0, 0.000, 0, 0, 0.000000, 0.000000, 0, 0, 0, 0, 0, 0, 2, 0
1776962845, 0, 0, 586, 586, 24, 7.25%, 0, 0, 2, 5.49, 16, 88, 0, 370, 103509, 38749, 0, 0.000, 0, 0, 0.000000, 0.000000, 0, 0, 0, 0, 0, 0, 2, 0
1776962850, 0, 0, 588, 588, 24, 7.25%, 0, 0, 2, 5.83, 16, 88, 0, 370, 103509, 38749, 0, 0.000, 0, 0, 0.000000, 0.000000, 0, 0, 0, 0, 0, 0, 2, 0
1776962871, 0, 0, 589, 589, 24, 7.26%, 0, 0, 2, 5.85, 16, 88, 0, 370, 103509, 38749, 0, 0.000, 0, 0, 0.000000, 0.000000, 0, 0, 0, 0, 0, 0, 2, 0
1776962887, 0, 0, 590, 590, 24, 7.26%, 0, 0, 2, 5.19, 16, 88, 0, 370, 103509, 38749, 0, 0.000, 0, 0, 0.000000, 0.000000, 0, 0, 0, 0, 0, 0, 2, 0
1776962903, 0, 0, 591, 591, 24, 7.27%, 0, 0, 2, 0.65, 16, 88, 0, 370, 103509, 38749, 0, 0.000, 0, 0, 0.000000, 0.000000, 0, 0, 0, 0, 0, 0, 2, 0
1776962913, 0, 0, 592, 592, 24, 7.27%, 0, 0, 2, 5.27, 16, 88, 0, 370, 103509, 38749, 0, 0.000, 0, 0, 0.000000, 0.000000, 0, 0, 0, 0, 0, 0, 2, 0
1776962918, 0, 0, 593, 593, 24, 7.27%, 0, 0, 2, 5.69, 16, 88, 0, 370, 103509, 38749, 0, 0.000, 0, 0, 0.000000, 0.000000, 0, 0, 0, 0, 0, 0, 2, 0
1776962923, 0, 0, 594, 594, 24, 7.27%, 0, 0, 2, 5.47, 16, 88, 0, 370, 103509, 38749, 0, 0.000, 0, 0, 0.000000, 0.000000, 0, 0, 0, 0, 0, 0, 2, 0
1776962954, 0, 0, 595, 595, 24, 7.27%, 0, 0, 2, 5.24, 16, 88, 0, 370, 103509, 38749, 0, 0.000, 0, 0, 0.000000, 0.000000, 0, 0, 0, 0, 0, 0, 2, 0
1776962985, 0, 0, 596, 596, 24, 7.27%, 0, 0, 2, 5.08, 16, 88, 0, 370, 103509, 38749, 0, 0.000, 0, 0, 0.000000, 0.000000, 0, 0, 0, 0, 0, 0, 2, 0
1776962990, 0, 0, 597, 597, 24, 7.27%, 0, 0, 2, 5.23, 16, 88, 0, 370, 103509, 38749, 0, 0.000, 0, 0, 0.000000, 0.000000, 0, 0, 0, 0, 0, 0, 2, 0
1776963001, 0, 0, 598, 598, 24, 7.27%, 0, 0, 2, 5.35, 16, 88, 0, 370, 103509, 38749, 0, 0.000, 0, 0, 0.000000, 0.000000, 0, 0, 0, 0, 0, 0, 2, 0
1776963032, 0, 0, 599, 599, 24, 7.27%, 0, 0, 2, 5.07, 16, 88, 0, 370, 103509, 38749, 0, 0.000, 0, 0, 0.000000, 0.000000, 0, 0, 0, 0, 0, 0, 2, 0
1776963037, 0, 0, 600, 600, 24, 7.28%, 0, 0, 2, 5.81, 16, 88, 0, 370, 103509, 38749, 0, 0.000, 0, 0, 0.000000, 0.000000, 0, 0, 0, 0, 0, 0, 2, 0
1776963042, 0, 0, 601, 601, 24, 7.28%, 0, 0, 2, 5.11, 16, 88, 0, 370, 103509, 38749, 0, 0.000, 0, 0, 0.000000, 0.000000, 0, 0, 0, 0, 0, 0, 2, 0
1776963063, 0, 0, 602, 602, 24, 7.28%, 0, 0, 2, 5.49, 16, 88, 0, 370, 103509, 38749, 0, 0.000, 0, 0, 0.000000, 0.000000, 0, 0, 0, 0, 0, 0, 2, 0
1776963079, 0, 0, 603, 603, 24, 7.28%, 0, 0, 2, 5.44, 16, 88, 0, 370, 103509, 38749, 0, 0.000, 0, 0, 0.000000, 0.000000, 0, 0, 0, 0, 0, 0, 2, 0
1776963121, 0, 0, 604, 604, 24, 7.28%, 0, 0, 2, 5.30, 16, 88, 0, 370, 103509, 38749, 0, 0.000, 0, 0, 0.000000, 0.000000, 0, 0, 0, 0, 0, 0, 3, 0
1776963132, 0, 0, 605, 605, 24, 7.28%, 0, 0, 2, 5.11, 16, 88, 0, 370, 103509, 38749, 0, 0.000, 0, 0, 0.000000, 0.000000, 0, 0, 0, 0, 0, 0, 3, 0
1776963162, 0, 0, 606, 606, 24, 7.28%, 0, 0, 2, 5.65, 16, 88, 0, 370, 103509, 38749, 0, 0.000, 0, 0, 0.000000, 0.000000, 0, 0, 0, 0, 0, 0, 3, 0
1776963174, 0, 0, 607, 607, 24, 7.28%, 0, 0, 2, 5.94, 16, 88, 0, 370, 103509, 38749, 0, 0.000, 0, 0, 0.000000, 0.000000, 0, 0, 0, 0, 0, 0, 3, 0
1776963220, 0, 0, 608, 608, 24, 7.29%, 0, 0, 2, 5.45, 16, 88, 0, 370, 103509, 38749, 0, 0.000, 0, 0, 0.000000, 0.000000, 0, 0, 0, 0, 0, 0, 4, 0
1776963257, 0, 0, 609, 609, 24, 7.29%, 0, 0, 2, 5.19, 16, 88, 0, 370, 103509, 38749, 0, 0.000, 0, 0, 0.000000, 0.000000, 0, 0, 0, 0, 0, 0, 4, 0
1776963267, 0, 0, 610, 610, 24, 7.29%, 0, 0, 2, 5.49, 16, 88, 0, 370, 103509, 38749, 0, 0.000, 0, 0, 0.000000, 0.000000, 0, 0, 0, 0, 0, 0, 4, 0
1776963293, 0, 0, 611, 611, 24, 7.30%, 0, 0, 2, 5.31, 16, 88, 0, 370, 103509, 38749, 0, 0.000, 0, 0, 0.000000, 0.000000, 0, 0, 0, 0, 0, 0, 4, 0
1776963345, 0, 0, 612, 612, 24, 7.30%, 0, 0, 2, 5.22, 16, 88, 0, 370, 103509, 38749, 0, 0.000, 0, 0, 0.000000, 0.000000, 0, 0, 0, 0, 0, 0, 5, 0
1776963355, 0, 0, 613, 613, 24, 7.30%, 0, 0, 2, 5.36, 16, 88, 0, 370, 103509, 38749, 0, 0.000, 0, 0, 0.000000, 0.000000, 0, 0, 0, 0, 0, 0, 5, 0
1776963392, 0, 0, 614, 614, 24, 7.30%, 0, 0, 2, 5.40, 16, 88, 0, 370, 103509, 38749, 0, 0.000, 0, 0, 0.000000, 0.000000, 0, 0, 0, 0, 0, 0, 5, 0
1776963397, 0, 0, 615, 615, 24, 7.30%, 0, 0, 2, 5.40, 16, 88, 0, 370, 103509, 38749, 0, 0.000, 0, 0, 0.000000, 0.000000, 0, 0, 0, 0, 0, 0, 5, 0
1776963408, 0, 0, 616, 616, 24, 7.30%, 0, 0, 2, 5.12, 16, 88, 0, 370, 103509, 38749, 0, 0.000, 0, 0, 0.000000, 0.000000, 0, 0, 0, 0, 0, 0, 5, 0
1776963419, 0, 0, 617, 617, 24, 7.30%, 0, 0, 2, 0.65, 16, 88, 0, 370, 103509, 38749, 0, 0.000, 0, 0, 0.000000, 0.000000, 0, 0, 0, 0, 0, 0, 5, 0
1776963424, 0, 0, 618, 618, 24, 7.30%, 0, 0, 2, 4.86, 16, 88, 0, 370, 103509, 38749, 0, 0.000, 0, 0, 0.000000, 0.000000, 0, 0, 0, 0, 0, 0, 5, 0
1776963429, 0, 0, 619, 619, 24, 7.30%, 0, 0, 2, 5.04, 16, 88, 0, 370, 103509, 38749, 0, 0.000, 0, 0, 0.000000, 0.000000, 0, 0, 0, 0, 0, 0, 5, 0
1776963434, 0, 0, 620, 620, 24, 7.30%, 0, 0, 2, 5.28, 16, 88, 0, 370, 103509, 38749, 0, 0.000, 0, 0, 0.000000, 0.000000, 0, 0, 0, 0, 0, 0, 5, 0
1776963460, 0, 0, 621, 621, 24, 7.31%, 0, 0, 2, 4.86, 16, 88, 0, 370, 103509, 38749, 0, 0.000, 0, 0, 0.000000, 0.000000, 0, 0, 0, 0, 0, 0, 5, 0
1776963480, 0, 0, 622, 622, 24, 7.31%, 0, 0, 2, 5.14, 16, 88, 0, 370, 103509, 38749, 0, 0.000, 0, 0, 0.000000, 0.000000, 0, 0, 0, 0, 0, 0, 5, 0
1776963563, 0, 0, 623, 623, 24, 7.31%, 0, 0, 2, 5.21, 16, 88, 0, 370, 103509, 38749, 0, 0.000, 0, 0, 0.000000, 0.000000, 0, 0, 0, 0, 0, 0, 7, 0
1776963600, 0, 0, 624, 624, 24, 7.31%, 0, 0, 2, 5.05, 16, 88, 0, 370, 103509, 38749, 0, 0.000, 0, 0, 0.000000, 0.000000, 0, 0, 0, 0, 0, 0, 7, 0
1776963610, 0, 0, 625, 625, 24, 7.31%, 0, 0, 2, 5.15, 16, 88, 0, 370, 103509, 38749, 0, 0.000, 0, 0, 0.000000, 0.000000, 0, 0, 0, 0, 0, 0, 7, 0
1776963615, 0, 0, 626, 626, 24, 7.31%, 0, 0, 2, 5.39, 16, 88, 0, 370, 103509, 38749, 0, 0.000, 0, 0, 0.000000, 0.000000, 0, 0, 0, 0, 0, 0, 7, 0
1776963620, 0, 0, 627, 627, 24, 7.31%, 0, 0, 2, 5.45, 16, 88, 0, 370, 103509, 38749, 0, 0.000, 0, 0, 0.000000, 0.000000, 0, 0, 0, 0, 0, 0, 7, 0
1776963641, 0, 0, 628, 628, 24, 7.31%, 0, 0, 2, 5.90, 16, 88, 0, 370, 103509, 38749, 0, 0.000, 0, 0, 0.000000, 0.000000, 0, 0, 0, 0, 0, 0, 7, 0
1776963651, 0, 0, 629, 629, 24, 7.32%, 0, 0, 2, 5.45, 16, 88, 0, 370, 103509, 38749, 0, 0.000, 0, 0, 0.000000, 0.000000, 0, 0, 0, 0, 0, 0, 7, 0
1776963667, 0, 0, 630, 630, 24, 7.32%, 0, 0, 2, 5.70, 16, 88, 0, 370, 103509, 38749, 0, 0.000, 0, 0, 0.000000, 0.000000, 0, 0, 0, 0, 0, 0, 7, 0
1776963678, 0, 0, 631, 631, 24, 7.32%, 0, 0, 2, 5.43, 16, 88, 0, 370, 103509, 38749, 0, 0.000, 0, 0, 0.000000, 0.000000, 0, 0, 0, 0, 0, 0, 7, 0
1776963729, 0, 0, 632, 632, 24, 7.33%, 0, 0, 2, 3.13, 16, 88, 0, 370, 103509, 38749, 0, 0.000, 0, 0, 0.000000, 0.000000, 0, 0, 0, 0, 0, 0, 8, 0
1776963739, 0, 0, 633, 633, 24, 7.33%, 0, 0, 2, 8.04, 16, 88, 0, 370, 103509, 38749, 0, 0.000, 0, 0, 0.000000, 0.000000, 0, 0, 0, 0, 0, 0, 8, 0
1776963828, 0, 0, 634, 634, 24, 7.33%, 0, 0, 2, 5.04, 16, 88, 0, 370, 103509, 38749, 0, 0.000, 0, 0, 0.000000, 0.000000, 0, 0, 0, 0, 0, 0, 10, 0
1776963859, 0, 0, 635, 635, 24, 7.33%, 0, 0, 2, 5.77, 16, 89, 0, 370, 103509, 38749, 0, 0.000, 0, 0, 0.000000, 0.000000, 0, 0, 0, 0, 0, 0, 10, 0
1776963896, 0, 0, 636, 636, 24, 7.33%, 0, 0, 2, 4.55, 16, 89, 0, 370, 103509, 38749, 0, 0.000, 0, 0, 0.000000, 0.000000, 0, 0, 0, 0, 0, 0, 10, 0
1776963963, 0, 0, 637, 637, 24, 7.33%, 0, 0, 2, 5.23, 16, 89, 0, 370, 103509, 38749, 0, 0.000, 0, 0, 0.000000, 0.000000, 0, 0, 0, 0, 0, 0, 11, 0
1776963968, 0, 0, 638, 638, 24, 7.34%, 0, 0, 2, 5.05, 16, 89, 0, 370, 103509, 38749, 0, 0.000, 0, 0, 0.000000, 0.000000, 0, 0, 0, 0, 0, 0, 11, 0
1776963978, 0, 0, 639, 639, 24, 7.34%, 0, 0, 2, 7.86, 16, 89, 0, 370, 103509, 38749, 0, 0.000, 0, 0, 0.000000, 0.000000, 0, 0, 0, 0, 0, 0, 11, 0
1776963983, 0, 0, 640, 640, 24, 7.35%, 0, 0, 2, 6.46, 16, 89, 0, 370, 103509, 38749, 0, 0.000, 0, 0, 0.000000, 0.000000, 0, 0, 0, 0, 0, 0, 11, 0
1776963989, 0, 0, 641, 641, 24, 7.35%, 0, 0, 2, 6.34, 16, 89, 0, 370, 103509, 38749, 0, 0.000, 0, 0, 0.000000, 0.000000, 0, 0, 0, 0, 0, 0, 11, 0
1776963999, 0, 0, 642, 642, 24, 7.35%, 0, 0, 2, 6.57, 16, 89, 0, 370, 103509, 38749, 0, 0.000, 0, 0, 0.000000, 0.000000, 0, 0, 0, 0, 0, 0, 11, 0
1776964065, 0, 0, 644, 644, 24, 7.36%, 0, 0, 2, 5.32, 16, 89, 0, 370, 103509, 38749, 0, 0.000, 0, 0, 0.000000, 0.000000, 0, 0, 0, 0, 0, 0, 12, 0
1776964071, 0, 0, 646, 646, 24, 7.36%, 0, 0, 2, 5.34, 16, 89, 0, 370, 103509, 38749, 0, 0.000, 0, 0, 0.000000, 0.000000, 0, 0, 0, 0, 0, 0, 12, 0
1776964086, 0, 0, 647, 647, 24, 7.36%, 0, 0, 2, 5.26, 16, 89, 0, 370, 103509, 38749, 0, 0.000, 0, 0, 0.000000, 0.000000, 0, 0, 0, 0, 0, 0, 12, 0
1776964133, 0, 178, 649, 648, 0, 7.36%, 0, 0, 2, 0.66, 16, 91, 0, 370, 103509, 38749, 0, 0.000, 0, 0, 0.000000, 0.000000, 0, 0, 0, 0, 0, 0, 13, 0
1776964144, 0, 178, 651, 650, 0, 7.43%, 0, 0, 2, 5.16, 16, 92, 0, 370, 103509, 38749, 0, 0.000, 0, 0, 0.000000, 0.000000, 0, 0, 0, 0, 0, 0, 13, 0
1776964149, 0, 178, 653, 652, 0, 7.43%, 0, 0, 2, 5.06, 16, 92, 0, 370, 103509, 38749, 0, 0.000, 0, 0, 0.000000, 0.000000, 0, 0, 0, 0, 0, 0, 13, 0
1776964154, 0, 178, 654, 653, 0, 7.43%, 0, 0, 2, 5.06, 16, 92, 0, 370, 103509, 38749, 0, 0.000, 0, 0, 0.000000, 0.000000, 0, 0, 0, 0, 0, 0, 13, 0
1776964159, 0, 178, 655, 654, 0, 7.43%, 0, 0, 2, 5.02, 16, 92, 0, 370, 103509, 38749, 0, 0.000, 0, 0, 0.000000, 0.000000, 0, 0, 0, 0, 0, 0, 13, 0
1776964164, 0, 178, 657, 656, 0, 7.44%, 0, 0, 2, 4.94, 16, 92, 0, 370, 103509, 38749, 0, 0.000, 0, 0, 0.000000, 0.000000, 0, 0, 0, 0, 0, 0, 13, 0
1776964169, 0, 178, 658, 657, 0, 7.44%, 0, 0, 2, 5.14, 16, 93, 0, 370, 103509, 38749, 0, 0.000, 0, 0, 0.000000, 0.000000, 0, 0, 0, 0, 0, 0, 13, 0
1776964180, 0, 178, 659, 658, 0, 7.44%, 0, 0, 2, 5.19, 16, 93, 0, 370, 103509, 38749, 0, 0.000, 0, 0, 0.000000, 0.000000, 0, 0, 0, 0, 0, 0, 13, 0
1776964185, 0, 178, 660, 659, 0, 7.44%, 0, 0, 2, 4.99, 16, 93, 0, 370, 103509, 38749, 0, 0.000, 0, 0, 0.000000, 0.000000, 0, 0, 0, 0, 0, 0, 13, 0
1776964190, 0, 178, 661, 660, 0, 7.44%, 0, 0, 2, 5.22, 16, 93, 0, 370, 103509, 38749, 0, 0.000, 0, 0, 0.000000, 0.000000, 0, 0, 0, 0, 0, 0, 13, 0
1776964200, 0, 178, 662, 661, 0, 7.44%, 0, 0, 2, 5.24, 16, 95, 0, 370, 103509, 38749, 0, 0.000, 0, 0, 0.000000, 0.000000, 0, 0, 0, 0, 0, 0, 13, 0
1776964206, 0, 178, 664, 663, 0, 7.45%, 0, 0, 2, 4.80, 16, 97, 0, 370, 103509, 38749, 0, 0.000, 0, 0, 0.000000, 0.000000, 0, 0, 0, 0, 0, 0, 13, 0
1776964211, 0, 178, 666, 665, 0, 7.45%, 0, 0, 2, 4.98, 16, 97, 0, 370, 103509, 38749, 0, 0.000, 0, 0, 0.000000, 0.000000, 0, 0, 0, 0, 0, 0, 13, 0
1776964216, 0, 178, 667, 666, 0, 7.45%, 0, 0, 2, 0.65, 16, 97, 0, 370, 103509, 38749, 0, 0.000, 0, 0, 0.000000, 0.000000, 0, 0, 0, 0, 0, 0, 13, 0
1776964221, 0, 178, 669, 668, 0, 7.45%, 0, 0, 2, 5.02, 16, 97, 0, 370, 103509, 38749, 0, 0.000, 0, 0, 0.000000, 0.000000, 0, 0, 0, 0, 0, 0, 13, 0
1776964226, 0, 178, 671, 670, 0, 7.45%, 0, 0, 2, 4.79, 16, 98, 0, 370, 103509, 38749, 0, 0.000, 0, 0, 0.000000, 0.000000, 0, 0, 0, 0, 0, 0, 13, 0
1776964231, 0, 178, 672, 671, 0, 7.46%, 0, 0, 2, 4.80, 16, 101, 0, 370, 103509, 38749, 0, 0.000, 0, 0, 0.000000, 0.000000, 0, 0, 0, 0, 0, 0, 13, 0
1776964237, 0, 178, 673, 672, 0, 7.46%, 0, 0, 2, 4.77, 16, 102, 0, 370, 103509, 38749, 0, 0.000, 0, 0, 0.000000, 0.000000, 0, 0, 0, 0, 0, 0, 13, 0
1776964242, 0, 178, 674, 673, 0, 7.46%, 0, 0, 2, 4.97, 16, 102, 0, 370, 103509, 38749, 0, 0.000, 0, 0, 0.000000, 0.000000, 0, 0, 0, 0, 0, 0, 13, 0
1776964247, 0, 178, 675, 674, 0, 7.46%, 0, 0, 2, 4.87, 16, 102, 0, 370, 103509, 38749, 0, 0.000, 0, 0, 0.000000, 0.000000, 0, 0, 0, 0, 0, 0, 13, 0
1776964252, 0, 178, 676, 675, 0, 7.46%, 0, 0, 2, 5.21, 16, 102, 0, 370, 103509, 38749, 0, 0.000, 0, 0, 0.000000, 0.000000, 0, 0, 0, 0, 0, 0, 13, 0
1776964278, 0, 178, 678, 677, 0, 7.46%, 0, 0, 2, 5.26, 16, 102, 0, 370, 103509, 38749, 0, 0.000, 0, 0, 0.000000, 0.000000, 0, 0, 0, 0, 0, 0, 13, 0
1776964288, 0, 178, 679, 678, 0, 7.46%, 0, 0, 2, 4.92, 16, 102, 0, 370, 103509, 38749, 0, 0.000, 0, 0, 0.000000, 0.000000, 0, 0, 0, 0, 0, 0, 13, 0
1776964304, 0, 178, 680, 679, 0, 7.46%, 0, 0, 2, 5.26, 16, 102, 0, 370, 103509, 38749, 0, 0.000, 0, 0, 0.000000, 0.000000, 0, 0, 0, 0, 0, 0, 13, 0
1776964309, 0, 178, 681, 680, 0, 7.47%, 0, 0, 2, 5.21, 16, 102, 0, 370, 103509, 38749, 0, 0.000, 0, 0, 0.000000, 0.000000, 0, 0, 0, 0, 0, 0, 13, 0
1776964319, 0, 178, 682, 681, 0, 7.47%, 0, 0, 2, 5.01, 16, 102, 0, 370, 103509, 38749, 0, 0.000, 0, 0, 0.000000, 0.000000, 0, 0, 0, 0, 0, 0, 13, 0
1776964339, 0, 178, 683, 682, 0, 7.47%, 0, 0, 2, 4.73, 16, 103, 0, 370, 103509, 38749, 0, 0.000, 0, 0, 0.000000, 0.000000, 0, 0, 0, 0, 0, 0, 13, 0
1776964345, 0, 178, 684, 683, 0, 7.47%, 0, 0, 2, 5.02, 16, 104, 0, 370, 103509, 38749, 0, 0.000, 0, 0, 0.000000, 0.000000, 0, 0, 0, 0, 0, 0, 13, 0
1776964350, 0, 178, 685, 684, 0, 7.47%, 0, 0, 2, 4.84, 16, 104, 0, 370, 103509, 38749, 0, 0.000, 0, 0, 0.000000, 0.000000, 0, 0, 0, 0, 0, 0, 13, 0
1776964381, 0, 178, 686, 685, 0, 7.47%, 0, 0, 2, 5.18, 16, 107, 0, 370, 103509, 38749, 0, 0.000, 0, 0, 0.000000, 0.000000, 0, 0, 0, 0, 0, 0, 13, 0
1776964407, 0, 178, 687, 686, 0, 7.47%, 0, 0, 2, 5.59, 16, 107, 0, 370, 103509, 38749, 0, 0.000, 0, 0, 0.000000, 0.000000, 0, 0, 0, 0, 0, 0, 13, 0
1776964412, 0, 178, 688, 687, 0, 7.47%, 0, 0, 2, 3.70, 16, 110, 0, 370, 103509, 38749, 0, 0.000, 0, 0, 0.000000, 0.000000, 0, 0, 0, 0, 0, 0, 13, 0
1776964429, 0, 178, 689, 688, 0, 7.47%, 0, 0, 2, 5.34, 16, 110, 0, 370, 103509, 38749, 0, 0.000, 0, 0, 0.000000, 0.000000, 0, 0, 0, 0, 0, 0, 13, 0
1776964460, 0, 178, 690, 689, 0, 7.47%, 0, 0, 2, 6.83, 16, 110, 0, 370, 103509, 38749, 0, 0.000, 0, 0, 0.000000, 0.000000, 0, 0, 0, 0, 0, 0, 13, 0
1776964475, 0, 178, 691, 690, 0, 7.48%, 0, 0, 2, 5.10, 16, 110, 0, 370, 103509, 38749, 0, 0.000, 0, 0, 0.000000, 0.000000, 0, 0, 0, 0, 0, 0, 13, 0
1776964496, 0, 178, 692, 691, 0, 7.48%, 0, 0, 2, 4.86, 16, 110, 0, 370, 103509, 38749, 0, 0.000, 0, 0, 0.000000, 0.000000, 0, 0, 0, 0, 0, 0, 13, 0
1776964501, 0, 178, 693, 692, 0, 7.48%, 0, 0, 2, 4.58, 16, 110, 0, 370, 103509, 38749, 0, 0.000, 0, 0, 0.000000, 0.000000, 0, 0, 0, 0, 0, 0, 13, 0
1776964579, 0, 178, 694, 693, 0, 7.48%, 0, 0, 2, 5.08, 16, 110, 0, 370, 103509, 38749, 0, 0.000, 0, 0, 0.000000, 0.000000, 0, 0, 0, 0, 0, 0, 14, 0
1776964584, 0, 178, 695, 694, 0, 7.48%, 0, 0, 2, 4.79, 16, 110, 0, 370, 103509, 38749, 0, 0.000, 0, 0, 0.000000, 0.000000, 0, 0, 0, 0, 0, 0, 14, 0
1776964615, 0, 178, 696, 695, 0, 7.48%, 0, 0, 2, 5.57, 16, 110, 0, 370, 103509, 38749, 0, 0.000, 0, 0, 0.000000, 0.000000, 0, 0, 0, 0, 0, 0, 14, 0
1776964620, 0, 178, 697, 696, 0, 7.49%, 0, 0, 2, 5.40, 16, 110, 0, 370, 103509, 38749, 0, 0.000, 0, 0, 0.000000, 0.000000, 0, 0, 0, 0, 0, 0, 14, 0
1776964625, 0, 178, 698, 697, 0, 7.49%, 0, 0, 2, 4.96, 16, 110, 0, 370, 103509, 38749, 0, 0.000, 0, 0, 0.000000, 0.000000, 0, 0, 0, 0, 0, 0, 14, 0
1776964666, 0, 178, 699, 698, 0, 7.49%, 0, 0, 2, 5.00, 16, 110, 0, 370, 103509, 38749, 0, 0.000, 0, 0, 0.000000, 0.000000, 0, 0, 0, 0, 0, 0, 14, 0
1776964677, 0, 178, 701, 700, 0, 7.50%, 0, 0, 2, 5.45, 16, 110, 0, 370, 103509, 38749, 0, 0.000, 0, 0, 0.000000, 0.000000, 0, 0, 0, 0, 0, 0, 14, 0
1776964708, 0, 178, 702, 701, 0, 7.50%, 0, 0, 2, 6.36, 16, 110, 0, 370, 103509, 38749, 0, 0.000, 0, 0, 0.000000, 0.000000, 0, 0, 0, 0, 0, 0, 14, 0
1776964713, 0, 178, 704, 703, 0, 7.50%, 0, 0, 2, 5.86, 16, 110, 0, 370, 103509, 38749, 0, 0.000, 0, 0, 0.000000, 0.000000, 0, 0, 0, 0, 0, 0, 14, 0
1776964723, 0, 178, 705, 704, 0, 7.50%, 0, 0, 2, 5.21, 16, 110, 0, 370, 103509, 38749, 0, 0.000, 0, 0, 0.000000, 0.000000, 0, 0, 0, 0, 0, 0, 14, 0
1776964734, 0, 178, 706, 705, 0, 7.50%, 0, 0, 2, 4.89, 16, 111, 0, 370, 103509, 38749, 0, 0.000, 0, 0, 0.000000, 0.000000, 0, 0, 0, 0, 0, 0, 14, 0
1776964739, 0, 178, 707, 706, 0, 7.50%, 0, 0, 2, 4.85, 16, 111, 0, 370, 103509, 38749, 0, 0.000, 0, 0, 0.000000, 0.000000, 0, 0, 0, 0, 0, 0, 14, 0
1776964785, 0, 178, 708, 707, 0, 7.50%, 0, 0, 2, 5.13, 16, 111, 0, 370, 103509, 38749, 0, 0.000, 0, 0, 0.000000, 0.000000, 0, 0, 0, 0, 0, 0, 15, 0
1776964843, 0, 178, 709, 708, 0, 7.50%, 0, 0, 2, 4.76, 16, 111, 0, 370, 103509, 38749, 0, 0.000, 0, 0, 0.000000, 0.000000, 0, 0, 0, 0, 0, 0, 16, 0
1776964860, 0, 178, 710, 709, 0, 7.50%, 0, 0, 2, 5.67, 16, 111, 0, 370, 103509, 38749, 0, 0.000, 0, 0, 0.000000, 0.000000, 0, 0, 0, 0, 0, 0, 16, 0
1776964865, 0, 178, 711, 710, 0, 7.50%, 0, 0, 2, 5.00, 16, 111, 0, 370, 103509, 38749, 0, 0.000, 0, 0, 0.000000, 0.000000, 0, 0, 0, 0, 0, 0, 16, 0
1776964896, 0, 178, 712, 711, 0, 7.51%, 0, 0, 2, 5.22, 16, 111, 0, 370, 103509, 38749, 0, 0.000, 0, 0, 0.000000, 0.000000, 0, 0, 0, 0, 0, 0, 16, 0
1776964902, 0, 178, 713, 712, 0, 7.51%, 0, 0, 2, 1.68, 16, 111, 0, 370, 103509, 38749, 0, 0.000, 0, 0, 0.000000, 0.000000, 0, 0, 0, 0, 0, 0, 16, 0
1776964912, 0, 178, 714, 713, 0, 7.51%, 0, 0, 2, 4.88, 16, 111, 0, 370, 103509, 38749, 0, 0.000, 0, 0, 0.000000, 0.000000, 0, 0, 0, 0, 0, 0, 16, 0
1776964927, 0, 178, 715, 714, 0, 7.51%, 0, 0, 2, 4.98, 16, 111, 0, 370, 103509, 38749, 0, 0.000, 0, 0, 0.000000, 0.000000, 0, 0, 0, 0, 0, 0, 16, 0
1776964953, 0, 178, 716, 715, 0, 7.51%, 0, 0, 2, 0.66, 16, 111, 0, 370, 103509, 38749, 0, 0.000, 0, 0, 0.000000, 0.000000, 0, 0, 0, 0, 0, 0, 16, 0
1776964963, 0, 178, 717, 716, 0, 7.51%, 0, 0, 2, 5.02, 16, 111, 0, 370, 103509, 38749, 0, 0.000, 0, 0, 0.000000, 0.000000, 0, 0, 0, 0, 0, 0, 16, 0
1776964968, 0, 178, 718, 717, 0, 7.51%, 0, 0, 2, 4.86, 16, 111, 0, 370, 103509, 38749, 0, 0.000, 0, 0, 0.000000, 0.000000, 0, 0, 0, 0, 0, 0, 16, 0
1776964989, 0, 178, 719, 718, 0, 7.51%, 0, 0, 2, 5.16, 16, 111, 0, 370, 103509, 38749, 0, 0.000, 0, 0, 0.000000, 0.000000, 0, 0, 0, 0, 0, 0, 16, 0
1776965005, 0, 178, 720, 719, 0, 7.51%, 0, 0, 2, 5.14, 16, 111, 0, 370, 103509, 38749, 0, 0.000, 0, 0, 0.000000, 0.000000, 0, 0, 0, 0, 0, 0, 16, 0
1776965083, 0, 178, 721, 720, 0, 7.51%, 0, 0, 2, 5.96, 16, 111, 0, 370, 103509, 38749, 0, 0.000, 0, 0, 0.000000, 0.000000, 0, 0, 0, 0, 0, 0, 17, 0
1776965129, 0, 178, 722, 721, 0, 7.52%, 0, 0, 2, 4.81, 16, 111, 0, 370, 103509, 38749, 0, 0.000, 0, 0, 0.000000, 0.000000, 0, 0, 0, 0, 0, 0, 18, 0
1776965202, 0, 178, 723, 722, 0, 7.52%, 0, 0, 2, 0.66, 16, 111, 0, 370, 103509, 38749, 0, 0.000, 0, 0, 0.000000, 0.000000, 0, 0, 0, 0, 0, 0, 19, 0
1776965223, 0, 178, 724, 723, 0, 7.52%, 0, 0, 2, 4.94, 16, 111, 0, 370, 103509, 38749, 0, 0.000, 0, 0, 0.000000, 0.000000, 0, 0, 0, 0, 0, 0, 19, 0
1776965228, 0, 178, 725, 724, 0, 7.52%, 0, 0, 2, 5.20, 16, 111, 0, 370, 103509, 38749, 0, 0.000, 0, 0, 0.000000, 0.000000, 0, 0, 0, 0, 0, 0, 19, 0
1776965234, 0, 178, 726, 725, 0, 7.52%, 0, 0, 2, 4.90, 16, 111, 0, 370, 103509, 38749, 0, 0.000, 0, 0, 0.000000, 0.000000, 0, 0, 0, 0, 0, 0, 19, 0
1776965306, 0, 178, 727, 726, 0, 7.53%, 0, 0, 2, 4.77, 16, 111, 0, 370, 103509, 38749, 0, 0.000, 0, 0, 0.000000, 0.000000, 0, 0, 0, 0, 0, 0, 20, 0
1776965462, 0, 178, 728, 727, 0, 7.53%, 0, 0, 2, 4.89, 16, 111, 0, 370, 103509, 38749, 0, 0.000, 0, 0, 0.000000, 0.000000, 0, 0, 0, 0, 0, 0, 23, 0
1776965467, 0, 178, 730, 729, 0, 7.53%, 0, 0, 2, 4.71, 16, 113, 0, 370, 103509, 38749, 0, 0.000, 0, 0, 0.000000, 0.000000, 0, 0, 0, 0, 0, 0, 23, 0
1776965503, 0, 178, 731, 730, 0, 7.53%, 0, 0, 2, 4.89, 16, 113, 0, 370, 103509, 38749, 0, 0.000, 0, 0, 0.000000, 0.000000, 0, 0, 0, 0, 0, 0, 23, 0
1776965534, 1, 0, 732, 730, 15, 7.53%, 0, 0, 2, 5.25, 16, 113, 0, 370, 103509, 38749, 0, 0.000, 0, 0, 0.000000, 0.000000, 0, 0, 0, 0, 0, 0, 23, 0
1776965539, 1, 0, 733, 731, 15, 7.53%, 0, 0, 2, 5.74, 16, 113, 0, 370, 103509, 38749, 0, 0.000, 0, 0, 0.000000, 0.000000, 0, 0, 0, 0, 0, 0, 23, 0
1776965545, 1, 0, 734, 732, 15, 7.53%, 0, 0, 2, 5.43, 16, 113, 0, 370, 103509, 38749, 0, 0.000, 0, 0, 0.000000, 0.000000, 0, 0, 0, 0, 0, 0, 23, 0
1776965550, 1, 0, 735, 733, 15, 7.53%, 0, 0, 2, 5.47, 16, 113, 0, 370, 103509, 38749, 0, 0.000, 0, 0, 0.000000, 0.000000, 0, 0, 0, 0, 0, 0, 23, 0
1776965555, 1, 0, 737, 735, 15, 7.53%, 0, 0, 2, 5.70, 16, 113, 0, 370, 103509, 38749, 0, 0.000, 0, 0, 0.000000, 0.000000, 0, 0, 0, 0, 0, 0, 23, 0
1776965560, 1, 0, 739, 737, 15, 7.53%, 0, 0, 2, 6.26, 16, 113, 0, 370, 103509, 38749, 0, 0.000, 0, 0, 0.000000, 0.000000, 0, 0, 0, 0, 0, 0, 23, 0
1776965571, 1, 0, 740, 738, 15, 7.54%, 0, 0, 2, 0.66, 16, 113, 0, 370, 103509, 38749, 0, 0.000, 0, 0, 0.000000, 0.000000, 0, 0, 0, 0, 0, 0, 23, 0
1776965581, 1, 0, 742, 740, 15, 7.54%, 0, 0, 2, 5.26, 16, 113, 0, 370, 103509, 38749, 0, 0.000, 0, 0, 0.000000, 0.000000, 0, 0, 0, 0, 0, 0, 23, 0
1776965587, 1, 0, 743, 741, 15, 7.54%, 0, 0, 2, 5.38, 16, 113, 0, 370, 103509, 38749, 0, 0.000, 0, 0, 0.000000, 0.000000, 0, 0, 0, 0, 0, 0, 23, 0
1776965597, 1, 0, 744, 742, 15, 7.54%, 0, 0, 2, 5.58, 16, 113, 0, 370, 103509, 38749, 0, 0.000, 0, 0, 0.000000, 0.000000, 0, 0, 0, 0, 0, 0, 23, 0
1776965612, 1, 0, 745, 743, 15, 7.54%, 0, 0, 2, 5.14, 16, 113, 0, 370, 103509, 38749, 0, 0.000, 0, 0, 0.000000, 0.000000, 0, 0, 0, 0, 0, 0, 23, 0
1776965623, 1, 0, 746, 744, 15, 7.54%, 0, 0, 2, 5.31, 16, 113, 0, 370, 103509, 38749, 0, 0.000, 0, 0, 0.000000, 0.000000, 0, 0, 0, 0, 0, 0, 23, 0
1776965654, 1, 0, 747, 745, 15, 7.55%, 0, 0, 2, 5.48, 16, 113, 0, 370, 103509, 38749, 0, 0.000, 0, 0, 0.000000, 0.000000, 0, 0, 0, 0, 0, 0, 23, 0
1776965659, 1, 0, 748, 746, 15, 7.55%, 0, 0, 2, 5.60, 16, 113, 0, 370, 103509, 38749, 0, 0.000, 0, 0, 0.000000, 0.000000, 0, 0, 0, 0, 0, 0, 23, 0
1776965664, 1, 0, 749, 747, 15, 7.55%, 0, 0, 2, 5.56, 16, 113, 0, 370, 103509, 38749, 0, 0.000, 0, 0, 0.000000, 0.000000, 0, 0, 0, 0, 0, 0, 23, 0
1776965680, 1, 0, 750, 748, 15, 7.55%, 0, 0, 2, 3.12, 16, 113, 0, 370, 103509, 38749, 0, 0.000, 0, 0, 0.000000, 0.000000, 0, 0, 0, 0, 0, 0, 23, 0
1776965717, 1, 0, 751, 749, 15, 7.55%, 0, 0, 2, 5.47, 16, 113, 0, 370, 103509, 38749, 0, 0.000, 0, 0, 0.000000, 0.000000, 0, 0, 0, 0, 0, 0, 23, 0
1776965722, 1, 0, 752, 750, 15, 7.55%, 0, 0, 2, 5.56, 16, 113, 0, 370, 103509, 38749, 0, 0.000, 0, 0, 0.000000, 0.000000, 0, 0, 0, 0, 0, 0, 23, 0
1776965727, 1, 0, 753, 751, 15, 7.55%, 0, 0, 2, 4.51, 16, 114, 0, 370, 103509, 38749, 0, 0.000, 0, 0, 0.000000, 0.000000, 0, 0, 0, 0, 0, 0, 23, 0
1776965743, 1, 0, 755, 753, 15, 7.55%, 0, 0, 2, 5.64, 16, 115, 0, 370, 103509, 38749, 0, 0.000, 0, 0, 0.000000, 0.000000, 0, 0, 0, 0, 0, 0, 23, 0
1776965753, 1, 0, 756, 754, 15, 7.56%, 0, 0, 2, 1.10, 16, 115, 0, 370, 103509, 38749, 0, 0.000, 0, 0, 0.000000, 0.000000, 0, 0, 0, 0, 0, 0, 23, 0
1776965764, 1, 0, 758, 756, 15, 7.56%, 0, 0, 2, 5.06, 16, 115, 0, 370, 103509, 38749, 0, 0.000, 0, 0, 0.000000, 0.000000, 0, 0, 0, 0, 0, 0, 23, 0
1776965779, 1, 0, 759, 757, 15, 7.56%, 0, 0, 2, 5.86, 16, 115, 0, 370, 103509, 38749, 0, 0.000, 0, 0, 0.000000, 0.000000, 0, 0, 0, 0, 0, 0, 23, 0
1776965821, 1, 0, 760, 758, 15, 7.56%, 0, 0, 2, 5.68, 16, 115, 0, 370, 103509, 38749, 0, 0.000, 0, 0, 0.000000, 0.000000, 0, 0, 0, 0, 0, 0, 24, 0
1776965843, 1, 0, 761, 759, 15, 7.56%, 0, 0, 2, 5.09, 16, 115, 0, 370, 103509, 38749, 0, 0.000, 0, 0, 0.000000, 0.000000, 0, 0, 0, 0, 0, 0, 24, 0
1776965858, 1, 0, 762, 760, 15, 7.56%, 0, 0, 2, 5.43, 16, 116, 0, 370, 103509, 38749, 0, 0.000, 0, 0, 0.000000, 0.000000, 0, 0, 0, 0, 0, 0, 24, 0
1776965874, 1, 0, 763, 761, 15, 7.56%, 0, 0, 2, 5.73, 16, 116, 0, 370, 103509, 38749, 0, 0.000, 0, 0, 0.000000, 0.000000, 0, 0, 0, 0, 0, 0, 24, 0
1776965879, 1, 0, 764, 762, 15, 7.56%, 0, 0, 2, 5.38, 16, 116, 0, 370, 103509, 38749, 0, 0.000, 0, 0, 0.000000, 0.000000, 0, 0, 0, 0, 0, 0, 24, 0
1776965941, 1, 0, 765, 763, 15, 7.56%, 0, 0, 2, 5.42, 16, 116, 0, 370, 103509, 38749, 0, 0.000, 0, 0, 0.000000, 0.000000, 0, 0, 0, 0, 0, 0, 25, 0
1776965952, 1, 0, 766, 764, 15, 7.56%, 0, 0, 2, 4.54, 16, 117, 0, 370, 103509, 38749, 0, 0.000, 0, 0, 0.000000, 0.000000, 0, 0, 0, 0, 0, 0, 25, 0
1776965989, 1, 0, 767, 765, 15, 7.56%, 0, 0, 2, 6.41, 16, 117, 0, 370, 103509, 38749, 0, 0.000, 0, 0, 0.000000, 0.000000, 0, 0, 0, 0, 0, 0, 25, 0
1776966051, 1, 0, 768, 766, 15, 7.57%, 0, 0, 2, 5.56, 16, 117, 0, 370, 103509, 38749, 0, 0.000, 0, 0, 0.000000, 0.000000, 0, 0, 0, 0, 0, 0, 26, 0
1776966067, 1, 0, 769, 767, 15, 7.57%, 0, 0, 2, 5.70, 16, 117, 0, 370, 103509, 38749, 0, 0.000, 0, 0, 0.000000, 0.000000, 0, 0, 0, 0, 0, 0, 26, 0
1776966072, 1, 0, 770, 768, 15, 7.57%, 0, 0, 2, 4.95, 16, 117, 0, 370, 103509, 38749, 0, 0.000, 0, 0, 0.000000, 0.000000, 0, 0, 0, 0, 0, 0, 26, 0
1776966098, 1, 0, 771, 769, 15, 7.57%, 0, 0, 2, 1.10, 16, 117, 0, 370, 103509, 38749, 0, 0.000, 0, 0, 0.000000, 0.000000, 0, 0, 0, 0, 0, 0, 26, 0
1776966149, 1, 0, 772, 770, 15, 7.57%, 0, 0, 2, 6.83, 16, 117, 0, 370, 103509, 38749, 0, 0.000, 0, 0, 0.000000, 0.000000, 0, 0, 0, 0, 0, 0, 27, 0
1776966164, 1, 0, 773, 771, 15, 7.57%, 0, 0, 2, 5.53, 16, 117, 0, 370, 103509, 38749, 0, 0.000, 0, 0, 0.000000, 0.000000, 0, 0, 0, 0, 0, 0, 27, 0
1776966206, 1, 0, 774, 772, 15, 7.57%, 0, 0, 2, 5.31, 16, 117, 0, 370, 103509, 38749, 0, 0.000, 0, 0, 0.000000, 0.000000, 0, 0, 0, 0, 0, 0, 28, 0
1776966211, 1, 0, 775, 773, 15, 7.57%, 0, 0, 2, 5.42, 16, 117, 0, 370, 103509, 38749, 0, 0.000, 0, 0, 0.000000, 0.000000, 0, 0, 0, 0, 0, 0, 28, 0
1776966217, 1, 0, 776, 774, 15, 7.57%, 0, 0, 2, 7.06, 16, 117, 0, 370, 103509, 38749, 0, 0.000, 0, 0, 0.000000, 0.000000, 0, 0, 0, 0, 0, 0, 28, 0
1776966227, 1, 0, 777, 775, 15, 7.57%, 0, 0, 2, 4.97, 16, 117, 0, 370, 103509, 38749, 0, 0.000, 0, 0, 0.000000, 0.000000, 0, 0, 0, 0, 0, 0, 28, 0
1776966263, 1, 0, 778, 776, 15, 7.57%, 0, 0, 2, 5.35, 16, 117, 0, 370, 103509, 38749, 0, 0.000, 0, 0, 0.000000, 0.000000, 0, 0, 0, 0, 0, 0, 28, 0
1776966273, 1, 0, 779, 777, 15, 7.57%, 0, 0, 2, 5.64, 16, 117, 0, 370, 103509, 38749, 0, 0.000, 0, 0, 0.000000, 0.000000, 0, 0, 0, 0, 0, 0, 28, 0
1776966363, 1, 0, 780, 778, 15, 7.57%, 0, 0, 2, 6.03, 16, 117, 0, 370, 103509, 38749, 0, 0.000, 0, 0, 0.000000, 0.000000, 0, 0, 0, 0, 0, 0, 30, 0
1776966368, 1, 0, 781, 779, 15, 7.57%, 0, 0, 2, 6.35, 16, 117, 0, 370, 103509, 38749, 0, 0.000, 0, 0, 0.000000, 0.000000, 0, 0, 0, 0, 0, 0, 30, 0
1776966405, 1, 0, 782, 780, 15, 7.57%, 0, 0, 2, 5.91, 16, 117, 0, 370, 103509, 38749, 0, 0.000, 0, 0, 0.000000, 0.000000, 0, 0, 0, 0, 0, 0, 30, 0
1776966420, 1, 0, 783, 781, 15, 7.57%, 0, 0, 2, 6.38, 16, 117, 0, 370, 103509, 38749, 0, 0.000, 0, 0, 0.000000, 0.000000, 0, 0, 0, 0, 0, 0, 30, 0
1776966425, 1, 0, 784, 782, 15, 7.57%, 0, 0, 2, 5.47, 16, 117, 0, 370, 103509, 38749, 0, 0.000, 0, 0, 0.000000, 0.000000, 0, 0, 0, 0, 0, 0, 30, 0
1776966468, 1, 0, 785, 783, 15, 7.58%, 0, 0, 2, 5.74, 16, 117, 0, 370, 103509, 38749, 0, 0.000, 0, 0, 0.000000, 0.000000, 0, 0, 0, 0, 0, 0, 31, 0
1776966473, 1, 0, 786, 784, 15, 7.59%, 0, 0, 2, 5.23, 16, 117, 0, 370, 103509, 38749, 0, 0.000, 0, 0, 0.000000, 0.000000, 0, 0, 0, 0, 0, 0, 31, 0
1776966499, 1, 0, 787, 785, 15, 7.59%, 0, 0, 2, 5.45, 16, 117, 0, 370, 103509, 38749, 0, 0.000, 0, 0, 0.000000, 0.000000, 0, 0, 0, 0, 0, 0, 31, 0
1776966535, 1, 0, 788, 786, 15, 7.60%, 0, 0, 2, 6.00, 16, 117, 0, 370, 103509, 38749, 0, 0.000, 0, 0, 0.000000, 0.000000, 0, 0, 0, 0, 0, 0, 31, 0
1776966556, 1, 0, 789, 787, 15, 7.60%, 0, 0, 2, 6.03, 16, 117, 0, 370, 103509, 38749, 0, 0.000, 0, 0, 0.000000, 0.000000, 0, 0, 0, 0, 0, 0, 31, 0
1776966567, 1, 0, 790, 788, 15, 7.60%, 0, 0, 2, 4.62, 16, 117, 0, 370, 103509, 38749, 0, 0.000, 0, 0, 0.000000, 0.000000, 0, 0, 0, 0, 0, 0, 31, 0
1776966598, 1, 0, 791, 789, 15, 7.60%, 0, 0, 2, 6.30, 16, 117, 0, 370, 103509, 38749, 0, 0.000, 0, 0, 0.000000, 0.000000, 0, 0, 0, 0, 0, 0, 31, 0
1776966692, 1, 0, 792, 790, 15, 7.60%, 0, 0, 2, 5.70, 16, 117, 0, 370, 103509, 38749, 0, 0.000, 0, 0, 0.000000, 0.000000, 0, 0, 0, 0, 0, 0, 33, 0
1776966702, 1, 0, 793, 791, 15, 7.60%, 0, 0, 2, 5.54, 16, 117, 0, 370, 103509, 38749, 0, 0.000, 0, 0, 0.000000, 0.000000, 0, 0, 0, 0, 0, 0, 33, 0
1776966713, 1, 0, 794, 792, 15, 7.60%, 0, 0, 2, 6.39, 16, 117, 0, 370, 103509, 38749, 0, 0.000, 0, 0, 0.000000, 0.000000, 0, 0, 0, 0, 0, 0, 33, 0
1776966806, 1, 0, 795, 793, 15, 7.60%, 0, 0, 2, 5.29, 16, 117, 0, 370, 103509, 38749, 0, 0.000, 0, 0, 0.000000, 0.000000, 0, 0, 0, 0, 0, 0, 35, 0
1776966889, 1, 0, 796, 794, 15, 7.60%, 0, 0, 2, 5.30, 16, 117, 0, 370, 103509, 38749, 0, 0.000, 0, 0, 0.000000, 0.000000, 0, 0, 0, 0, 0, 0, 37, 0
1776966931, 1, 0, 797, 795, 15, 7.60%, 0, 0, 2, 5.19, 16, 117, 0, 370, 103509, 38749, 0, 0.000, 0, 0, 0.000000, 0.000000, 0, 0, 0, 0, 0, 0, 37, 0
1776966952, 1, 0, 798, 796, 15, 7.60%, 0, 0, 2, 5.69, 16, 117, 0, 370, 103509, 38749, 0, 0.000, 0, 0, 0.000000, 0.000000, 0, 0, 0, 0, 0, 0, 37, 0
1776966973, 1, 0, 799, 797, 15, 7.61%, 0, 0, 2, 5.27, 16, 117, 0, 370, 103509, 38749, 0, 0.000, 0, 0, 0.000000, 0.000000, 0, 0, 0, 0, 0, 0, 37, 0
