# unix_time, cycles_done, cur_path, paths_total, pending_total, pending_favs, map_size, unique_crashes, unique_hangs, max_depth, execs_per_sec, n_nodes, n_edges, chat_times, llm_calls, llm_prompt_tok, llm_compl_tok, llm_dedup, hyp_fitness, hyp_success, hyp_failure, mqtt_diff_avg, mqtt_diff_last, mqtt_diff_pos
1777098634, 0, 0, 461, 461, 30, 6.41%, 0, 0, 2, 4.56, 14, 95, 0, 370, 103287, 38949, 0, 0.000, 0, 0, 0.000000, 0.000000, 0, 0, 0, 0, 0, 0, 0, 0
1777098639, 0, 0, 463, 463, 30, 6.69%, 0, 0, 2, 5.54, 15, 98, 0, 370, 103287, 38949, 0, 0.000, 0, 0, 0.000000, 0.000000, 0, 0, 0, 0, 0, 0, 0, 0
1777098644, 0, 0, 466, 466, 30, 6.70%, 0, 0, 2, 5.50, 15, 100, 0, 370, 103287, 38949, 0, 0.000, 0, 0, 0.000000, 0.000000, 0, 0, 0, 0, 0, 0, 0, 0
1777098649, 0, 0, 468, 468, 30, 6.78%, 0, 0, 2, 4.51, 15, 100, 0, 370, 103287, 38949, 0, 0.000, 0, 0, 0.000000, 0.000000, 0, 0, 0, 0, 0, 0, 0, 0
1777098654, 0, 0, 472, 472, 30, 6.80%, 0, 0, 2, 5.90, 15, 102, 0, 370, 103287, 38949, 0, 0.000, 0, 0, 0.000000, 0.000000, 0, 0, 0, 0, 0, 0, 0, 0
1777098659, 0, 0, 474, 474, 30, 6.82%, 0, 0, 2, 5.73, 15, 103, 0, 370, 103287, 38949, 0, 0.000, 0, 0, 0.000000, 0.000000, 0, 0, 0, 0, 0, 0, 0, 0
1777098665, 0, 0, 477, 477, 30, 6.82%, 0, 0, 2, 5.71, 15, 103, 0, 370, 103287, 38949, 0, 0.000, 0, 0, 0.000000, 0.000000, 0, 0, 0, 0, 0, 0, 0, 0
1777098670, 0, 0, 479, 479, 30, 6.82%, 0, 0, 2, 5.50, 15, 106, 0, 370, 103287, 38949, 0, 0.000, 0, 0, 0.000000, 0.000000, 0, 0, 0, 0, 0, 0, 0, 0
1777098675, 0, 0, 481, 481, 30, 6.84%, 0, 0, 2, 5.49, 15, 106, 0, 370, 103287, 38949, 0, 0.000, 0, 0, 0.000000, 0.000000, 0, 0, 0, 0, 0, 0, 0, 0
1777098680, 0, 0, 483, 483, 30, 6.84%, 0, 0, 2, 4.70, 15, 106, 0, 370, 103287, 38949, 0, 0.000, 0, 0, 0.000000, 0.000000, 0, 0, 0, 0, 0, 0, 0, 0
1777098685, 0, 0, 484, 484, 30, 6.84%, 0, 0, 2, 0.67, 15, 106, 0, 370, 103287, 38949, 0, 0.000, 0, 0, 0.000000, 0.000000, 0, 0, 0, 0, 0, 0, 0, 0
1777098691, 0, 0, 486, 486, 30, 6.85%, 0, 0, 2, 5.22, 15, 106, 0, 370, 103287, 38949, 0, 0.000, 0, 0, 0.000000, 0.000000, 0, 0, 0, 0, 0, 0, 0, 0
1777098696, 0, 0, 489, 489, 30, 6.85%, 0, 0, 2, 5.89, 15, 106, 0, 370, 103287, 38949, 0, 0.000, 0, 0, 0.000000, 0.000000, 0, 0, 0, 0, 0, 0, 0, 0
1777098701, 0, 0, 490, 490, 30, 6.85%, 0, 0, 2, 6.04, 15, 106, 0, 370, 103287, 38949, 0, 0.000, 0, 0, 0.000000, 0.000000, 0, 0, 0, 0, 0, 0, 0, 0
1777098706, 0, 0, 491, 491, 30, 6.86%, 0, 0, 2, 5.48, 15, 106, 0, 370, 103287, 38949, 0, 0.000, 0, 0, 0.000000, 0.000000, 0, 0, 0, 0, 0, 0, 0, 0
1777098711, 0, 0, 493, 493, 30, 6.87%, 0, 0, 2, 5.55, 15, 107, 0, 370, 103287, 38949, 0, 0.000, 0, 0, 0.000000, 0.000000, 0, 0, 0, 0, 0, 0, 0, 0
1777098717, 0, 0, 495, 495, 30, 6.88%, 0, 0, 2, 5.72, 15, 107, 0, 370, 103287, 38949, 0, 0.000, 0, 0, 0.000000, 0.000000, 0, 0, 0, 0, 0, 0, 0, 0
1777098722, 0, 0, 496, 496, 30, 6.89%, 0, 0, 2, 5.63, 15, 107, 0, 370, 103287, 38949, 0, 0.000, 0, 0, 0.000000, 0.000000, 0, 0, 0, 0, 0, 0, 0, 0
1777098727, 0, 0, 497, 497, 30, 6.90%, 0, 0, 2, 5.50, 15, 107, 0, 370, 103287, 38949, 0, 0.000, 0, 0, 0.000000, 0.000000, 0, 0, 0, 0, 0, 0, 0, 0
1777098732, 0, 0, 499, 499, 30, 6.91%, 0, 0, 2, 5.45, 15, 107, 0, 370, 103287, 38949, 0, 0.000, 0, 0, 0.000000, 0.000000, 0, 0, 0, 0, 0, 0, 0, 0
1777098737, 0, 0, 502, 502, 30, 6.92%, 0, 0, 2, 5.80, 15, 107, 0, 370, 103287, 38949, 0, 0.000, 0, 0, 0.000000, 0.000000, 0, 0, 0, 0, 0, 0, 0, 0
1777098743, 0, 0, 504, 504, 30, 6.93%, 0, 0, 2, 5.23, 15, 107, 0, 370, 103287, 38949, 0, 0.000, 0, 0, 0.000000, 0.000000, 0, 0, 0, 0, 0, 0, 0, 0
1777098748, 0, 0, 505, 505, 30, 6.94%, 0, 0, 2, 5.37, 15, 107, 0, 370, 103287, 38949, 0, 0.000, 0, 0, 0.000000, 0.000000, 0, 0, 0, 0, 0, 0, 0, 0
1777098753, 0, 0, 506, 506, 30, 6.94%, 0, 0, 2, 5.85, 15, 107, 0, 370, 103287, 38949, 0, 0.000, 0, 0, 0.000000, 0.000000, 0, 0, 0, 0, 0, 0, 0, 0
1777098758, 0, 0, 508, 508, 30, 6.97%, 0, 0, 2, 5.84, 16, 108, 0, 370, 103287, 38949, 0, 0.000, 0, 0, 0.000000, 0.000000, 0, 0, 0, 0, 0, 0, 0, 0
1777098769, 0, 0, 509, 509, 30, 6.97%, 0, 0, 2, 5.17, 16, 108, 0, 370, 103287, 38949, 0, 0.000, 0, 0, 0.000000, 0.000000, 0, 0, 0, 0, 0, 0, 0, 0
1777098785, 0, 0, 511, 511, 30, 7.04%, 0, 0, 2, 5.28, 16, 111, 0, 370, 103287, 38949, 0, 0.000, 0, 0, 0.000000, 0.000000, 0, 0, 0, 0, 0, 0, 0, 0
1777098795, 0, 0, 513, 513, 30, 7.05%, 0, 0, 2, 5.44, 16, 111, 0, 370, 103287, 38949, 0, 0.000, 0, 0, 0.000000, 0.000000, 0, 0, 0, 0, 0, 0, 0, 0
1777098801, 0, 0, 515, 515, 30, 7.05%, 0, 0, 2, 0.66, 16, 111, 0, 370, 103287, 38949, 0, 0.000, 0, 0, 0.000000, 0.000000, 0, 0, 0, 0, 0, 0, 0, 0
1777098811, 0, 0, 517, 517, 30, 7.06%, 0, 0, 2, 5.24, 16, 111, 0, 370, 103287, 38949, 0, 0.000, 0, 0, 0.000000, 0.000000, 0, 0, 0, 0, 0, 0, 0, 0
1777098816, 0, 0, 519, 519, 30, 7.06%, 0, 0, 2, 6.26, 16, 111, 0, 370, 103287, 38949, 0, 0.000, 0, 0, 0.000000, 0.000000, 0, 0, 0, 0, 0, 0, 0, 0
1777098821, 0, 0, 520, 520, 30, 7.06%, 0, 0, 2, 5.81, 16, 111, 0, 370, 103287, 38949, 0, 0.000, 0, 0, 0.000000, 0.000000, 0, 0, 0, 0, 0, 0, 0, 0
1777098831, 0, 0, 521, 521, 30, 7.06%, 0, 0, 2, 3.14, 16, 111, 0, 370, 103287, 38949, 0, 0.000, 0, 0, 0.000000, 0.000000, 0, 0, 0, 0, 0, 0, 0, 0
1777098842, 0, 0, 522, 522, 30, 7.06%, 0, 0, 2, 7.04, 16, 111, 0, 370, 103287, 38949, 0, 0.000, 0, 0, 0.000000, 0.000000, 0, 0, 0, 0, 0, 0, 0, 0
1777098852, 0, 0, 523, 523, 30, 7.06%, 0, 0, 2, 3.17, 16, 111, 0, 370, 103287, 38949, 0, 0.000, 0, 0, 0.000000, 0.000000, 0, 0, 0, 0, 0, 0, 0, 0
1777098857, 0, 0, 524, 524, 30, 7.07%, 0, 0, 2, 4.85, 16, 111, 0, 370, 103287, 38949, 0, 0.000, 0, 0, 0.000000, 0.000000, 0, 0, 0, 0, 0, 0, 0, 0
1777098863, 0, 0, 525, 525, 30, 7.07%, 0, 0, 2, 5.15, 16, 111, 0, 370, 103287, 38949, 0, 0.000, 0, 0, 0.000000, 0.000000, 0, 0, 0, 0, 0, 0, 0, 0
1777098878, 0, 0, 526, 526, 30, 7.08%, 0, 0, 2, 4.58, 16, 111, 0, 370, 103287, 38949, 0, 0.000, 0, 0, 0.000000, 0.000000, 0, 0, 0, 0, 0, 0, 0, 0
1777098883, 0, 0, 527, 527, 30, 7.08%, 0, 0, 2, 5.35, 16, 111, 0, 370, 103287, 38949, 0, 0.000, 0, 0, 0.000000, 0.000000, 0, 0, 0, 0, 0, 0, 0, 0
1777098899, 0, 0, 528, 528, 30, 7.08%, 0, 0, 2, 5.50, 16, 111, 0, 370, 103287, 38949, 0, 0.000, 0, 0, 0.000000, 0.000000, 0, 0, 0, 0, 0, 0, 0, 0
1777098909, 0, 0, 529, 529, 30, 7.10%, 0, 0, 2, 3.18, 16, 112, 0, 370, 103287, 38949, 0, 0.000, 0, 0, 0.000000, 0.000000, 0, 0, 0, 0, 0, 0, 0, 0
1777098919, 0, 0, 531, 531, 30, 7.10%, 0, 0, 2, 5.61, 16, 112, 0, 370, 103287, 38949, 0, 0.000, 0, 0, 0.000000, 0.000000, 0, 0, 0, 0, 0, 0, 0, 0
1777098924, 0, 0, 533, 533, 30, 7.12%, 0, 0, 2, 5.91, 16, 112, 0, 370, 103287, 38949, 0, 0.000, 0, 0, 0.000000, 0.000000, 0, 0, 0, 0, 0, 0, 0, 0
1777098929, 0, 0, 534, 534, 30, 7.12%, 0, 0, 2, 5.74, 16, 114, 0, 370, 103287, 38949, 0, 0.000, 0, 0, 0.000000, 0.000000, 0, 0, 0, 0, 0, 0, 0, 0
1777098940, 0, 0, 535, 535, 30, 7.12%, 0, 0, 2, 5.73, 16, 114, 0, 370, 103287, 38949, 0, 0.000, 0, 0, 0.000000, 0.000000, 0, 0, 0, 0, 0, 0, 0, 0
1777098945, 0, 0, 536, 536, 30, 7.12%, 0, 0, 2, 6.16, 16, 114, 0, 370, 103287, 38949, 0, 0.000, 0, 0, 0.000000, 0.000000, 0, 0, 0, 0, 0, 0, 0, 0
1777098955, 0, 0, 537, 537, 30, 7.12%, 0, 0, 2, 5.70, 16, 114, 0, 370, 103287, 38949, 0, 0.000, 0, 0, 0.000000, 0.000000, 0, 0, 0, 0, 0, 0, 0, 0
1777098965, 0, 0, 538, 538, 30, 7.12%, 0, 0, 2, 5.54, 16, 114, 0, 370, 103287, 38949, 0, 0.000, 0, 0, 0.000000, 0.000000, 0, 0, 0, 0, 0, 0, 0, 0
1777098976, 0, 0, 539, 539, 30, 7.13%, 0, 0, 2, 5.90, 16, 114, 0, 370, 103287, 38949, 0, 0.000, 0, 0, 0.000000, 0.000000, 0, 0, 0, 0, 0, 0, 0, 0
1777098991, 0, 0, 540, 540, 30, 7.13%, 0, 0, 2, 4.42, 16, 114, 0, 370, 103287, 38949, 0, 0.000, 0, 0, 0.000000, 0.000000, 0, 0, 0, 0, 0, 0, 0, 0
1777099012, 0, 0, 541, 541, 30, 7.13%, 0, 0, 2, 5.17, 16, 114, 0, 370, 103287, 38949, 0, 0.000, 0, 0, 0.000000, 0.000000, 0, 0, 0, 0, 0, 0, 0, 0
1777099017, 0, 0, 542, 542, 30, 7.14%, 0, 0, 2, 5.55, 16, 114, 0, 370, 103287, 38949, 0, 0.000, 0, 0, 0.000000, 0.000000, 0, 0, 0, 0, 0, 0, 0, 0
1777099038, 0, 0, 543, 543, 30, 7.17%, 0, 0, 2, 5.93, 16, 114, 0, 370, 103287, 38949, 0, 0.000, 0, 0, 0.000000, 0.000000, 0, 0, 0, 0, 0, 0, 0, 0
1777099054, 0, 0, 544, 544, 30, 7.17%, 0, 0, 2, 5.67, 16, 114, 0, 370, 103287, 38949, 0, 0.000, 0, 0, 0.000000, 0.000000, 0, 0, 0, 0, 0, 0, 0, 0
1777099069, 0, 0, 545, 545, 30, 7.17%, 0, 0, 2, 6.02, 16, 114, 0, 370, 103287, 38949, 0, 0.000, 0, 0, 0.000000, 0.000000, 0, 0, 0, 0, 0, 0, 0, 0
1777099079, 0, 0, 546, 546, 30, 7.17%, 0, 0, 2, 5.41, 16, 114, 0, 370, 103287, 38949, 0, 0.000, 0, 0, 0.000000, 0.000000, 0, 0, 0, 0, 0, 0, 0, 0
1777099105, 0, 0, 548, 548, 30, 7.18%, 0, 0, 2, 5.76, 16, 114, 0, 370, 103287, 38949, 0, 0.000, 0, 0, 0.000000, 0.000000, 0, 0, 0, 0, 0, 0, 0, 0
1777099110, 0, 0, 549, 549, 30, 7.19%, 0, 0, 2, 5.47, 16, 114, 0, 370, 103287, 38949, 0, 0.000, 0, 0, 0.000000, 0.000000, 0, 0, 0, 0, 0, 0, 0, 0
1777099121, 0, 0, 550, 550, 30, 7.19%, 0, 0, 2, 5.47, 16, 114, 0, 370, 103287, 38949, 0, 0.000, 0, 0, 0.000000, 0.000000, 0, 0, 0, 0, 0, 0, 0, 0
1777099126, 0, 0, 552, 552, 30, 7.19%, 0, 0, 2, 6.04, 16, 114, 0, 370, 103287, 38949, 0, 0.000, 0, 0, 0.000000, 0.000000, 0, 0, 0, 0, 0, 0, 0, 0
1777099131, 0, 0, 553, 553, 30, 7.19%, 0, 0, 2, 6.36, 16, 114, 0, 370, 103287, 38949, 0, 0.000, 0, 0, 0.000000, 0.000000, 0, 0, 0, 0, 0, 0, 0, 0
1777099136, 0, 0, 554, 554, 30, 7.20%, 0, 0, 2, 2.50, 16, 114, 0, 370, 103287, 38949, 0, 0.000, 0, 0, 0.000000, 0.000000, 0, 0, 0, 0, 0, 0, 0, 0
1777099141, 0, 0, 555, 555, 30, 7.20%, 0, 0, 2, 4.35, 16, 114, 0, 370, 103287, 38949, 0, 0.000, 0, 0, 0.000000, 0.000000, 0, 0, 0, 0, 0, 0, 0, 0
1777099146, 0, 0, 556, 556, 30, 7.20%, 0, 0, 2, 4.73, 16, 114, 0, 370, 103287, 38949, 0, 0.000, 0, 0, 0.000000, 0.000000, 0, 0, 0, 0, 0, 0, 0, 0
1777099183, 0, 0, 557, 557, 30, 7.20%, 0, 0, 2, 9.01, 16, 114, 0, 370, 103287, 38949, 0, 0.000, 0, 0, 0.000000, 0.000000, 0, 0, 0, 0, 0, 0, 0, 0
1777099194, 0, 0, 558, 558, 30, 7.20%, 0, 0, 2, 5.93, 16, 114, 0, 370, 103287, 38949, 0, 0.000, 0, 0, 0.000000, 0.000000, 0, 0, 0, 0, 0, 0, 0, 0
1777099209, 0, 0, 559, 559, 30, 7.20%, 0, 0, 2, 5.65, 16, 115, 0, 370, 103287, 38949, 0, 0.000, 0, 0, 0.000000, 0.000000, 0, 0, 0, 0, 0, 0, 0, 0
1777099214, 0, 0, 560, 560, 30, 7.20%, 0, 0, 2, 7.11, 16, 115, 0, 370, 103287, 38949, 0, 0.000, 0, 0, 0.000000, 0.000000, 0, 0, 0, 0, 0, 0, 0, 0
1777099225, 0, 0, 561, 561, 30, 7.20%, 0, 0, 2, 5.32, 16, 115, 0, 370, 103287, 38949, 0, 0.000, 0, 0, 0.000000, 0.000000, 0, 0, 0, 0, 0, 0, 0, 0
1777099235, 0, 0, 562, 562, 30, 7.21%, 0, 0, 2, 5.97, 16, 115, 0, 370, 103287, 38949, 0, 0.000, 0, 0, 0.000000, 0.000000, 0, 0, 0, 0, 0, 0, 0, 0
1777099240, 0, 0, 563, 563, 30, 7.21%, 0, 0, 2, 5.95, 16, 115, 0, 370, 103287, 38949, 0, 0.000, 0, 0, 0.000000, 0.000000, 0, 0, 0, 0, 0, 0, 0, 0
1777099245, 0, 0, 565, 565, 30, 7.21%, 0, 0, 2, 5.96, 16, 115, 0, 370, 103287, 38949, 0, 0.000, 0, 0, 0.000000, 0.000000, 0, 0, 0, 0, 0, 0, 0, 0
1777099251, 0, 0, 566, 566, 30, 7.21%, 0, 0, 2, 2.86, 16, 115, 0, 370, 103287, 38949, 0, 0.000, 0, 0, 0.000000, 0.000000, 0, 0, 0, 0, 0, 0, 0, 0
1777099256, 0, 0, 567, 567, 30, 7.21%, 0, 0, 2, 4.53, 16, 116, 0, 370, 103287, 38949, 0, 0.000, 0, 0, 0.000000, 0.000000, 0, 0, 0, 0, 0, 0, 0, 0
1777099261, 0, 0, 568, 568, 30, 7.21%, 0, 0, 2, 5.60, 16, 116, 0, 370, 103287, 38949, 0, 0.000, 0, 0, 0.000000, 0.000000, 0, 0, 0, 0, 0, 0, 0, 0
1777099271, 0, 0, 569, 569, 30, 7.21%, 0, 0, 2, 6.05, 16, 116, 0, 370, 103287, 38949, 0, 0.000, 0, 0, 0.000000, 0.000000, 0, 0, 0, 0, 0, 0, 0, 0
1777099277, 0, 0, 570, 570, 30, 7.21%, 0, 0, 2, 5.59, 16, 116, 0, 370, 103287, 38949, 0, 0.000, 0, 0, 0.000000, 0.000000, 0, 0, 0, 0, 0, 0, 0, 0
1777099287, 0, 0, 571, 571, 30, 7.21%, 0, 0, 2, 5.82, 16, 116, 0, 370, 103287, 38949, 0, 0.000, 0, 0, 0.000000, 0.000000, 0, 0, 0, 0, 0, 0, 0, 0
1777099297, 0, 0, 572, 572, 30, 7.22%, 0, 0, 2, 7.48, 16, 116, 0, 370, 103287, 38949, 0, 0.000, 0, 0, 0.000000, 0.000000, 0, 0, 0, 0, 0, 0, 0, 0
1777099313, 0, 0, 573, 573, 30, 7.23%, 0, 0, 2, 4.89, 16, 116, 0, 370, 103287, 38949, 0, 0.000, 0, 0, 0.000000, 0.000000, 0, 0, 0, 0, 0, 0, 0, 0
1777099328, 0, 0, 574, 574, 30, 7.23%, 0, 0, 2, 5.71, 16, 116, 0, 370, 103287, 38949, 0, 0.000, 0, 0, 0.000000, 0.000000, 0, 0, 0, 0, 0, 0, 0, 0
1777099344, 0, 0, 576, 576, 30, 7.23%, 0, 0, 2, 5.20, 16, 116, 0, 370, 103287, 38949, 0, 0.000, 0, 0, 0.000000, 0.000000, 0, 0, 0, 0, 0, 0, 0, 0
1777099350, 0, 0, 577, 577, 30, 7.24%, 0, 0, 2, 5.46, 16, 116, 0, 370, 103287, 38949, 0, 0.000, 0, 0, 0.000000, 0.000000, 0, 0, 0, 0, 0, 0, 0, 0
1777099360, 0, 0, 578, 578, 30, 7.24%, 0, 0, 2, 5.78, 16, 116, 0, 370, 103287, 38949, 0, 0.000, 0, 0, 0.000000, 0.000000, 0, 0, 0, 0, 0, 0, 0, 0
1777099380, 0, 0, 579, 579, 30, 7.25%, 0, 0, 2, 5.43, 16, 116, 0, 370, 103287, 38949, 0, 0.000, 0, 0, 0.000000, 0.000000, 0, 0, 0, 0, 0, 0, 0, 0
1777099401, 0, 0, 580, 580, 30, 7.25%, 0, 0, 2, 5.53, 16, 116, 0, 370, 103287, 38949, 0, 0.000, 0, 0, 0.000000, 0.000000, 0, 0, 0, 0, 0, 0, 0, 0
1777099417, 0, 0, 581, 581, 30, 7.25%, 0, 0, 2, 6.78, 16, 116, 0, 370, 103287, 38949, 0, 0.000, 0, 0, 0.000000, 0.000000, 0, 0, 0, 0, 0, 0, 0, 0
1777099459, 0, 0, 582, 582, 30, 7.25%, 0, 0, 2, 5.19, 16, 116, 0, 370, 103287, 38949, 0, 0.000, 0, 0, 0.000000, 0.000000, 0, 0, 0, 0, 0, 0, 1, 0
1777099469, 0, 0, 583, 583, 30, 7.25%, 0, 0, 2, 5.17, 16, 116, 0, 370, 103287, 38949, 0, 0.000, 0, 0, 0.000000, 0.000000, 0, 0, 0, 0, 0, 0, 1, 0
1777099485, 0, 0, 585, 585, 30, 7.26%, 0, 0, 2, 4.96, 16, 116, 0, 370, 103287, 38949, 0, 0.000, 0, 0, 0.000000, 0.000000, 0, 0, 0, 0, 0, 0, 1, 0
1777099510, 0, 0, 586, 586, 30, 7.27%, 0, 0, 2, 5.61, 16, 116, 0, 370, 103287, 38949, 0, 0.000, 0, 0, 0.000000, 0.000000, 0, 0, 0, 0, 0, 0, 1, 0
1777099537, 0, 0, 587, 587, 30, 7.27%, 0, 0, 2, 6.11, 16, 116, 0, 370, 103287, 38949, 0, 0.000, 0, 0, 0.000000, 0.000000, 0, 0, 0, 0, 0, 0, 1, 0
1777099574, 0, 0, 588, 588, 30, 7.27%, 0, 0, 2, 5.49, 16, 116, 0, 370, 103287, 38949, 0, 0.000, 0, 0, 0.000000, 0.000000, 0, 0, 0, 0, 0, 0, 1, 0
1777099590, 0, 0, 589, 589, 30, 7.27%, 0, 0, 2, 5.79, 16, 116, 0, 370, 103287, 38949, 0, 0.000, 0, 0, 0.000000, 0.000000, 0, 0, 0, 0, 0, 0, 1, 0
1777099600, 0, 0, 590, 590, 30, 7.27%, 0, 0, 2, 4.73, 16, 116, 0, 370, 103287, 38949, 0, 0.000, 0, 0, 0.000000, 0.000000, 0, 0, 0, 0, 0, 0, 1, 0
1777099616, 0, 0, 591, 591, 30, 7.28%, 0, 0, 2, 5.67, 16, 116, 0, 370, 103287, 38949, 0, 0.000, 0, 0, 0.000000, 0.000000, 0, 0, 0, 0, 0, 0, 1, 0
1777099641, 0, 0, 592, 592, 30, 7.28%, 0, 0, 2, 8.26, 16, 116, 0, 370, 103287, 38949, 0, 0.000, 0, 0, 0.000000, 0.000000, 0, 0, 0, 0, 0, 0, 1, 0
1777099646, 0, 0, 593, 593, 30, 7.28%, 0, 0, 2, 6.98, 16, 116, 0, 370, 103287, 38949, 0, 0.000, 0, 0, 0.000000, 0.000000, 0, 0, 0, 0, 0, 0, 1, 0
1777099652, 0, 0, 594, 594, 30, 7.29%, 0, 0, 2, 6.00, 16, 116, 0, 370, 103287, 38949, 0, 0.000, 0, 0, 0.000000, 0.000000, 0, 0, 0, 0, 0, 0, 1, 0
1777099662, 0, 0, 595, 595, 30, 7.29%, 0, 0, 2, 6.09, 16, 116, 0, 370, 103287, 38949, 0, 0.000, 0, 0, 0.000000, 0.000000, 0, 0, 0, 0, 0, 0, 1, 0
1777099667, 0, 0, 596, 596, 30, 7.29%, 0, 0, 2, 1.01, 16, 116, 0, 370, 103287, 38949, 0, 0.000, 0, 0, 0.000000, 0.000000, 0, 0, 0, 0, 0, 0, 1, 0
1777099677, 0, 0, 597, 597, 30, 7.29%, 0, 0, 2, 4.08, 16, 116, 0, 370, 103287, 38949, 0, 0.000, 0, 0, 0.000000, 0.000000, 0, 0, 0, 0, 0, 0, 1, 0
1777099734, 0, 0, 598, 598, 30, 7.29%, 0, 0, 2, 5.38, 16, 116, 0, 370, 103287, 38949, 0, 0.000, 0, 0, 0.000000, 0.000000, 0, 0, 0, 0, 0, 0, 2, 0
1777099739, 0, 0, 599, 599, 30, 7.30%, 0, 0, 2, 5.69, 16, 116, 0, 370, 103287, 38949, 0, 0.000, 0, 0, 0.000000, 0.000000, 0, 0, 0, 0, 0, 0, 2, 0
1777099760, 0, 0, 600, 600, 30, 7.30%, 0, 0, 2, 6.01, 16, 116, 0, 370, 103287, 38949, 0, 0.000, 0, 0, 0.000000, 0.000000, 0, 0, 0, 0, 0, 0, 2, 0
1777099765, 0, 0, 601, 601, 30, 7.30%, 0, 0, 2, 5.54, 16, 116, 0, 370, 103287, 38949, 0, 0.000, 0, 0, 0.000000, 0.000000, 0, 0, 0, 0, 0, 0, 2, 0
1777099775, 0, 0, 602, 602, 30, 7.30%, 0, 0, 2, 5.73, 16, 116, 0, 370, 103287, 38949, 0, 0.000, 0, 0, 0.000000, 0.000000, 0, 0, 0, 0, 0, 0, 2, 0
1777099781, 0, 0, 603, 603, 30, 7.30%, 0, 0, 2, 0.98, 16, 116, 0, 370, 103287, 38949, 0, 0.000, 0, 0, 0.000000, 0.000000, 0, 0, 0, 0, 0, 0, 2, 0
1777099786, 0, 0, 604, 604, 30, 7.30%, 0, 0, 2, 6.59, 16, 116, 0, 370, 103287, 38949, 0, 0.000, 0, 0, 0.000000, 0.000000, 0, 0, 0, 0, 0, 0, 2, 0
1777099807, 0, 0, 605, 605, 30, 7.31%, 0, 0, 2, 5.76, 16, 116, 0, 370, 103287, 38949, 0, 0.000, 0, 0, 0.000000, 0.000000, 0, 0, 0, 0, 0, 0, 2, 0
1777099823, 0, 0, 606, 606, 30, 7.31%, 0, 0, 2, 6.40, 16, 116, 0, 370, 103287, 38949, 0, 0.000, 0, 0, 0.000000, 0.000000, 0, 0, 0, 0, 0, 0, 2, 0
1777099859, 0, 0, 607, 607, 30, 7.31%, 0, 0, 2, 5.73, 16, 116, 0, 370, 103287, 38949, 0, 0.000, 0, 0, 0.000000, 0.000000, 0, 0, 0, 0, 0, 0, 2, 0
1777099870, 0, 0, 608, 608, 30, 7.31%, 0, 0, 2, 7.74, 16, 116, 0, 370, 103287, 38949, 0, 0.000, 0, 0, 0.000000, 0.000000, 0, 0, 0, 0, 0, 0, 2, 0
1777099916, 0, 0, 609, 609, 30, 7.32%, 0, 0, 2, 2.67, 16, 116, 0, 370, 103287, 38949, 0, 0.000, 0, 0, 0.000000, 0.000000, 0, 0, 0, 0, 0, 0, 3, 0
1777099968, 0, 0, 611, 611, 30, 7.33%, 0, 0, 2, 6.40, 16, 116, 0, 370, 103287, 38949, 0, 0.000, 0, 0, 0.000000, 0.000000, 0, 0, 0, 0, 0, 0, 4, 0
1777100005, 0, 0, 613, 613, 30, 7.33%, 0, 0, 2, 7.04, 16, 116, 0, 370, 103287, 38949, 0, 0.000, 0, 0, 0.000000, 0.000000, 0, 0, 0, 0, 0, 0, 4, 0
1777100010, 0, 0, 614, 614, 30, 7.33%, 0, 0, 2, 6.00, 16, 116, 0, 370, 103287, 38949, 0, 0.000, 0, 0, 0.000000, 0.000000, 0, 0, 0, 0, 0, 0, 4, 0
1777100031, 0, 0, 615, 615, 30, 7.33%, 0, 0, 2, 5.88, 16, 116, 0, 370, 103287, 38949, 0, 0.000, 0, 0, 0.000000, 0.000000, 0, 0, 0, 0, 0, 0, 4, 0
1777100036, 0, 0, 616, 616, 30, 7.33%, 0, 0, 2, 5.30, 16, 116, 0, 370, 103287, 38949, 0, 0.000, 0, 0, 0.000000, 0.000000, 0, 0, 0, 0, 0, 0, 4, 0
1777100041, 0, 0, 617, 617, 30, 7.33%, 0, 0, 2, 5.99, 16, 116, 0, 370, 103287, 38949, 0, 0.000, 0, 0, 0.000000, 0.000000, 0, 0, 0, 0, 0, 0, 4, 0
1777100046, 0, 0, 618, 618, 30, 7.33%, 0, 0, 2, 2.95, 16, 116, 0, 370, 103287, 38949, 0, 0.000, 0, 0, 0.000000, 0.000000, 0, 0, 0, 0, 0, 0, 4, 0
1777100053, 0, 0, 619, 619, 30, 7.33%, 0, 0, 2, 0.66, 16, 116, 0, 370, 103287, 38949, 0, 0.000, 0, 0, 0.000000, 0.000000, 0, 0, 0, 0, 0, 0, 4, 0
1777100063, 0, 0, 620, 620, 30, 7.33%, 0, 0, 2, 5.25, 16, 116, 0, 370, 103287, 38949, 0, 0.000, 0, 0, 0.000000, 0.000000, 0, 0, 0, 0, 0, 0, 4, 0
1777100084, 0, 0, 621, 621, 30, 7.34%, 0, 0, 2, 5.55, 16, 116, 0, 370, 103287, 38949, 0, 0.000, 0, 0, 0.000000, 0.000000, 0, 0, 0, 0, 0, 0, 4, 0
1777100099, 0, 0, 622, 622, 30, 7.34%, 0, 0, 2, 5.80, 16, 116, 0, 370, 103287, 38949, 0, 0.000, 0, 0, 0.000000, 0.000000, 0, 0, 0, 0, 0, 0, 4, 0
1777100141, 0, 0, 623, 623, 30, 7.34%, 0, 0, 2, 5.17, 16, 116, 0, 370, 103287, 38949, 0, 0.000, 0, 0, 0.000000, 0.000000, 0, 0, 0, 0, 0, 0, 5, 0
1777100188, 0, 0, 624, 624, 30, 7.34%, 0, 0, 2, 5.61, 16, 116, 0, 370, 103287, 38949, 0, 0.000, 0, 0, 0.000000, 0.000000, 0, 0, 0, 0, 0, 0, 6, 0
1777100193, 0, 0, 625, 625, 30, 7.35%, 0, 0, 2, 5.41, 16, 116, 0, 370, 103287, 38949, 0, 0.000, 0, 0, 0.000000, 0.000000, 0, 0, 0, 0, 0, 0, 6, 0
1777100198, 0, 0, 626, 626, 30, 7.35%, 0, 0, 2, 2.05, 16, 116, 0, 370, 103287, 38949, 0, 0.000, 0, 0, 0.000000, 0.000000, 0, 0, 0, 0, 0, 0, 6, 0
1777100203, 0, 0, 627, 627, 30, 7.35%, 0, 0, 2, 4.44, 16, 116, 0, 370, 103287, 38949, 0, 0.000, 0, 0, 0.000000, 0.000000, 0, 0, 0, 0, 0, 0, 6, 0
1777100209, 0, 0, 628, 628, 30, 7.35%, 0, 0, 2, 5.88, 16, 116, 0, 370, 103287, 38949, 0, 0.000, 0, 0, 0.000000, 0.000000, 0, 0, 0, 0, 0, 0, 6, 0
1777100240, 0, 0, 629, 629, 30, 7.36%, 0, 0, 2, 5.52, 16, 116, 0, 370, 103287, 38949, 0, 0.000, 0, 0, 0.000000, 0.000000, 0, 0, 0, 0, 0, 0, 6, 0
1777100246, 0, 0, 630, 630, 30, 7.37%, 0, 0, 2, 0.66, 16, 117, 0, 370, 103287, 38949, 0, 0.000, 0, 0, 0.000000, 0.000000, 0, 0, 0, 0, 0, 0, 6, 0
1777100267, 0, 0, 631, 631, 30, 7.37%, 0, 0, 2, 5.37, 16, 117, 0, 370, 103287, 38949, 0, 0.000, 0, 0, 0.000000, 0.000000, 0, 0, 0, 0, 0, 0, 6, 0
1777100277, 0, 0, 632, 632, 30, 7.37%, 0, 0, 2, 2.67, 16, 117, 0, 370, 103287, 38949, 0, 0.000, 0, 0, 0.000000, 0.000000, 0, 0, 0, 0, 0, 0, 6, 0
1777100287, 0, 0, 633, 633, 30, 7.37%, 0, 0, 2, 5.67, 16, 117, 0, 370, 103287, 38949, 0, 0.000, 0, 0, 0.000000, 0.000000, 0, 0, 0, 0, 0, 0, 6, 0
1777100329, 0, 0, 634, 634, 30, 7.38%, 0, 0, 2, 5.79, 16, 117, 0, 370, 103287, 38949, 0, 0.000, 0, 0, 0.000000, 0.000000, 0, 0, 0, 0, 0, 0, 7, 0
1777100355, 0, 0, 635, 635, 30, 7.38%, 0, 0, 2, 5.33, 16, 117, 0, 370, 103287, 38949, 0, 0.000, 0, 0, 0.000000, 0.000000, 0, 0, 0, 0, 0, 0, 7, 0
1777100365, 0, 0, 636, 636, 30, 7.38%, 0, 0, 2, 5.87, 16, 117, 0, 370, 103287, 38949, 0, 0.000, 0, 0, 0.000000, 0.000000, 0, 0, 0, 0, 0, 0, 7, 0
1777100371, 0, 0, 637, 637, 30, 7.38%, 0, 0, 2, 5.66, 16, 117, 0, 370, 103287, 38949, 0, 0.000, 0, 0, 0.000000, 0.000000, 0, 0, 0, 0, 0, 0, 7, 0
1777100376, 0, 0, 638, 638, 30, 7.38%, 0, 0, 2, 5.38, 16, 117, 0, 370, 103287, 38949, 0, 0.000, 0, 0, 0.000000, 0.000000, 0, 0, 0, 0, 0, 0, 7, 0
1777100381, 0, 0, 639, 639, 30, 7.38%, 0, 0, 2, 5.24, 16, 117, 0, 370, 103287, 38949, 0, 0.000, 0, 0, 0.000000, 0.000000, 0, 0, 0, 0, 0, 0, 7, 0
1777100386, 0, 0, 640, 640, 30, 7.38%, 0, 0, 2, 5.45, 16, 117, 0, 370, 103287, 38949, 0, 0.000, 0, 0, 0.000000, 0.000000, 0, 0, 0, 0, 0, 0, 7, 0
1777100402, 0, 0, 641, 641, 30, 7.38%, 0, 0, 2, 5.52, 16, 117, 0, 370, 103287, 38949, 0, 0.000, 0, 0, 0.000000, 0.000000, 0, 0, 0, 0, 0, 0, 7, 0
1777100438, 0, 0, 642, 642, 30, 7.39%, 0, 0, 2, 5.46, 16, 117, 0, 370, 103287, 38949, 0, 0.000, 0, 0, 0.000000, 0.000000, 0, 0, 0, 0, 0, 0, 8, 0
1777100443, 0, 0, 643, 643, 30, 7.40%, 0, 0, 2, 5.69, 16, 117, 0, 370, 103287, 38949, 0, 0.000, 0, 0, 0.000000, 0.000000, 0, 0, 0, 0, 0, 0, 8, 0
1777100454, 0, 0, 644, 644, 30, 7.40%, 0, 0, 2, 5.44, 16, 117, 0, 370, 103287, 38949, 0, 0.000, 0, 0, 0.000000, 0.000000, 0, 0, 0, 0, 0, 0, 8, 0
1777100469, 0, 0, 645, 645, 30, 7.40%, 0, 0, 2, 5.24, 16, 117, 0, 370, 103287, 38949, 0, 0.000, 0, 0, 0.000000, 0.000000, 0, 0, 0, 0, 0, 0, 8, 0
1777100480, 0, 0, 646, 646, 30, 7.40%, 0, 0, 2, 4.50, 16, 117, 0, 370, 103287, 38949, 0, 0.000, 0, 0, 0.000000, 0.000000, 0, 0, 0, 0, 0, 0, 8, 0
1777100516, 0, 0, 647, 647, 30, 7.40%, 0, 0, 2, 5.68, 16, 117, 0, 370, 103287, 38949, 0, 0.000, 0, 0, 0.000000, 0.000000, 0, 0, 0, 0, 0, 0, 8, 0
1777100558, 0, 0, 648, 648, 30, 7.41%, 0, 0, 2, 5.96, 16, 117, 0, 370, 103287, 38949, 0, 0.000, 0, 0, 0.000000, 0.000000, 0, 0, 0, 0, 0, 0, 8, 0
1777100573, 0, 0, 649, 649, 30, 7.41%, 0, 0, 2, 5.56, 16, 117, 0, 370, 103287, 38949, 0, 0.000, 0, 0, 0.000000, 0.000000, 0, 0, 0, 0, 0, 0, 8, 0
1777100579, 0, 0, 650, 650, 30, 7.41%, 0, 0, 2, 5.89, 16, 117, 0, 370, 103287, 38949, 0, 0.000, 0, 0, 0.000000, 0.000000, 0, 0, 0, 0, 0, 0, 8, 0
1777100616, 0, 0, 651, 651, 30, 7.41%, 0, 0, 2, 5.52, 16, 117, 0, 370, 103287, 38949, 0, 0.000, 0, 0, 0.000000, 0.000000, 0, 0, 0, 0, 0, 0, 8, 0
1777100641, 0, 0, 652, 652, 30, 7.41%, 0, 0, 2, 5.46, 16, 117, 0, 370, 103287, 38949, 0, 0.000, 0, 0, 0.000000, 0.000000, 0, 0, 0, 0, 0, 0, 8, 0
1777100661, 0, 0, 653, 653, 30, 7.42%, 0, 0, 2, 1.27, 16, 117, 0, 370, 103287, 38949, 0, 0.000, 0, 0, 0.000000, 0.000000, 0, 0, 0, 0, 0, 0, 8, 0
1777100677, 0, 0, 654, 654, 30, 7.42%, 0, 0, 2, 5.92, 16, 117, 0, 370, 103287, 38949, 0, 0.000, 0, 0, 0.000000, 0.000000, 0, 0, 0, 0, 0, 0, 8, 0
1777100785, 0, 0, 655, 655, 30, 7.42%, 0, 0, 2, 5.53, 16, 117, 0, 370, 103287, 38949, 0, 0.000, 0, 0, 0.000000, 0.000000, 0, 0, 0, 0, 0, 0, 10, 0
1777100827, 0, 0, 656, 656, 30, 7.42%, 0, 0, 2, 5.29, 16, 117, 0, 370, 103287, 38949, 0, 0.000, 0, 0, 0.000000, 0.000000, 0, 0, 0, 0, 0, 0, 11, 0
1777100873, 0, 0, 657, 657, 30, 7.43%, 0, 0, 2, 5.59, 16, 117, 0, 370, 103287, 38949, 0, 0.000, 0, 0, 0.000000, 0.000000, 0, 0, 0, 0, 0, 0, 12, 0
1777100878, 0, 0, 658, 658, 30, 7.43%, 0, 0, 2, 5.55, 16, 117, 0, 370, 103287, 38949, 0, 0.000, 0, 0, 0.000000, 0.000000, 0, 0, 0, 0, 0, 0, 12, 0
1777100894, 0, 0, 659, 659, 30, 7.44%, 0, 0, 2, 5.76, 16, 117, 0, 370, 103287, 38949, 0, 0.000, 0, 0, 0.000000, 0.000000, 0, 0, 0, 0, 0, 0, 12, 0
1777100899, 0, 0, 660, 660, 30, 7.44%, 0, 0, 2, 5.48, 16, 117, 0, 370, 103287, 38949, 0, 0.000, 0, 0, 0.000000, 0.000000, 0, 0, 0, 0, 0, 0, 12, 0
1777100972, 0, 0, 661, 661, 30, 7.44%, 0, 0, 2, 2.86, 16, 117, 0, 370, 103287, 38949, 0, 0.000, 0, 0, 0.000000, 0.000000, 0, 0, 0, 0, 0, 0, 13, 0
1777100993, 0, 0, 662, 662, 30, 7.44%, 0, 0, 2, 5.23, 16, 117, 0, 370, 103287, 38949, 0, 0.000, 0, 0, 0.000000, 0.000000, 0, 0, 0, 0, 0, 0, 13, 0
1777101014, 0, 0, 663, 663, 30, 7.44%, 0, 0, 2, 4.09, 16, 117, 0, 370, 103287, 38949, 0, 0.000, 0, 0, 0.000000, 0.000000, 0, 0, 0, 0, 0, 0, 13, 0
1777101019, 0, 0, 664, 664, 30, 7.44%, 0, 0, 2, 8.44, 16, 117, 0, 370, 103287, 38949, 0, 0.000, 0, 0, 0.000000, 0.000000, 0, 0, 0, 0, 0, 0, 13, 0
1777101029, 0, 0, 665, 665, 30, 7.44%, 0, 0, 2, 6.11, 16, 117, 0, 370, 103287, 38949, 0, 0.000, 0, 0, 0.000000, 0.000000, 0, 0, 0, 0, 0, 0, 13, 0
1777101061, 1, 0, 667, 666, 1, 7.45%, 0, 0, 2, 5.80, 16, 117, 0, 370, 103287, 38949, 0, 0.000, 0, 0, 0.000000, 0.000000, 0, 0, 0, 0, 0, 0, 13, 0
1777101066, 1, 0, 668, 667, 1, 7.45%, 0, 0, 2, 5.76, 16, 117, 0, 370, 103287, 38949, 0, 0.000, 0, 0, 0.000000, 0.000000, 0, 0, 0, 0, 0, 0, 13, 0
1777101071, 1, 0, 670, 669, 1, 7.45%, 0, 0, 2, 5.59, 16, 117, 0, 370, 103287, 38949, 0, 0.000, 0, 0, 0.000000, 0.000000, 0, 0, 0, 0, 0, 0, 13, 0
1777101077, 1, 0, 671, 670, 1, 7.45%, 0, 0, 2, 5.20, 16, 118, 0, 370, 103287, 38949, 0, 0.000, 0, 0, 0.000000, 0.000000, 0, 0, 0, 0, 0, 0, 13, 0
1777101082, 1, 0, 673, 672, 1, 7.45%, 0, 0, 2, 5.37, 16, 118, 0, 370, 103287, 38949, 0, 0.000, 0, 0, 0.000000, 0.000000, 0, 0, 0, 0, 0, 0, 13, 0
1777101092, 1, 0, 674, 673, 1, 7.45%, 0, 0, 2, 5.47, 16, 118, 0, 370, 103287, 38949, 0, 0.000, 0, 0, 0.000000, 0.000000, 0, 0, 0, 0, 0, 0, 13, 0
1777101097, 1, 0, 675, 674, 1, 7.45%, 0, 0, 2, 7.68, 16, 118, 0, 370, 103287, 38949, 0, 0.000, 0, 0, 0.000000, 0.000000, 0, 0, 0, 0, 0, 0, 13, 0
1777101103, 1, 0, 676, 675, 1, 7.45%, 0, 0, 2, 7.84, 16, 118, 0, 370, 103287, 38949, 0, 0.000, 0, 0, 0.000000, 0.000000, 0, 0, 0, 0, 0, 0, 13, 0
1777101108, 1, 0, 677, 676, 1, 7.45%, 0, 0, 2, 6.62, 16, 119, 0, 370, 103287, 38949, 0, 0.000, 0, 0, 0.000000, 0.000000, 0, 0, 0, 0, 0, 0, 13, 0
1777101118, 1, 0, 678, 677, 1, 7.45%, 0, 0, 2, 6.11, 16, 119, 0, 370, 103287, 38949, 0, 0.000, 0, 0, 0.000000, 0.000000, 0, 0, 0, 0, 0, 0, 13, 0
1777101123, 1, 0, 679, 678, 1, 7.45%, 0, 0, 2, 7.73, 16, 119, 0, 370, 103287, 38949, 0, 0.000, 0, 0, 0.000000, 0.000000, 0, 0, 0, 0, 0, 0, 13, 0
1777101128, 1, 0, 680, 679, 1, 7.45%, 0, 0, 2, 6.67, 16, 119, 0, 370, 103287, 38949, 0, 0.000, 0, 0, 0.000000, 0.000000, 0, 0, 0, 0, 0, 0, 13, 0
1777101144, 1, 0, 681, 680, 1, 7.45%, 0, 0, 2, 6.25, 16, 119, 0, 370, 103287, 38949, 0, 0.000, 0, 0, 0.000000, 0.000000, 0, 0, 0, 0, 0, 0, 13, 0
1777101154, 1, 0, 683, 682, 1, 7.45%, 0, 0, 2, 5.96, 16, 119, 0, 370, 103287, 38949, 0, 0.000, 0, 0, 0.000000, 0.000000, 0, 0, 0, 0, 0, 0, 13, 0
1777101159, 1, 0, 685, 684, 1, 7.46%, 0, 0, 2, 10.76, 16, 119, 0, 370, 103287, 38949, 0, 0.000, 0, 0, 0.000000, 0.000000, 0, 0, 0, 0, 0, 0, 13, 0
1777101164, 1, 0, 686, 685, 1, 7.46%, 0, 0, 2, 7.31, 16, 120, 0, 370, 103287, 38949, 0, 0.000, 0, 0, 0.000000, 0.000000, 0, 0, 0, 0, 0, 0, 13, 0
1777101169, 1, 0, 688, 687, 1, 7.46%, 0, 0, 2, 2.92, 16, 120, 0, 370, 103287, 38949, 0, 0.000, 0, 0, 0.000000, 0.000000, 0, 0, 0, 0, 0, 0, 13, 0
1777101190, 1, 0, 690, 689, 1, 7.46%, 0, 0, 2, 6.21, 16, 120, 0, 370, 103287, 38949, 0, 0.000, 0, 0, 0.000000, 0.000000, 0, 0, 0, 0, 0, 0, 13, 0
1777101201, 1, 0, 691, 690, 1, 7.46%, 0, 0, 2, 5.28, 16, 120, 0, 370, 103287, 38949, 0, 0.000, 0, 0, 0.000000, 0.000000, 0, 0, 0, 0, 0, 0, 13, 0
1777101206, 1, 0, 692, 691, 1, 7.46%, 0, 0, 2, 5.71, 16, 120, 0, 370, 103287, 38949, 0, 0.000, 0, 0, 0.000000, 0.000000, 0, 0, 0, 0, 0, 0, 13, 0
1777101211, 1, 0, 693, 692, 1, 7.47%, 0, 0, 2, 5.98, 16, 121, 0, 370, 103287, 38949, 0, 0.000, 0, 0, 0.000000, 0.000000, 0, 0, 0, 0, 0, 0, 13, 0
1777101216, 1, 0, 694, 693, 1, 7.47%, 0, 0, 2, 6.58, 16, 121, 0, 370, 103287, 38949, 0, 0.000, 0, 0, 0.000000, 0.000000, 0, 0, 0, 0, 0, 0, 13, 0
1777101222, 1, 0, 695, 694, 1, 7.47%, 0, 0, 2, 5.67, 16, 121, 0, 370, 103287, 38949, 0, 0.000, 0, 0, 0.000000, 0.000000, 0, 0, 0, 0, 0, 0, 13, 0
1777101232, 1, 0, 696, 695, 1, 7.47%, 0, 0, 2, 5.79, 16, 121, 0, 370, 103287, 38949, 0, 0.000, 0, 0, 0.000000, 0.000000, 0, 0, 0, 0, 0, 0, 13, 0
1777101237, 1, 0, 697, 696, 1, 7.47%, 0, 0, 2, 5.72, 16, 121, 0, 370, 103287, 38949, 0, 0.000, 0, 0, 0.000000, 0.000000, 0, 0, 0, 0, 0, 0, 13, 0
1777101247, 1, 0, 698, 697, 1, 7.47%, 0, 0, 2, 6.34, 16, 121, 0, 370, 103287, 38949, 0, 0.000, 0, 0, 0.000000, 0.000000, 0, 0, 0, 0, 0, 0, 13, 0
1777101252, 1, 0, 699, 698, 1, 7.47%, 0, 0, 2, 6.63, 16, 121, 0, 370, 103287, 38949, 0, 0.000, 0, 0, 0.000000, 0.000000, 0, 0, 0, 0, 0, 0, 13, 0
1777101258, 1, 0, 700, 699, 1, 7.48%, 0, 0, 2, 6.31, 16, 121, 0, 370, 103287, 38949, 0, 0.000, 0, 0, 0.000000, 0.000000, 0, 0, 0, 0, 0, 0, 13, 0
1777101263, 1, 0, 701, 700, 1, 7.48%, 0, 0, 2, 6.61, 16, 121, 0, 370, 103287, 38949, 0, 0.000, 0, 0, 0.000000, 0.000000, 0, 0, 0, 0, 0, 0, 13, 0
1777101290, 1, 0, 702, 701, 1, 7.48%, 0, 0, 2, 6.30, 16, 121, 0, 370, 103287, 38949, 0, 0.000, 0, 0, 0.000000, 0.000000, 0, 0, 0, 0, 0, 0, 13, 0
1777101305, 1, 0, 703, 702, 1, 7.48%, 0, 0, 2, 3.87, 16, 121, 0, 370, 103287, 38949, 0, 0.000, 0, 0, 0.000000, 0.000000, 0, 0, 0, 0, 0, 0, 13, 0
1777101321, 1, 0, 704, 703, 1, 7.49%, 0, 0, 2, 5.61, 16, 121, 0, 370, 103287, 38949, 0, 0.000, 0, 0, 0.000000, 0.000000, 0, 0, 0, 0, 0, 0, 13, 0
1777101332, 1, 0, 706, 705, 1, 7.49%, 0, 0, 2, 5.62, 16, 121, 0, 370, 103287, 38949, 0, 0.000, 0, 0, 0.000000, 0.000000, 0, 0, 0, 0, 0, 0, 13, 0
1777101386, 1, 0, 707, 706, 1, 7.49%, 0, 0, 2, 6.44, 16, 121, 0, 370, 103287, 38949, 0, 0.000, 0, 0, 0.000000, 0.000000, 0, 0, 0, 0, 0, 0, 14, 0
1777101391, 1, 0, 708, 707, 1, 7.49%, 0, 0, 2, 6.23, 16, 121, 0, 370, 103287, 38949, 0, 0.000, 0, 0, 0.000000, 0.000000, 0, 0, 0, 0, 0, 0, 14, 0
1777101401, 1, 0, 710, 709, 1, 7.49%, 0, 0, 2, 5.38, 16, 121, 0, 370, 103287, 38949, 0, 0.000, 0, 0, 0.000000, 0.000000, 0, 0, 0, 0, 0, 0, 14, 0
1777101406, 1, 0, 711, 710, 1, 7.49%, 0, 0, 2, 5.50, 16, 122, 0, 370, 103287, 38949, 0, 0.000, 0, 0, 0.000000, 0.000000, 0, 0, 0, 0, 0, 0, 14, 0
1777101411, 1, 0, 712, 711, 1, 7.50%, 0, 0, 2, 5.68, 16, 122, 0, 370, 103287, 38949, 0, 0.000, 0, 0, 0.000000, 0.000000, 0, 0, 0, 0, 0, 0, 14, 0
1777101416, 1, 0, 713, 712, 1, 7.50%, 0, 0, 2, 6.97, 16, 122, 0, 370, 103287, 38949, 0, 0.000, 0, 0, 0.000000, 0.000000, 0, 0, 0, 0, 0, 0, 14, 0
1777101426, 1, 0, 715, 714, 1, 7.50%, 0, 0, 2, 5.32, 16, 122, 0, 370, 103287, 38949, 0, 0.000, 0, 0, 0.000000, 0.000000, 0, 0, 0, 0, 0, 0, 14, 0
1777101432, 1, 0, 716, 715, 1, 7.51%, 0, 0, 2, 1.17, 16, 123, 0, 370, 103287, 38949, 0, 0.000, 0, 0, 0.000000, 0.000000, 0, 0, 0, 0, 0, 0, 14, 0
1777101442, 1, 0, 717, 716, 1, 7.51%, 0, 0, 2, 5.87, 16, 123, 0, 370, 103287, 38949, 0, 0.000, 0, 0, 0.000000, 0.000000, 0, 0, 0, 0, 0, 0, 14, 0
1777101484, 1, 0, 718, 717, 1, 7.51%, 0, 0, 2, 6.11, 16, 123, 0, 370, 103287, 38949, 0, 0.000, 0, 0, 0.000000, 0.000000, 0, 0, 0, 0, 0, 0, 15, 0
1777101495, 1, 0, 719, 718, 1, 7.51%, 0, 0, 2, 5.89, 16, 123, 0, 370, 103287, 38949, 0, 0.000, 0, 0, 0.000000, 0.000000, 0, 0, 0, 0, 0, 0, 15, 0
1777101500, 1, 0, 720, 719, 1, 7.51%, 0, 0, 2, 4.85, 16, 123, 0, 370, 103287, 38949, 0, 0.000, 0, 0, 0.000000, 0.000000, 0, 0, 0, 0, 0, 0, 15, 0
1777101505, 1, 0, 721, 720, 1, 7.52%, 0, 0, 2, 5.53, 16, 123, 0, 370, 103287, 38949, 0, 0.000, 0, 0, 0.000000, 0.000000, 0, 0, 0, 0, 0, 0, 15, 0
1777101515, 1, 0, 722, 721, 1, 7.52%, 0, 0, 2, 5.71, 16, 123, 0, 370, 103287, 38949, 0, 0.000, 0, 0, 0.000000, 0.000000, 0, 0, 0, 0, 0, 0, 15, 0
1777101520, 1, 0, 723, 722, 1, 7.53%, 0, 0, 2, 5.71, 16, 123, 0, 370, 103287, 38949, 0, 0.000, 0, 0, 0.000000, 0.000000, 0, 0, 0, 0, 0, 0, 15, 0
1777101541, 1, 0, 724, 723, 1, 7.53%, 0, 0, 2, 4.84, 16, 123, 0, 370, 103287, 38949, 0, 0.000, 0, 0, 0.000000, 0.000000, 0, 0, 0, 0, 0, 0, 15, 0
1777101551, 1, 0, 725, 724, 1, 7.53%, 0, 0, 2, 6.17, 16, 123, 0, 370, 103287, 38949, 0, 0.000, 0, 0, 0.000000, 0.000000, 0, 0, 0, 0, 0, 0, 15, 0
1777101603, 1, 0, 726, 725, 1, 7.53%, 0, 0, 2, 6.15, 16, 123, 0, 370, 103287, 38949, 0, 0.000, 0, 0, 0.000000, 0.000000, 0, 0, 0, 0, 0, 0, 16, 0
1777101634, 1, 0, 727, 726, 1, 7.53%, 0, 0, 2, 1.26, 16, 123, 0, 370, 103287, 38949, 0, 0.000, 0, 0, 0.000000, 0.000000, 0, 0, 0, 0, 0, 0, 16, 0
1777101650, 1, 0, 730, 729, 1, 7.54%, 0, 0, 2, 6.83, 16, 123, 0, 370, 103287, 38949, 0, 0.000, 0, 0, 0.000000, 0.000000, 0, 0, 0, 0, 0, 0, 16, 0
1777101670, 1, 0, 731, 730, 1, 7.54%, 0, 0, 2, 1.12, 16, 123, 0, 370, 103287, 38949, 0, 0.000, 0, 0, 0.000000, 0.000000, 0, 0, 0, 0, 0, 0, 16, 0
1777101681, 1, 0, 732, 731, 1, 7.54%, 0, 0, 2, 7.50, 16, 123, 0, 370, 103287, 38949, 0, 0.000, 0, 0, 0.000000, 0.000000, 0, 0, 0, 0, 0, 0, 16, 0
1777101717, 1, 0, 733, 732, 1, 7.54%, 0, 0, 2, 7.11, 16, 123, 0, 370, 103287, 38949, 0, 0.000, 0, 0, 0.000000, 0.000000, 0, 0, 0, 0, 0, 0, 16, 0
1777101775, 1, 0, 734, 733, 1, 7.55%, 0, 0, 2, 5.80, 16, 123, 0, 370, 103287, 38949, 0, 0.000, 0, 0, 0.000000, 0.000000, 0, 0, 0, 0, 0, 0, 17, 0
1777101805, 1, 0, 735, 734, 1, 7.55%, 0, 0, 2, 5.74, 16, 123, 0, 370, 103287, 38949, 0, 0.000, 0, 0, 0.000000, 0.000000, 0, 0, 0, 0, 0, 0, 17, 0
1777101816, 1, 0, 736, 735, 1, 7.55%, 0, 0, 2, 5.75, 16, 123, 0, 370, 103287, 38949, 0, 0.000, 0, 0, 0.000000, 0.000000, 0, 0, 0, 0, 0, 0, 17, 0
1777101842, 1, 0, 737, 736, 1, 7.55%, 0, 0, 2, 6.03, 16, 123, 0, 370, 103287, 38949, 0, 0.000, 0, 0, 0.000000, 0.000000, 0, 0, 0, 0, 0, 0, 17, 0
1777101853, 1, 0, 738, 737, 1, 7.55%, 0, 0, 2, 1.08, 16, 123, 0, 370, 103287, 38949, 0, 0.000, 0, 0, 0.000000, 0.000000, 0, 0, 0, 0, 0, 0, 17, 0
1777101911, 1, 0, 739, 738, 1, 7.56%, 0, 0, 2, 2.51, 16, 123, 0, 370, 103287, 38949, 0, 0.000, 0, 0, 0.000000, 0.000000, 0, 0, 0, 0, 0, 0, 18, 0
1777101973, 1, 0, 740, 739, 1, 7.56%, 0, 0, 2, 4.71, 16, 123, 0, 370, 103287, 38949, 0, 0.000, 0, 0, 0.000000, 0.000000, 0, 0, 0, 0, 0, 0, 19, 0
1777102015, 1, 0, 741, 740, 1, 7.56%, 0, 0, 2, 5.51, 16, 123, 0, 370, 103287, 38949, 0, 0.000, 0, 0, 0.000000, 0.000000, 0, 0, 0, 0, 0, 0, 20, 0
1777102051, 1, 0, 742, 741, 1, 7.56%, 0, 0, 2, 4.81, 16, 123, 0, 370, 103287, 38949, 0, 0.000, 0, 0, 0.000000, 0.000000, 0, 0, 0, 0, 0, 0, 20, 0
1777102087, 1, 0, 743, 742, 1, 7.56%, 0, 0, 2, 7.08, 16, 123, 0, 370, 103287, 38949, 0, 0.000, 0, 0, 0.000000, 0.000000, 0, 0, 0, 0, 0, 0, 20, 0
1777102113, 1, 0, 744, 743, 1, 7.57%, 0, 0, 2, 1.82, 16, 123, 0, 370, 103287, 38949, 0, 0.000, 0, 0, 0.000000, 0.000000, 0, 0, 0, 0, 0, 0, 20, 0
1777102119, 1, 0, 745, 744, 1, 7.57%, 0, 0, 2, 5.43, 16, 123, 0, 370, 103287, 38949, 0, 0.000, 0, 0, 0.000000, 0.000000, 0, 0, 0, 0, 0, 0, 20, 0
1777102124, 1, 0, 746, 745, 1, 7.57%, 0, 0, 2, 7.19, 16, 123, 0, 370, 103287, 38949, 0, 0.000, 0, 0, 0.000000, 0.000000, 0, 0, 0, 0, 0, 0, 20, 0
1777102134, 1, 0, 747, 746, 1, 7.58%, 0, 0, 2, 4.00, 16, 123, 0, 370, 103287, 38949, 0, 0.000, 0, 0, 0.000000, 0.000000, 0, 0, 0, 0, 0, 0, 20, 0
1777102150, 1, 0, 748, 747, 1, 7.58%, 0, 0, 2, 6.09, 16, 123, 0, 370, 103287, 38949, 0, 0.000, 0, 0, 0.000000, 0.000000, 0, 0, 0, 0, 0, 0, 20, 0
1777102155, 1, 0, 749, 748, 1, 7.58%, 0, 0, 2, 6.07, 16, 123, 0, 370, 103287, 38949, 0, 0.000, 0, 0, 0.000000, 0.000000, 0, 0, 0, 0, 0, 0, 20, 0
1777102165, 1, 0, 750, 749, 1, 7.58%, 0, 0, 2, 6.46, 16, 123, 0, 370, 103287, 38949, 0, 0.000, 0, 0, 0.000000, 0.000000, 0, 0, 0, 0, 0, 0, 20, 0
1777102176, 1, 0, 751, 750, 1, 7.58%, 0, 0, 2, 7.54, 16, 123, 0, 370, 103287, 38949, 0, 0.000, 0, 0, 0.000000, 0.000000, 0, 0, 0, 0, 0, 0, 20, 0
1777102186, 1, 0, 752, 751, 1, 7.58%, 0, 0, 2, 1.92, 16, 123, 0, 370, 103287, 38949, 0, 0.000, 0, 0, 0.000000, 0.000000, 0, 0, 0, 0, 0, 0, 20, 0
