# unix_time, cycles_done, cur_path, paths_total, pending_total, pending_favs, map_size, unique_crashes, unique_hangs, max_depth, execs_per_sec, n_nodes, n_edges, chat_times, llm_calls, llm_prompt_tok, llm_compl_tok, llm_dedup, hyp_fitness, hyp_success, hyp_failure, mqtt_diff_avg, mqtt_diff_last, mqtt_diff_pos
1776654258, 0, 0, 461, 461, 34, 8.40%, 0, 0, 2, 7.80, 14, 90, 0, 370, 103115, 40373, 0, 0.000, 0, 0, 0.000000, 0.000000, 0, 0, 0, 0, 0, 0, 0, 0
1776654263, 0, 0, 465, 465, 34, 8.67%, 0, 0, 2, 8.99, 15, 93, 0, 370, 103115, 40373, 0, 0.000, 0, 0, 0.000000, 0.000000, 0, 0, 0, 0, 0, 0, 0, 0
1776654268, 0, 0, 469, 469, 34, 8.73%, 0, 0, 2, 9.63, 15, 94, 0, 370, 103115, 40373, 0, 0.000, 0, 0, 0.000000, 0.000000, 0, 0, 0, 0, 0, 0, 0, 0
1776654273, 0, 0, 474, 474, 34, 8.77%, 0, 0, 2, 10.07, 16, 97, 0, 370, 103115, 40373, 0, 0.000, 0, 0, 0.000000, 0.000000, 0, 0, 0, 0, 0, 0, 0, 0
1776654278, 0, 0, 478, 478, 34, 8.78%, 0, 0, 2, 9.82, 16, 99, 0, 370, 103115, 40373, 0, 0.000, 0, 0, 0.000000, 0.000000, 0, 0, 0, 0, 0, 0, 0, 0
1776654284, 0, 0, 482, 482, 34, 8.79%, 0, 0, 2, 9.66, 16, 99, 0, 370, 103115, 40373, 0, 0.000, 0, 0, 0.000000, 0.000000, 0, 0, 0, 0, 0, 0, 0, 0
1776654289, 0, 0, 486, 486, 34, 8.81%, 0, 0, 2, 0.65, 16, 99, 0, 370, 103115, 40373, 0, 0.000, 0, 0, 0.000000, 0.000000, 0, 0, 0, 0, 0, 0, 0, 0
1776654295, 0, 0, 489, 489, 34, 8.83%, 0, 0, 2, 1.32, 16, 101, 0, 370, 103115, 40373, 0, 0.000, 0, 0, 0.000000, 0.000000, 0, 0, 0, 0, 0, 0, 0, 0
1776654300, 0, 0, 493, 493, 34, 8.85%, 0, 0, 2, 9.96, 16, 101, 0, 370, 103115, 40373, 0, 0.000, 0, 0, 0.000000, 0.000000, 0, 0, 0, 0, 0, 0, 0, 0
1776654306, 0, 0, 497, 497, 34, 8.87%, 0, 0, 2, 1.95, 16, 101, 0, 370, 103115, 40373, 0, 0.000, 0, 0, 0.000000, 0.000000, 0, 0, 0, 0, 0, 0, 0, 0
1776654312, 0, 0, 498, 498, 34, 8.87%, 0, 0, 2, 1.76, 16, 101, 0, 370, 103115, 40373, 0, 0.000, 0, 0, 0.000000, 0.000000, 0, 0, 0, 0, 0, 0, 0, 0
1776654317, 0, 0, 501, 501, 34, 8.89%, 0, 0, 2, 9.83, 16, 101, 0, 370, 103115, 40373, 0, 0.000, 0, 0, 0.000000, 0.000000, 0, 0, 0, 0, 0, 0, 0, 0
1776654323, 0, 0, 503, 503, 34, 8.89%, 0, 0, 2, 1.44, 16, 101, 0, 370, 103115, 40373, 0, 0.000, 0, 0, 0.000000, 0.000000, 0, 0, 0, 0, 0, 0, 0, 0
1776654328, 0, 0, 506, 506, 34, 8.89%, 0, 0, 2, 9.81, 16, 101, 0, 370, 103115, 40373, 0, 0.000, 0, 0, 0.000000, 0.000000, 0, 0, 0, 0, 0, 0, 0, 0
1776654334, 0, 0, 509, 509, 34, 8.90%, 0, 0, 2, 1.80, 16, 101, 0, 370, 103115, 40373, 0, 0.000, 0, 0, 0.000000, 0.000000, 0, 0, 0, 0, 0, 0, 0, 0
1776654340, 0, 0, 511, 511, 34, 8.90%, 0, 0, 2, 1.34, 16, 101, 0, 370, 103115, 40373, 0, 0.000, 0, 0, 0.000000, 0.000000, 0, 0, 0, 0, 0, 0, 0, 0
1776654345, 0, 0, 513, 513, 34, 8.90%, 0, 0, 2, 9.72, 16, 101, 0, 370, 103115, 40373, 0, 0.000, 0, 0, 0.000000, 0.000000, 0, 0, 0, 0, 0, 0, 0, 0
1776654351, 0, 0, 514, 514, 34, 8.90%, 0, 0, 2, 9.62, 16, 101, 0, 370, 103115, 40373, 0, 0.000, 0, 0, 0.000000, 0.000000, 0, 0, 0, 0, 0, 0, 0, 0
1776654357, 0, 0, 516, 516, 34, 8.91%, 0, 0, 2, 0.66, 16, 101, 0, 370, 103115, 40373, 0, 0.000, 0, 0, 0.000000, 0.000000, 0, 0, 0, 0, 0, 0, 0, 0
1776654363, 0, 0, 517, 517, 34, 8.91%, 0, 0, 2, 9.34, 16, 101, 0, 370, 103115, 40373, 0, 0.000, 0, 0, 0.000000, 0.000000, 0, 0, 0, 0, 0, 0, 0, 0
1776654368, 0, 0, 521, 521, 34, 8.91%, 0, 0, 2, 9.60, 16, 102, 0, 370, 103115, 40373, 0, 0.000, 0, 0, 0.000000, 0.000000, 0, 0, 0, 0, 0, 0, 0, 0
1776654373, 0, 0, 522, 522, 34, 8.91%, 0, 0, 2, 1.91, 16, 102, 0, 370, 103115, 40373, 0, 0.000, 0, 0, 0.000000, 0.000000, 0, 0, 0, 0, 0, 0, 0, 0
1776654380, 0, 0, 524, 524, 34, 8.91%, 0, 0, 2, 0.66, 16, 102, 0, 370, 103115, 40373, 0, 0.000, 0, 0, 0.000000, 0.000000, 0, 0, 0, 0, 0, 0, 0, 0
1776654385, 0, 0, 525, 525, 34, 8.91%, 0, 0, 2, 9.81, 16, 102, 0, 370, 103115, 40373, 0, 0.000, 0, 0, 0.000000, 0.000000, 0, 0, 0, 0, 0, 0, 0, 0
1776654390, 0, 0, 526, 526, 34, 8.92%, 0, 0, 2, 1.41, 16, 102, 0, 370, 103115, 40373, 0, 0.000, 0, 0, 0.000000, 0.000000, 0, 0, 0, 0, 0, 0, 0, 0
1776654396, 0, 0, 527, 527, 34, 8.92%, 0, 0, 2, 10.48, 16, 102, 0, 370, 103115, 40373, 0, 0.000, 0, 0, 0.000000, 0.000000, 0, 0, 0, 0, 0, 0, 0, 0
1776654402, 0, 0, 529, 529, 34, 8.92%, 0, 0, 2, 1.26, 16, 102, 0, 370, 103115, 40373, 0, 0.000, 0, 0, 0.000000, 0.000000, 0, 0, 0, 0, 0, 0, 0, 0
1776654407, 0, 0, 531, 531, 34, 8.92%, 0, 0, 2, 1.34, 16, 102, 0, 370, 103115, 40373, 0, 0.000, 0, 0, 0.000000, 0.000000, 0, 0, 0, 0, 0, 0, 0, 0
1776654413, 0, 0, 534, 534, 34, 8.92%, 0, 0, 2, 9.76, 16, 102, 0, 370, 103115, 40373, 0, 0.000, 0, 0, 0.000000, 0.000000, 0, 0, 0, 0, 0, 0, 0, 0
1776654418, 0, 0, 537, 537, 34, 8.92%, 0, 0, 2, 2.08, 16, 102, 0, 370, 103115, 40373, 0, 0.000, 0, 0, 0.000000, 0.000000, 0, 0, 0, 0, 0, 0, 0, 0
1776654424, 0, 0, 539, 539, 34, 8.93%, 0, 0, 2, 0.66, 16, 102, 0, 370, 103115, 40373, 0, 0.000, 0, 0, 0.000000, 0.000000, 0, 0, 0, 0, 0, 0, 0, 0
1776654430, 0, 0, 541, 541, 34, 8.93%, 0, 0, 2, 10.32, 16, 102, 0, 370, 103115, 40373, 0, 0.000, 0, 0, 0.000000, 0.000000, 0, 0, 0, 0, 0, 0, 0, 0
1776654435, 0, 0, 542, 542, 34, 8.94%, 0, 0, 2, 9.89, 16, 102, 0, 370, 103115, 40373, 0, 0.000, 0, 0, 0.000000, 0.000000, 0, 0, 0, 0, 0, 0, 0, 0
1776654441, 0, 0, 543, 543, 34, 8.94%, 0, 0, 2, 1.10, 16, 102, 0, 370, 103115, 40373, 0, 0.000, 0, 0, 0.000000, 0.000000, 0, 0, 0, 0, 0, 0, 0, 0
1776654447, 0, 0, 544, 544, 34, 8.95%, 0, 0, 2, 1.77, 16, 102, 0, 370, 103115, 40373, 0, 0.000, 0, 0, 0.000000, 0.000000, 0, 0, 0, 0, 0, 0, 0, 0
1776654452, 0, 0, 545, 545, 34, 8.95%, 0, 0, 2, 10.28, 16, 102, 0, 370, 103115, 40373, 0, 0.000, 0, 0, 0.000000, 0.000000, 0, 0, 0, 0, 0, 0, 0, 0
1776654458, 0, 0, 547, 547, 34, 8.96%, 0, 0, 2, 10.04, 16, 102, 0, 370, 103115, 40373, 0, 0.000, 0, 0, 0.000000, 0.000000, 0, 0, 0, 0, 0, 0, 0, 0
1776654463, 0, 0, 549, 549, 34, 8.97%, 0, 0, 2, 0.93, 16, 102, 0, 370, 103115, 40373, 0, 0.000, 0, 0, 0.000000, 0.000000, 0, 0, 0, 0, 0, 0, 0, 0
1776654470, 0, 0, 550, 550, 34, 8.97%, 0, 0, 2, 1.25, 16, 102, 0, 370, 103115, 40373, 0, 0.000, 0, 0, 0.000000, 0.000000, 0, 0, 0, 0, 0, 0, 0, 0
1776654475, 0, 0, 552, 552, 34, 8.98%, 0, 0, 2, 1.36, 16, 102, 0, 370, 103115, 40373, 0, 0.000, 0, 0, 0.000000, 0.000000, 0, 0, 0, 0, 0, 0, 0, 0
1776654480, 0, 0, 554, 554, 34, 8.98%, 0, 0, 2, 9.72, 16, 103, 0, 370, 103115, 40373, 0, 0.000, 0, 0, 0.000000, 0.000000, 0, 0, 0, 0, 0, 0, 0, 0
1776654486, 0, 0, 556, 556, 34, 8.99%, 0, 0, 2, 9.69, 16, 103, 0, 370, 103115, 40373, 0, 0.000, 0, 0, 0.000000, 0.000000, 0, 0, 0, 0, 0, 0, 0, 0
1776654492, 0, 0, 559, 559, 34, 8.99%, 0, 0, 2, 1.21, 16, 103, 0, 370, 103115, 40373, 0, 0.000, 0, 0, 0.000000, 0.000000, 0, 0, 0, 0, 0, 0, 0, 0
1776654508, 0, 0, 560, 560, 34, 9.00%, 0, 0, 2, 1.09, 16, 103, 0, 370, 103115, 40373, 0, 0.000, 0, 0, 0.000000, 0.000000, 0, 0, 0, 0, 0, 0, 0, 0
1776654515, 0, 0, 561, 561, 34, 9.00%, 0, 0, 2, 0.66, 16, 103, 0, 370, 103115, 40373, 0, 0.000, 0, 0, 0.000000, 0.000000, 0, 0, 0, 0, 0, 0, 0, 0
1776654520, 0, 0, 562, 562, 34, 9.00%, 0, 0, 2, 1.34, 16, 103, 0, 370, 103115, 40373, 0, 0.000, 0, 0, 0.000000, 0.000000, 0, 0, 0, 0, 0, 0, 0, 0
1776654531, 0, 0, 563, 563, 34, 9.00%, 0, 0, 2, 9.83, 16, 103, 0, 370, 103115, 40373, 0, 0.000, 0, 0, 0.000000, 0.000000, 0, 0, 0, 0, 0, 0, 0, 0
1776654537, 0, 0, 565, 565, 34, 9.01%, 0, 0, 2, 1.77, 16, 103, 0, 370, 103115, 40373, 0, 0.000, 0, 0, 0.000000, 0.000000, 0, 0, 0, 0, 0, 0, 0, 0
1776654548, 0, 0, 566, 566, 34, 9.01%, 0, 0, 2, 1.41, 16, 103, 0, 370, 103115, 40373, 0, 0.000, 0, 0, 0.000000, 0.000000, 0, 0, 0, 0, 0, 0, 0, 0
1776654565, 0, 0, 567, 567, 34, 9.01%, 0, 0, 2, 9.60, 16, 103, 0, 370, 103115, 40373, 0, 0.000, 0, 0, 0.000000, 0.000000, 0, 0, 0, 0, 0, 0, 0, 0
1776654570, 0, 0, 568, 568, 34, 9.01%, 0, 0, 2, 9.81, 16, 103, 0, 370, 103115, 40373, 0, 0.000, 0, 0, 0.000000, 0.000000, 0, 0, 0, 0, 0, 0, 0, 0
1776654576, 0, 0, 569, 569, 34, 9.01%, 0, 0, 2, 1.10, 16, 103, 0, 370, 103115, 40373, 0, 0.000, 0, 0, 0.000000, 0.000000, 0, 0, 0, 0, 0, 0, 0, 0
1776654582, 0, 0, 570, 570, 34, 9.01%, 0, 0, 2, 0.66, 16, 103, 0, 370, 103115, 40373, 0, 0.000, 0, 0, 0.000000, 0.000000, 0, 0, 0, 0, 0, 0, 0, 0
1776654587, 0, 0, 571, 571, 34, 9.01%, 0, 0, 2, 10.12, 16, 103, 0, 370, 103115, 40373, 0, 0.000, 0, 0, 0.000000, 0.000000, 0, 0, 0, 0, 0, 0, 0, 0
1776654598, 0, 0, 572, 572, 34, 9.01%, 0, 0, 2, 10.50, 16, 103, 0, 370, 103115, 40373, 0, 0.000, 0, 0, 0.000000, 0.000000, 0, 0, 0, 0, 0, 0, 0, 0
1776654610, 0, 0, 574, 574, 34, 9.03%, 0, 0, 2, 9.76, 16, 103, 0, 370, 103115, 40373, 0, 0.000, 0, 0, 0.000000, 0.000000, 0, 0, 0, 0, 0, 0, 0, 0
1776654615, 0, 0, 575, 575, 34, 9.03%, 0, 0, 2, 9.90, 16, 103, 0, 370, 103115, 40373, 0, 0.000, 0, 0, 0.000000, 0.000000, 0, 0, 0, 0, 0, 0, 0, 0
1776654620, 0, 0, 577, 577, 34, 9.03%, 0, 0, 2, 9.88, 16, 103, 0, 370, 103115, 40373, 0, 0.000, 0, 0, 0.000000, 0.000000, 0, 0, 0, 0, 0, 0, 0, 0
1776654632, 0, 0, 578, 578, 34, 9.03%, 0, 0, 2, 10.43, 16, 103, 0, 370, 103115, 40373, 0, 0.000, 0, 0, 0.000000, 0.000000, 0, 0, 0, 0, 0, 0, 0, 0
1776654649, 0, 0, 579, 579, 34, 9.03%, 0, 0, 2, 7.57, 16, 103, 0, 370, 103115, 40373, 0, 0.000, 0, 0, 0.000000, 0.000000, 0, 0, 0, 0, 0, 0, 0, 0
1776654665, 0, 0, 580, 580, 34, 9.03%, 0, 0, 2, 10.05, 16, 103, 0, 370, 103115, 40373, 0, 0.000, 0, 0, 0.000000, 0.000000, 0, 0, 0, 0, 0, 0, 0, 0
1776654682, 0, 0, 581, 581, 34, 9.03%, 0, 0, 2, 1.44, 16, 103, 0, 370, 103115, 40373, 0, 0.000, 0, 0, 0.000000, 0.000000, 0, 0, 0, 0, 0, 0, 0, 0
1776654687, 0, 0, 582, 582, 34, 9.03%, 0, 0, 2, 2.05, 16, 103, 0, 370, 103115, 40373, 0, 0.000, 0, 0, 0.000000, 0.000000, 0, 0, 0, 0, 0, 0, 0, 0
1776654699, 0, 0, 583, 583, 34, 9.03%, 0, 0, 2, 9.39, 16, 103, 0, 370, 103115, 40373, 0, 0.000, 0, 0, 0.000000, 0.000000, 0, 0, 0, 0, 0, 0, 0, 0
1776654710, 0, 0, 585, 585, 34, 9.04%, 0, 0, 2, 1.11, 16, 103, 0, 370, 103115, 40373, 0, 0.000, 0, 0, 0.000000, 0.000000, 0, 0, 0, 0, 0, 0, 0, 0
1776654721, 0, 0, 586, 586, 34, 9.04%, 0, 0, 2, 9.72, 16, 103, 0, 370, 103115, 40373, 0, 0.000, 0, 0, 0.000000, 0.000000, 0, 0, 0, 0, 0, 0, 0, 0
1776654732, 0, 0, 588, 588, 34, 9.04%, 0, 0, 2, 10.68, 16, 103, 0, 370, 103115, 40373, 0, 0.000, 0, 0, 0.000000, 0.000000, 0, 0, 0, 0, 0, 0, 0, 0
1776654738, 0, 0, 590, 590, 34, 9.04%, 0, 0, 2, 1.26, 16, 103, 0, 370, 103115, 40373, 0, 0.000, 0, 0, 0.000000, 0.000000, 0, 0, 0, 0, 0, 0, 0, 0
1776654743, 0, 0, 591, 591, 34, 9.04%, 0, 0, 2, 10.00, 16, 103, 0, 370, 103115, 40373, 0, 0.000, 0, 0, 0.000000, 0.000000, 0, 0, 0, 0, 0, 0, 0, 0
1776654754, 0, 0, 592, 592, 34, 9.04%, 0, 0, 2, 2.04, 16, 103, 0, 370, 103115, 40373, 0, 0.000, 0, 0, 0.000000, 0.000000, 0, 0, 0, 0, 0, 0, 0, 0
1776654760, 0, 0, 594, 594, 34, 9.07%, 0, 0, 2, 0.66, 16, 103, 0, 370, 103115, 40373, 0, 0.000, 0, 0, 0.000000, 0.000000, 0, 0, 0, 0, 0, 0, 0, 0
1776654776, 0, 0, 595, 595, 34, 9.07%, 0, 0, 2, 1.11, 16, 103, 0, 370, 103115, 40373, 0, 0.000, 0, 0, 0.000000, 0.000000, 0, 0, 0, 0, 0, 0, 0, 0
1776654788, 0, 0, 596, 596, 34, 9.07%, 0, 0, 2, 10.07, 16, 103, 0, 370, 103115, 40373, 0, 0.000, 0, 0, 0.000000, 0.000000, 0, 0, 0, 0, 0, 0, 0, 0
1776654799, 0, 0, 597, 597, 34, 9.07%, 0, 0, 2, 9.28, 16, 103, 0, 370, 103115, 40373, 0, 0.000, 0, 0, 0.000000, 0.000000, 0, 0, 0, 0, 0, 0, 0, 0
1776654805, 0, 0, 599, 599, 34, 9.07%, 0, 0, 2, 1.26, 16, 103, 0, 370, 103115, 40373, 0, 0.000, 0, 0, 0.000000, 0.000000, 0, 0, 0, 0, 0, 0, 0, 0
1776654821, 0, 0, 601, 601, 34, 9.07%, 0, 0, 2, 2.04, 16, 103, 0, 370, 103115, 40373, 0, 0.000, 0, 0, 0.000000, 0.000000, 0, 0, 0, 0, 0, 0, 0, 0
1776654827, 0, 0, 602, 602, 34, 9.08%, 0, 0, 2, 1.19, 16, 103, 0, 370, 103115, 40373, 0, 0.000, 0, 0, 0.000000, 0.000000, 0, 0, 0, 0, 0, 0, 0, 0
1776654850, 0, 0, 603, 603, 34, 9.08%, 0, 0, 2, 0.66, 16, 103, 0, 370, 103115, 40373, 0, 0.000, 0, 0, 0.000000, 0.000000, 0, 0, 0, 0, 0, 0, 1, 0
1776654866, 0, 0, 604, 604, 34, 9.08%, 0, 0, 2, 1.10, 16, 103, 0, 370, 103115, 40373, 0, 0.000, 0, 0, 0.000000, 0.000000, 0, 0, 0, 0, 0, 0, 1, 0
1776654872, 0, 0, 605, 605, 34, 9.09%, 0, 0, 2, 1.26, 16, 103, 0, 370, 103115, 40373, 0, 0.000, 0, 0, 0.000000, 0.000000, 0, 0, 0, 0, 0, 0, 1, 0
1776654878, 0, 0, 606, 606, 34, 9.09%, 0, 0, 2, 1.34, 16, 103, 0, 370, 103115, 40373, 0, 0.000, 0, 0, 0.000000, 0.000000, 0, 0, 0, 0, 0, 0, 1, 0
1776654895, 0, 0, 607, 607, 34, 9.09%, 0, 0, 2, 1.21, 16, 103, 0, 370, 103115, 40373, 0, 0.000, 0, 0, 0.000000, 0.000000, 0, 0, 0, 0, 0, 0, 1, 0
1776654900, 0, 0, 608, 608, 34, 9.10%, 0, 0, 2, 10.50, 17, 104, 0, 370, 103115, 40373, 0, 0.000, 0, 0, 0.000000, 0.000000, 0, 0, 0, 0, 0, 0, 1, 0
1776654906, 0, 0, 610, 610, 34, 9.10%, 0, 0, 2, 10.51, 17, 104, 0, 370, 103115, 40373, 0, 0.000, 0, 0, 0.000000, 0.000000, 0, 0, 0, 0, 0, 0, 1, 0
1776654911, 0, 0, 611, 611, 34, 9.10%, 0, 0, 2, 1.98, 17, 104, 0, 370, 103115, 40373, 0, 0.000, 0, 0, 0.000000, 0.000000, 0, 0, 0, 0, 0, 0, 1, 0
1776654917, 0, 0, 612, 612, 34, 9.11%, 0, 0, 2, 1.21, 17, 104, 0, 370, 103115, 40373, 0, 0.000, 0, 0, 0.000000, 0.000000, 0, 0, 0, 0, 0, 0, 1, 0
1776654922, 0, 0, 614, 614, 34, 9.11%, 0, 0, 2, 1.34, 17, 104, 0, 370, 103115, 40373, 0, 0.000, 0, 0, 0.000000, 0.000000, 0, 0, 0, 0, 0, 0, 1, 0
1776654933, 0, 0, 616, 616, 34, 9.12%, 0, 0, 2, 1.93, 17, 104, 0, 370, 103115, 40373, 0, 0.000, 0, 0, 0.000000, 0.000000, 0, 0, 0, 0, 0, 0, 1, 0
1776654939, 0, 0, 617, 617, 34, 9.12%, 0, 0, 2, 1.25, 17, 104, 0, 370, 103115, 40373, 0, 0.000, 0, 0, 0.000000, 0.000000, 0, 0, 0, 0, 0, 0, 1, 0
1776654950, 0, 0, 618, 618, 34, 9.12%, 0, 0, 2, 10.21, 17, 104, 0, 370, 103115, 40373, 0, 0.000, 0, 0, 0.000000, 0.000000, 0, 0, 0, 0, 0, 0, 1, 0
1776654956, 0, 0, 620, 620, 34, 9.12%, 0, 0, 2, 2.06, 17, 104, 0, 370, 103115, 40373, 0, 0.000, 0, 0, 0.000000, 0.000000, 0, 0, 0, 0, 0, 0, 1, 0
1776654962, 0, 0, 622, 622, 34, 9.13%, 0, 0, 2, 1.24, 17, 104, 0, 370, 103115, 40373, 0, 0.000, 0, 0, 0.000000, 0.000000, 0, 0, 0, 0, 0, 0, 1, 0
1776654967, 0, 0, 623, 623, 34, 9.13%, 0, 0, 2, 10.65, 17, 104, 0, 370, 103115, 40373, 0, 0.000, 0, 0, 0.000000, 0.000000, 0, 0, 0, 0, 0, 0, 1, 0
1776654978, 0, 0, 624, 624, 34, 9.13%, 0, 0, 2, 1.11, 17, 104, 0, 370, 103115, 40373, 0, 0.000, 0, 0, 0.000000, 0.000000, 0, 0, 0, 0, 0, 0, 1, 0
1776654984, 0, 0, 627, 627, 34, 9.16%, 0, 0, 2, 1.75, 17, 104, 0, 370, 103115, 40373, 0, 0.000, 0, 0, 0.000000, 0.000000, 0, 0, 0, 0, 0, 0, 1, 0
1776654990, 0, 0, 628, 628, 34, 9.16%, 0, 0, 2, 9.84, 17, 104, 0, 370, 103115, 40373, 0, 0.000, 0, 0, 0.000000, 0.000000, 0, 0, 0, 0, 0, 0, 1, 0
1776655001, 0, 0, 630, 630, 34, 9.16%, 0, 0, 2, 1.08, 17, 104, 0, 370, 103115, 40373, 0, 0.000, 0, 0, 0.000000, 0.000000, 0, 0, 0, 0, 0, 0, 1, 0
1776655007, 0, 0, 631, 631, 34, 9.16%, 0, 0, 2, 1.22, 17, 104, 0, 370, 103115, 40373, 0, 0.000, 0, 0, 0.000000, 0.000000, 0, 0, 0, 0, 0, 0, 1, 0
1776655012, 0, 0, 632, 632, 34, 9.16%, 0, 0, 2, 9.57, 17, 104, 0, 370, 103115, 40373, 0, 0.000, 0, 0, 0.000000, 0.000000, 0, 0, 0, 0, 0, 0, 1, 0
1776655018, 0, 0, 633, 633, 34, 9.17%, 0, 0, 2, 1.40, 17, 104, 0, 370, 103115, 40373, 0, 0.000, 0, 0, 0.000000, 0.000000, 0, 0, 0, 0, 0, 0, 1, 0
1776655023, 0, 0, 634, 634, 34, 9.17%, 0, 0, 2, 2.03, 17, 104, 0, 370, 103115, 40373, 0, 0.000, 0, 0, 0.000000, 0.000000, 0, 0, 0, 0, 0, 0, 1, 0
1776655029, 0, 0, 635, 635, 34, 9.17%, 0, 0, 2, 1.19, 17, 104, 0, 370, 103115, 40373, 0, 0.000, 0, 0, 0.000000, 0.000000, 0, 0, 0, 0, 0, 0, 1, 0
1776655040, 0, 0, 636, 636, 34, 9.18%, 0, 0, 2, 9.76, 17, 104, 0, 370, 103115, 40373, 0, 0.000, 0, 0, 0.000000, 0.000000, 0, 0, 0, 0, 0, 0, 1, 0
1776655046, 0, 0, 638, 638, 34, 9.19%, 0, 0, 2, 1.13, 17, 104, 0, 370, 103115, 40373, 0, 0.000, 0, 0, 0.000000, 0.000000, 0, 0, 0, 0, 0, 0, 1, 0
1776655057, 0, 0, 639, 639, 34, 9.19%, 0, 0, 2, 9.87, 17, 104, 0, 370, 103115, 40373, 0, 0.000, 0, 0, 0.000000, 0.000000, 0, 0, 0, 0, 0, 0, 1, 0
1776655063, 0, 0, 640, 640, 34, 9.19%, 0, 0, 2, 1.45, 17, 104, 0, 370, 103115, 40373, 0, 0.000, 0, 0, 0.000000, 0.000000, 0, 0, 0, 0, 0, 0, 1, 0
1776655068, 0, 0, 642, 642, 34, 9.19%, 0, 0, 2, 1.98, 17, 104, 0, 370, 103115, 40373, 0, 0.000, 0, 0, 0.000000, 0.000000, 0, 0, 0, 0, 0, 0, 1, 0
1776655074, 0, 0, 643, 643, 34, 9.19%, 0, 0, 2, 1.25, 17, 104, 0, 370, 103115, 40373, 0, 0.000, 0, 0, 0.000000, 0.000000, 0, 0, 0, 0, 0, 0, 1, 0
1776655080, 0, 0, 644, 644, 34, 9.28%, 0, 0, 2, 9.79, 17, 104, 0, 370, 103115, 40373, 0, 0.000, 0, 0, 0.000000, 0.000000, 0, 0, 0, 0, 0, 0, 1, 0
1776655091, 0, 0, 645, 645, 34, 9.29%, 0, 0, 2, 2.05, 17, 104, 0, 370, 103115, 40373, 0, 0.000, 0, 0, 0.000000, 0.000000, 0, 0, 0, 0, 0, 0, 1, 0
1776655097, 0, 0, 646, 646, 34, 9.29%, 0, 0, 2, 0.66, 17, 104, 0, 370, 103115, 40373, 0, 0.000, 0, 0, 0.000000, 0.000000, 0, 0, 0, 0, 0, 0, 1, 0
1776655102, 0, 0, 647, 647, 34, 9.29%, 0, 0, 2, 10.03, 17, 104, 0, 370, 103115, 40373, 0, 0.000, 0, 0, 0.000000, 0.000000, 0, 0, 0, 0, 0, 0, 1, 0
1776655108, 0, 0, 648, 648, 34, 9.29%, 0, 0, 2, 1.39, 17, 104, 0, 370, 103115, 40373, 0, 0.000, 0, 0, 0.000000, 0.000000, 0, 0, 0, 0, 0, 0, 1, 0
1776655113, 0, 0, 650, 650, 34, 9.29%, 0, 0, 2, 1.12, 17, 104, 0, 370, 103115, 40373, 0, 0.000, 0, 0, 0.000000, 0.000000, 0, 0, 0, 0, 0, 0, 1, 0
1776655119, 0, 0, 652, 652, 34, 9.30%, 0, 0, 2, 1.21, 17, 104, 0, 370, 103115, 40373, 0, 0.000, 0, 0, 0.000000, 0.000000, 0, 0, 0, 0, 0, 0, 1, 0
1776655130, 0, 0, 653, 653, 34, 9.30%, 0, 0, 2, 1.39, 17, 104, 0, 370, 103115, 40373, 0, 0.000, 0, 0, 0.000000, 0.000000, 0, 0, 0, 0, 0, 0, 1, 0
1776655141, 0, 0, 654, 654, 34, 9.30%, 0, 0, 2, 1.24, 17, 104, 0, 370, 103115, 40373, 0, 0.000, 0, 0, 0.000000, 0.000000, 0, 0, 0, 0, 0, 0, 1, 0
1776655156, 0, 0, 655, 655, 34, 9.30%, 0, 0, 2, 10.38, 17, 104, 0, 370, 103115, 40373, 0, 0.000, 0, 0, 0.000000, 0.000000, 0, 0, 0, 0, 0, 0, 1, 0
1776655162, 0, 0, 656, 656, 34, 9.30%, 0, 0, 2, 0.66, 17, 104, 0, 370, 103115, 40373, 0, 0.000, 0, 0, 0.000000, 0.000000, 0, 0, 0, 0, 0, 0, 1, 0
1776655167, 0, 0, 657, 657, 34, 9.30%, 0, 0, 2, 1.16, 17, 104, 0, 370, 103115, 40373, 0, 0.000, 0, 0, 0.000000, 0.000000, 0, 0, 0, 0, 0, 0, 1, 0
1776655178, 0, 0, 658, 658, 34, 9.30%, 0, 0, 2, 1.97, 17, 104, 0, 370, 103115, 40373, 0, 0.000, 0, 0, 0.000000, 0.000000, 0, 0, 0, 0, 0, 0, 1, 0
1776655184, 0, 0, 659, 659, 34, 9.31%, 0, 0, 2, 0.66, 17, 104, 0, 370, 103115, 40373, 0, 0.000, 0, 0, 0.000000, 0.000000, 0, 0, 0, 0, 0, 0, 1, 0
1776655199, 0, 0, 660, 660, 34, 9.31%, 0, 0, 2, 10.22, 17, 104, 0, 370, 103115, 40373, 0, 0.000, 0, 0, 0.000000, 0.000000, 0, 0, 0, 0, 0, 0, 1, 0
1776655215, 0, 0, 661, 661, 34, 9.31%, 0, 0, 2, 1.43, 17, 104, 0, 370, 103115, 40373, 0, 0.000, 0, 0, 0.000000, 0.000000, 0, 0, 0, 0, 0, 0, 1, 0
1776655220, 0, 0, 663, 663, 34, 9.31%, 0, 0, 2, 10.50, 17, 104, 0, 370, 103115, 40373, 0, 0.000, 0, 0, 0.000000, 0.000000, 0, 0, 0, 0, 0, 0, 1, 0
1776655226, 0, 0, 664, 664, 34, 9.32%, 0, 0, 2, 0.66, 17, 104, 0, 370, 103115, 40373, 0, 0.000, 0, 0, 0.000000, 0.000000, 0, 0, 0, 0, 0, 0, 1, 0
1776655231, 0, 0, 666, 666, 34, 9.32%, 0, 0, 2, 10.85, 17, 104, 0, 370, 103115, 40373, 0, 0.000, 0, 0, 0.000000, 0.000000, 0, 0, 0, 0, 0, 0, 1, 0
1776655248, 0, 0, 667, 667, 34, 9.32%, 0, 0, 2, 1.22, 17, 104, 0, 370, 103115, 40373, 0, 0.000, 0, 0, 0.000000, 0.000000, 0, 0, 0, 0, 0, 0, 1, 0
1776655253, 0, 0, 669, 669, 34, 9.32%, 0, 0, 2, 10.20, 17, 104, 0, 370, 103115, 40373, 0, 0.000, 0, 0, 0.000000, 0.000000, 0, 0, 0, 0, 0, 0, 1, 0
1776655275, 0, 0, 670, 670, 34, 9.32%, 0, 0, 2, 1.37, 17, 104, 0, 370, 103115, 40373, 0, 0.000, 0, 0, 0.000000, 0.000000, 0, 0, 0, 0, 0, 0, 1, 0
1776655297, 0, 0, 671, 671, 34, 9.33%, 0, 0, 2, 11.25, 17, 104, 0, 370, 103115, 40373, 0, 0.000, 0, 0, 0.000000, 0.000000, 0, 0, 0, 0, 0, 0, 1, 0
1776655313, 0, 0, 672, 672, 34, 9.33%, 0, 0, 2, 0.65, 17, 104, 0, 370, 103115, 40373, 0, 0.000, 0, 0, 0.000000, 0.000000, 0, 0, 0, 0, 0, 0, 1, 0
1776655318, 0, 0, 675, 675, 34, 9.34%, 0, 0, 2, 10.01, 17, 104, 0, 370, 103115, 40373, 0, 0.000, 0, 0, 0.000000, 0.000000, 0, 0, 0, 0, 0, 0, 1, 0
1776655329, 0, 0, 676, 676, 34, 9.34%, 0, 0, 2, 1.97, 17, 104, 0, 370, 103115, 40373, 0, 0.000, 0, 0, 0.000000, 0.000000, 0, 0, 0, 0, 0, 0, 1, 0
1776655335, 0, 0, 677, 677, 34, 9.34%, 0, 0, 2, 1.25, 17, 104, 0, 370, 103115, 40373, 0, 0.000, 0, 0, 0.000000, 0.000000, 0, 0, 0, 0, 0, 0, 1, 0
1776655341, 0, 0, 679, 679, 34, 9.34%, 0, 0, 2, 1.36, 17, 104, 0, 370, 103115, 40373, 0, 0.000, 0, 0, 0.000000, 0.000000, 0, 0, 0, 0, 0, 0, 1, 0
1776655352, 0, 0, 681, 681, 34, 9.34%, 0, 0, 2, 1.06, 17, 104, 0, 370, 103115, 40373, 0, 0.000, 0, 0, 0.000000, 0.000000, 0, 0, 0, 0, 0, 0, 1, 0
1776655363, 0, 0, 682, 682, 34, 9.35%, 0, 0, 2, 9.92, 17, 104, 0, 370, 103115, 40373, 0, 0.000, 0, 0, 0.000000, 0.000000, 0, 0, 0, 0, 0, 0, 1, 0
1776655368, 0, 0, 683, 683, 34, 9.36%, 0, 0, 2, 9.64, 17, 104, 0, 370, 103115, 40373, 0, 0.000, 0, 0, 0.000000, 0.000000, 0, 0, 0, 0, 0, 0, 1, 0
1776655374, 0, 0, 686, 686, 34, 9.36%, 0, 0, 2, 1.10, 17, 104, 0, 370, 103115, 40373, 0, 0.000, 0, 0, 0.000000, 0.000000, 0, 0, 0, 0, 0, 0, 1, 0
1776655380, 0, 0, 688, 688, 34, 9.37%, 0, 0, 2, 1.75, 17, 104, 0, 370, 103115, 40373, 0, 0.000, 0, 0, 0.000000, 0.000000, 0, 0, 0, 0, 0, 0, 1, 0
1776655391, 0, 0, 690, 690, 34, 9.38%, 0, 0, 2, 1.43, 17, 104, 0, 370, 103115, 40373, 0, 0.000, 0, 0, 0.000000, 0.000000, 0, 0, 0, 0, 0, 0, 1, 0
1776655408, 0, 0, 691, 691, 34, 9.38%, 0, 0, 2, 1.37, 17, 104, 0, 370, 103115, 40373, 0, 0.000, 0, 0, 0.000000, 0.000000, 0, 0, 0, 0, 0, 0, 1, 0
1776655418, 0, 0, 693, 693, 34, 9.39%, 0, 0, 2, 1.94, 18, 105, 0, 370, 103115, 40373, 0, 0.000, 0, 0, 0.000000, 0.000000, 0, 0, 0, 0, 0, 0, 1, 0
1776655424, 0, 0, 695, 695, 34, 9.40%, 0, 0, 2, 1.22, 19, 106, 0, 370, 103115, 40373, 0, 0.000, 0, 0, 0.000000, 0.000000, 0, 0, 0, 0, 0, 0, 1, 0
1776655429, 0, 0, 698, 698, 34, 9.41%, 0, 0, 2, 2.91, 19, 106, 0, 370, 103115, 40373, 0, 0.000, 0, 0, 0.000000, 0.000000, 0, 0, 0, 0, 0, 0, 1, 0
1776655435, 0, 0, 699, 699, 34, 9.41%, 0, 0, 2, 8.38, 19, 106, 0, 370, 103115, 40373, 0, 0.000, 0, 0, 0.000000, 0.000000, 0, 0, 0, 0, 0, 0, 1, 0
1776655445, 0, 0, 700, 700, 34, 9.41%, 0, 0, 2, 1.76, 19, 106, 0, 370, 103115, 40373, 0, 0.000, 0, 0, 0.000000, 0.000000, 0, 0, 0, 0, 0, 0, 1, 0
