# unix_time, cycles_done, cur_path, paths_total, pending_total, pending_favs, map_size, unique_crashes, unique_hangs, max_depth, execs_per_sec, n_nodes, n_edges, chat_times
1768674639, 0, 0, 2, 2, 2, 0.57%, 0, 0, 1, 14.42, 10, 11, 0
1768674647, 0, 0, 8, 8, 2, 0.60%, 0, 0, 2, 15.49, 12, 20, 0
1768674652, 0, 0, 14, 14, 2, 0.61%, 0, 0, 2, 16.03, 13, 22, 0
1768674663, 0, 0, 16, 16, 2, 0.62%, 0, 0, 2, 16.08, 13, 22, 0
1768674668, 0, 0, 17, 17, 2, 0.63%, 0, 0, 2, 15.93, 13, 22, 0
1768674673, 0, 0, 18, 18, 2, 0.63%, 0, 0, 2, 15.84, 13, 22, 0
1768674678, 0, 0, 19, 19, 2, 0.64%, 0, 0, 2, 16.09, 14, 23, 0
1768674684, 0, 0, 20, 20, 2, 0.64%, 0, 0, 2, 16.10, 14, 25, 0
1768674689, 0, 0, 22, 22, 2, 0.64%, 0, 0, 2, 16.57, 14, 25, 0
1768674696, 0, 0, 23, 23, 2, 0.65%, 0, 0, 2, 16.43, 14, 25, 0
1768674702, 0, 0, 24, 24, 2, 0.65%, 0, 0, 2, 16.21, 14, 25, 0
1768674707, 0, 0, 25, 25, 2, 0.65%, 0, 0, 2, 16.28, 14, 25, 0
1768674717, 0, 0, 26, 26, 2, 0.65%, 0, 0, 2, 15.61, 14, 28, 0
1768674727, 0, 0, 28, 28, 2, 0.65%, 0, 0, 2, 17.22, 14, 29, 0
1768674742, 0, 0, 29, 29, 2, 0.65%, 0, 0, 2, 16.76, 14, 30, 0
1768674754, 0, 0, 30, 30, 2, 0.65%, 0, 0, 2, 17.30, 14, 30, 0
1768674767, 0, 0, 31, 31, 2, 0.65%, 0, 0, 2, 16.98, 14, 31, 0
1768674784, 0, 0, 32, 32, 2, 0.65%, 0, 0, 2, 16.46, 14, 31, 0
1768674793, 0, 0, 34, 34, 2, 0.65%, 0, 0, 2, 16.50, 14, 33, 0
1768674808, 0, 0, 38, 38, 2, 0.65%, 0, 0, 2, 15.22, 14, 34, 0
1768674822, 0, 0, 39, 39, 2, 0.66%, 0, 0, 2, 13.31, 14, 35, 0
1768674831, 0, 0, 42, 42, 2, 0.67%, 0, 0, 2, 20.42, 14, 35, 0
1768674853, 0, 0, 45, 45, 2, 0.67%, 0, 0, 2, 15.04, 14, 35, 0
1768674888, 0, 0, 46, 46, 2, 0.67%, 0, 0, 2, 16.55, 14, 36, 0
1768674893, 0, 0, 50, 50, 2, 0.68%, 0, 0, 2, 12.79, 14, 36, 0
1768674908, 0, 0, 51, 51, 2, 0.68%, 0, 0, 2, 12.86, 14, 37, 0
1768674913, 0, 0, 52, 52, 2, 0.68%, 0, 0, 2, 14.89, 14, 37, 0
1768674929, 0, 0, 53, 53, 2, 0.68%, 0, 0, 2, 15.44, 14, 37, 0
1768674939, 0, 0, 54, 54, 2, 0.68%, 0, 0, 2, 13.27, 14, 37, 0
1768674950, 0, 0, 55, 55, 2, 0.68%, 0, 0, 2, 13.77, 14, 37, 0
1768674996, 0, 0, 57, 57, 2, 0.68%, 0, 0, 2, 13.40, 14, 38, 0
1768675041, 0, 0, 58, 58, 2, 0.68%, 0, 0, 2, 11.58, 14, 38, 0
1768675048, 0, 0, 59, 59, 2, 0.68%, 0, 0, 2, 10.86, 15, 39, 0
1768675053, 0, 0, 61, 61, 2, 0.69%, 0, 0, 2, 9.33, 15, 40, 0
1768675086, 0, 0, 62, 62, 2, 0.69%, 0, 0, 2, 9.72, 15, 40, 0
1768675127, 0, 0, 63, 63, 2, 0.69%, 0, 0, 2, 10.48, 15, 40, 0
1768675137, 0, 0, 64, 64, 2, 0.69%, 0, 0, 2, 10.11, 15, 40, 0
1768675188, 0, 0, 65, 65, 2, 0.69%, 0, 0, 2, 10.85, 15, 40, 0
1768675197, 0, 0, 66, 66, 2, 0.69%, 0, 0, 2, 12.25, 15, 40, 0
1768675235, 0, 0, 67, 67, 2, 0.69%, 0, 0, 2, 10.59, 15, 40, 0
1768675267, 0, 0, 68, 68, 2, 0.69%, 0, 0, 2, 9.76, 15, 40, 0
1768675275, 0, 0, 69, 69, 2, 0.69%, 0, 0, 2, 9.41, 15, 40, 0
1768675280, 0, 0, 70, 70, 2, 0.69%, 0, 0, 2, 11.49, 15, 40, 0
1768675285, 0, 0, 71, 71, 2, 0.70%, 0, 0, 2, 12.62, 15, 40, 0
1768675307, 0, 0, 73, 73, 2, 0.70%, 0, 0, 2, 12.53, 15, 45, 0
1768675329, 0, 0, 74, 74, 2, 0.70%, 0, 0, 2, 10.70, 15, 49, 0
1768675341, 0, 0, 75, 75, 2, 0.71%, 0, 0, 2, 10.82, 15, 51, 0
1768675351, 0, 0, 76, 76, 2, 0.71%, 0, 0, 2, 11.02, 15, 54, 0
1768675368, 0, 0, 77, 77, 2, 0.71%, 0, 0, 2, 11.08, 15, 54, 0
1768675374, 0, 0, 78, 78, 2, 0.71%, 0, 0, 2, 11.37, 16, 56, 0
1768675379, 0, 0, 82, 82, 2, 0.71%, 0, 0, 2, 11.90, 16, 58, 0
1768675398, 0, 0, 83, 83, 2, 0.71%, 0, 0, 2, 11.72, 16, 58, 0
1768675413, 0, 0, 84, 84, 2, 0.72%, 0, 0, 2, 11.18, 16, 60, 0
1768675429, 0, 0, 85, 85, 2, 0.72%, 0, 0, 2, 12.24, 16, 60, 0
1768675434, 0, 0, 86, 86, 2, 0.72%, 0, 0, 2, 11.95, 16, 61, 0
1768675457, 0, 0, 87, 87, 2, 0.72%, 0, 0, 2, 13.02, 16, 61, 0
1768675503, 0, 0, 88, 88, 2, 0.72%, 0, 0, 2, 12.95, 16, 62, 0
1768675508, 0, 78, 89, 88, 0, 0.72%, 0, 0, 3, 12.20, 16, 62, 0
1768675513, 0, 78, 90, 89, 0, 0.72%, 0, 0, 3, 16.16, 16, 62, 0
1768675541, 0, 78, 91, 90, 0, 0.73%, 0, 0, 3, 16.08, 16, 62, 0
1768675556, 1, 0, 92, 90, 1, 0.73%, 0, 0, 3, 17.73, 16, 62, 0
1768675561, 1, 0, 93, 91, 1, 0.73%, 0, 0, 3, 13.70, 16, 62, 0
1768675566, 1, 0, 95, 93, 1, 0.73%, 0, 0, 3, 10.26, 16, 64, 0
1768675584, 1, 0, 96, 94, 1, 0.73%, 0, 0, 3, 12.68, 16, 65, 0
1768675631, 1, 0, 97, 95, 1, 0.73%, 0, 0, 3, 11.68, 16, 65, 0
1768675653, 1, 0, 98, 96, 1, 0.73%, 0, 0, 3, 13.09, 16, 65, 0
1768675676, 1, 0, 99, 97, 1, 0.73%, 0, 0, 3, 12.25, 16, 65, 0
1768675722, 1, 0, 100, 98, 1, 0.73%, 0, 0, 3, 12.36, 16, 65, 0
1768675746, 1, 0, 101, 99, 1, 0.73%, 0, 0, 3, 12.41, 16, 65, 0
1768675766, 1, 0, 102, 100, 1, 0.73%, 0, 0, 3, 13.62, 16, 65, 0
1768675782, 1, 0, 103, 101, 1, 0.73%, 0, 0, 3, 13.94, 16, 65, 0
1768675844, 1, 0, 104, 102, 1, 0.73%, 0, 0, 3, 14.27, 16, 65, 0
1768675867, 1, 0, 105, 103, 1, 0.73%, 0, 0, 3, 14.32, 16, 65, 0
1768675872, 1, 0, 106, 104, 1, 0.74%, 0, 0, 3, 13.38, 16, 65, 0
1768675898, 1, 0, 107, 105, 1, 0.74%, 0, 0, 3, 11.95, 16, 65, 0
1768675903, 1, 0, 108, 106, 1, 0.74%, 0, 0, 3, 12.73, 16, 66, 0
1768675964, 1, 0, 109, 107, 1, 0.74%, 0, 0, 3, 11.51, 16, 67, 0
1768675982, 1, 0, 110, 108, 1, 0.75%, 0, 0, 3, 12.30, 16, 67, 0
1768676022, 1, 0, 112, 110, 1, 0.76%, 0, 0, 3, 13.66, 16, 67, 0
1768676047, 1, 0, 113, 111, 1, 0.76%, 0, 0, 3, 13.49, 16, 67, 0
1768676074, 1, 0, 114, 112, 1, 0.78%, 0, 0, 3, 12.06, 17, 69, 0
1768676079, 1, 0, 115, 113, 1, 0.78%, 0, 0, 3, 13.29, 17, 69, 0
1768676084, 1, 0, 116, 114, 1, 0.78%, 0, 0, 3, 11.95, 17, 69, 0
1768676112, 1, 0, 117, 115, 1, 0.78%, 0, 0, 3, 15.41, 17, 69, 0
1768676140, 1, 0, 118, 116, 1, 0.78%, 0, 0, 3, 13.40, 17, 70, 0
1768676225, 1, 0, 119, 117, 1, 0.78%, 0, 0, 3, 11.23, 17, 70, 0
1768676288, 1, 0, 120, 118, 1, 0.78%, 0, 0, 3, 10.61, 17, 70, 0
1768676297, 1, 0, 121, 119, 1, 0.78%, 0, 0, 3, 11.00, 17, 70, 0
1768676341, 1, 0, 122, 120, 1, 0.78%, 0, 0, 3, 10.43, 17, 70, 0
1768676355, 1, 0, 123, 121, 1, 0.78%, 0, 0, 3, 10.59, 17, 72, 0
1768676375, 1, 0, 124, 122, 1, 0.78%, 0, 0, 3, 10.48, 17, 72, 0
1768676393, 1, 0, 125, 123, 1, 0.79%, 0, 0, 3, 10.70, 17, 74, 0
1768676441, 1, 0, 126, 124, 1, 0.79%, 0, 0, 3, 11.25, 17, 76, 0
1768676450, 1, 0, 127, 125, 1, 0.79%, 0, 0, 3, 10.83, 17, 76, 0
1768676455, 1, 0, 128, 126, 1, 0.80%, 0, 0, 3, 11.06, 17, 77, 0
1768676563, 1, 0, 129, 127, 1, 0.80%, 0, 0, 3, 11.08, 17, 78, 0
1768676568, 1, 0, 130, 128, 1, 0.80%, 0, 0, 3, 9.72, 17, 78, 0
1768676679, 1, 0, 131, 129, 1, 0.80%, 0, 0, 3, 12.27, 17, 78, 0
1768676704, 1, 0, 132, 130, 1, 0.80%, 0, 0, 3, 11.15, 17, 78, 0
1768676709, 1, 0, 133, 131, 1, 0.80%, 0, 0, 3, 11.49, 17, 78, 0
1768676728, 1, 0, 134, 132, 1, 0.80%, 0, 0, 3, 12.95, 17, 78, 0
1768676773, 1, 0, 135, 133, 1, 0.80%, 0, 0, 3, 9.92, 17, 79, 0
1768676818, 1, 0, 136, 134, 1, 0.80%, 0, 0, 3, 10.37, 17, 80, 0
1768676867, 1, 0, 138, 136, 1, 0.80%, 0, 0, 3, 9.42, 17, 81, 0
1768676906, 1, 0, 139, 137, 1, 0.81%, 0, 0, 3, 9.93, 18, 84, 0
1768676934, 1, 0, 140, 138, 1, 0.81%, 0, 0, 3, 10.28, 18, 84, 0
1768676984, 1, 0, 141, 139, 1, 0.81%, 0, 0, 3, 10.71, 18, 84, 0
1768676989, 1, 0, 142, 140, 1, 0.81%, 0, 0, 3, 9.56, 18, 88, 0
1768677090, 1, 0, 143, 141, 1, 0.82%, 0, 0, 3, 9.98, 18, 88, 0
1768677147, 1, 0, 144, 142, 1, 0.82%, 0, 0, 3, 9.71, 19, 90, 0
1768677195, 1, 0, 145, 143, 1, 0.83%, 0, 0, 3, 9.90, 19, 90, 0
1768677241, 1, 0, 146, 144, 1, 0.83%, 0, 0, 3, 9.97, 19, 90, 0
1768677266, 1, 0, 147, 145, 1, 0.83%, 0, 0, 3, 9.54, 19, 90, 0
1768677312, 1, 0, 148, 146, 1, 0.83%, 0, 0, 3, 11.21, 19, 91, 0
1768677353, 1, 0, 150, 148, 1, 0.83%, 0, 0, 3, 10.06, 19, 93, 0
1768677496, 1, 0, 151, 149, 1, 0.83%, 0, 0, 3, 11.00, 19, 94, 0
1768677574, 1, 0, 152, 150, 1, 0.83%, 0, 0, 3, 10.20, 19, 94, 0
1768677584, 1, 0, 153, 151, 1, 0.83%, 0, 0, 3, 9.47, 19, 94, 0
1768677632, 1, 0, 154, 152, 1, 0.83%, 0, 0, 3, 8.69, 19, 94, 0
1768677653, 1, 0, 155, 153, 1, 0.84%, 0, 0, 3, 11.75, 19, 94, 0
1768677668, 1, 0, 156, 154, 1, 0.84%, 0, 0, 3, 10.79, 19, 94, 0
1768677718, 1, 0, 157, 155, 1, 0.84%, 0, 0, 3, 9.78, 19, 95, 0
1768677723, 1, 0, 158, 156, 1, 0.84%, 0, 0, 3, 10.26, 19, 95, 0
1768677767, 1, 0, 159, 157, 1, 0.84%, 0, 0, 3, 9.70, 19, 95, 0
1768677782, 1, 1, 159, 157, 1, 0.84%, 0, 0, 3, 8.86, 19, 95, 0
1768677788, 1, 1, 160, 158, 1, 0.84%, 0, 0, 3, 9.44, 19, 95, 0
1768677825, 1, 1, 161, 159, 1, 0.84%, 0, 0, 3, 9.52, 19, 95, 0
1768677869, 1, 1, 162, 160, 1, 0.84%, 0, 0, 3, 9.50, 19, 95, 0
1768677910, 1, 1, 163, 161, 1, 0.84%, 0, 0, 3, 8.83, 19, 95, 0
1768677948, 1, 1, 164, 162, 1, 0.84%, 0, 0, 3, 8.32, 19, 95, 0
1768678007, 1, 1, 165, 163, 1, 0.84%, 0, 0, 3, 8.57, 19, 95, 0
1768678012, 1, 1, 166, 164, 1, 0.84%, 0, 0, 3, 9.58, 19, 95, 0
1768678093, 1, 1, 167, 165, 1, 0.84%, 0, 0, 3, 8.85, 19, 95, 0
1768678145, 1, 1, 168, 166, 1, 0.84%, 0, 0, 3, 8.25, 19, 95, 0
1768678165, 1, 1, 169, 167, 1, 0.85%, 0, 0, 3, 9.26, 20, 97, 0
