# unix_time, cycles_done, cur_path, paths_total, pending_total, pending_favs, map_size, unique_crashes, unique_hangs, max_depth, execs_per_sec, n_nodes, n_edges, chat_times
1768680416, 0, 0, 3, 3, 2, 0.58%, 0, 0, 2, 14.44, 11, 15, 0
1768680421, 0, 0, 9, 9, 2, 0.60%, 0, 0, 2, 15.67, 13, 22, 0
1768680428, 0, 0, 12, 12, 2, 0.61%, 0, 0, 2, 15.70, 13, 23, 0
1768680434, 0, 0, 13, 13, 2, 0.62%, 0, 0, 2, 16.10, 13, 23, 0
1768680439, 0, 0, 14, 14, 2, 0.62%, 0, 0, 2, 15.93, 13, 25, 0
1768680444, 0, 0, 15, 15, 2, 0.62%, 0, 0, 2, 15.79, 13, 26, 0
1768680450, 0, 0, 17, 17, 2, 0.64%, 0, 0, 2, 16.11, 13, 26, 0
1768680457, 0, 0, 18, 18, 2, 0.64%, 0, 0, 2, 16.04, 13, 26, 0
1768680462, 0, 0, 19, 19, 2, 0.64%, 0, 0, 2, 19.73, 13, 26, 0
1768680467, 0, 0, 20, 20, 2, 0.64%, 0, 0, 2, 17.80, 13, 26, 0
1768680472, 0, 0, 21, 21, 2, 0.65%, 0, 0, 2, 16.78, 13, 26, 0
1768680477, 0, 0, 23, 23, 2, 0.66%, 0, 0, 2, 16.18, 13, 26, 0
1768680488, 0, 0, 24, 24, 2, 0.66%, 0, 0, 2, 16.23, 13, 26, 0
1768680498, 0, 0, 25, 25, 2, 0.67%, 0, 0, 2, 16.00, 13, 26, 0
1768680503, 0, 0, 26, 26, 2, 0.67%, 0, 0, 2, 15.66, 13, 28, 0
1768680509, 0, 0, 27, 27, 2, 0.67%, 0, 0, 2, 16.37, 13, 28, 0
1768680527, 0, 0, 31, 31, 2, 0.67%, 0, 0, 2, 15.28, 13, 30, 0
