# unix_time, cycles_done, cur_path, paths_total, pending_total, pending_favs, map_size, unique_crashes, unique_hangs, max_depth, execs_per_sec, n_nodes, n_edges, chat_times
1769342652, 0, 0, 2, 2, 1, 15.55%, 0, 0, 2, 5.46, 4, 4, 0
1769342662, 0, 0, 3, 3, 1, 15.56%, 0, 0, 2, 5.72, 4, 4, 0
1769342668, 0, 0, 4, 4, 1, 15.57%, 0, 0, 2, 5.73, 4, 4, 0
1769342673, 0, 0, 5, 5, 1, 15.84%, 0, 0, 2, 5.74, 4, 4, 0
1769342678, 0, 0, 6, 6, 1, 15.92%, 0, 0, 2, 5.73, 4, 4, 0
1769342683, 0, 0, 7, 7, 1, 15.93%, 0, 0, 2, 5.75, 4, 4, 0
1769342689, 0, 0, 10, 10, 1, 16.03%, 0, 0, 2, 5.75, 4, 4, 0
1769342694, 0, 0, 13, 13, 1, 16.08%, 0, 0, 2, 5.68, 5, 6, 0
1769342704, 0, 0, 17, 17, 1, 16.18%, 0, 0, 2, 5.67, 6, 8, 0
1769342709, 0, 0, 20, 20, 1, 16.23%, 0, 0, 2, 5.70, 6, 8, 0
1769342715, 0, 0, 23, 23, 1, 16.23%, 0, 0, 2, 5.69, 6, 8, 0
1769342720, 0, 0, 26, 26, 1, 16.28%, 0, 0, 2, 5.56, 6, 8, 0
1769342725, 0, 0, 28, 28, 1, 16.32%, 0, 0, 2, 5.65, 6, 8, 0
1769342730, 0, 0, 31, 31, 1, 16.37%, 0, 0, 2, 5.72, 6, 8, 0
1769342735, 0, 0, 34, 34, 1, 16.47%, 0, 0, 2, 5.75, 6, 8, 0
1769342746, 0, 0, 37, 37, 1, 16.48%, 0, 0, 2, 5.75, 6, 8, 0
1769342751, 0, 0, 40, 40, 1, 16.49%, 0, 0, 2, 5.75, 6, 8, 0
1769342756, 0, 0, 42, 42, 1, 16.51%, 0, 0, 2, 5.74, 6, 8, 0
1769342762, 0, 0, 45, 45, 1, 16.52%, 0, 0, 2, 5.72, 6, 8, 0
1769342767, 0, 0, 48, 48, 1, 16.52%, 0, 0, 2, 5.72, 6, 8, 0
1769342772, 0, 0, 51, 51, 1, 16.56%, 0, 0, 2, 5.72, 6, 8, 0
1769342777, 0, 0, 54, 54, 1, 16.58%, 0, 0, 2, 5.70, 6, 8, 0
1769342783, 0, 0, 57, 57, 1, 16.67%, 0, 0, 2, 5.65, 6, 8, 0
1769342788, 0, 0, 59, 59, 1, 16.67%, 0, 0, 2, 5.67, 6, 8, 0
1769342793, 0, 0, 61, 61, 1, 16.69%, 0, 0, 2, 5.66, 6, 8, 0
1769342799, 0, 0, 64, 64, 1, 16.74%, 0, 0, 2, 5.71, 6, 8, 0
1769342804, 0, 0, 67, 67, 1, 16.75%, 0, 0, 2, 5.76, 6, 8, 0
1769342809, 0, 0, 68, 68, 1, 16.75%, 0, 0, 2, 5.73, 6, 8, 0
1769342814, 0, 0, 71, 71, 1, 16.80%, 0, 0, 2, 5.70, 6, 8, 0
1769342820, 0, 0, 74, 74, 1, 16.83%, 0, 0, 2, 5.72, 6, 8, 0
1769342825, 0, 0, 76, 76, 1, 16.85%, 0, 0, 2, 5.73, 6, 8, 0
1769342830, 0, 0, 78, 78, 1, 16.89%, 0, 0, 2, 5.69, 6, 8, 0
1769342835, 0, 0, 81, 81, 1, 16.89%, 0, 0, 2, 5.67, 6, 8, 0
1769342841, 0, 0, 84, 84, 1, 16.96%, 0, 0, 2, 5.67, 6, 8, 0
1769342846, 0, 0, 87, 87, 1, 16.98%, 0, 0, 2, 5.66, 6, 8, 0
1769342851, 0, 0, 90, 90, 1, 16.99%, 0, 0, 2, 5.70, 6, 8, 0
1769342857, 0, 0, 92, 92, 1, 17.01%, 0, 0, 2, 5.69, 6, 8, 0
1769342862, 0, 0, 95, 95, 1, 17.43%, 0, 0, 2, 5.68, 7, 11, 0
1769342867, 0, 0, 98, 98, 1, 17.48%, 0, 0, 2, 5.67, 7, 11, 0
1769342872, 0, 0, 100, 100, 1, 17.51%, 0, 0, 2, 5.65, 7, 11, 0
1769342877, 0, 0, 102, 102, 1, 17.54%, 0, 0, 2, 5.66, 7, 11, 0
1769342883, 0, 0, 104, 104, 1, 17.55%, 0, 0, 2, 5.70, 7, 11, 0
1769342888, 0, 0, 106, 106, 1, 17.56%, 0, 0, 2, 5.67, 7, 11, 0
1769342893, 0, 0, 107, 107, 1, 17.56%, 0, 0, 2, 5.70, 7, 11, 0
1769342898, 0, 0, 108, 108, 1, 17.56%, 0, 0, 2, 5.72, 7, 11, 0
1769342904, 0, 0, 109, 109, 1, 17.56%, 0, 0, 2, 5.72, 7, 11, 0
1769342909, 0, 0, 111, 111, 1, 17.56%, 0, 0, 2, 5.74, 7, 11, 0
1769342914, 0, 0, 113, 113, 1, 17.91%, 0, 0, 2, 5.71, 8, 14, 0
1769342919, 0, 0, 116, 116, 1, 17.92%, 0, 0, 2, 5.74, 8, 14, 0
1769342925, 0, 0, 117, 117, 1, 17.92%, 0, 0, 2, 5.74, 8, 14, 0
1769342930, 0, 0, 119, 119, 1, 17.93%, 0, 0, 2, 5.73, 8, 14, 0
1769342935, 0, 0, 122, 122, 1, 17.94%, 0, 0, 2, 5.72, 8, 14, 0
1769342946, 0, 0, 124, 124, 1, 17.95%, 0, 0, 2, 5.70, 8, 14, 0
1769342951, 0, 0, 127, 127, 1, 17.96%, 0, 0, 2, 5.71, 8, 14, 0
1769342956, 0, 0, 129, 129, 1, 18.00%, 0, 0, 2, 5.69, 8, 14, 0
1769342962, 0, 0, 132, 132, 1, 18.02%, 0, 0, 2, 5.66, 8, 14, 0
1769342967, 0, 0, 135, 135, 1, 18.05%, 0, 0, 2, 5.71, 8, 14, 0
1769342972, 0, 0, 137, 137, 1, 18.07%, 0, 0, 2, 5.74, 8, 14, 0
1769342977, 0, 0, 139, 139, 1, 18.07%, 0, 0, 2, 5.72, 8, 14, 0
1769342982, 0, 0, 142, 142, 1, 18.10%, 0, 0, 2, 5.75, 8, 14, 0
1769342988, 0, 0, 145, 145, 1, 18.12%, 0, 0, 2, 5.70, 8, 14, 0
1769342993, 0, 0, 147, 147, 1, 18.13%, 0, 0, 2, 5.74, 8, 14, 0
1769342998, 0, 0, 150, 150, 1, 18.15%, 0, 0, 2, 5.72, 8, 14, 0
1769343003, 0, 0, 152, 152, 1, 18.16%, 0, 0, 2, 5.73, 8, 14, 0
1769343009, 0, 0, 154, 154, 1, 18.17%, 0, 0, 2, 5.67, 8, 14, 0
1769343014, 0, 0, 156, 156, 1, 18.18%, 0, 0, 2, 5.66, 8, 14, 0
1769343025, 0, 0, 157, 157, 1, 18.18%, 0, 0, 2, 5.68, 8, 14, 0
1769343030, 0, 0, 160, 160, 1, 18.19%, 0, 0, 2, 5.69, 8, 14, 0
1769343035, 0, 0, 161, 161, 1, 18.19%, 0, 0, 2, 5.71, 8, 14, 0
1769343040, 0, 0, 162, 162, 1, 18.24%, 0, 0, 2, 5.68, 8, 14, 0
1769343046, 0, 0, 164, 164, 1, 18.27%, 0, 0, 2, 5.67, 8, 14, 0
1769343051, 0, 0, 166, 166, 1, 18.27%, 0, 0, 2, 5.72, 8, 14, 0
1769343056, 0, 0, 168, 168, 1, 18.28%, 0, 0, 2, 5.66, 8, 14, 0
1769343062, 0, 0, 171, 171, 1, 18.30%, 0, 0, 2, 5.68, 8, 14, 0
1769343072, 0, 0, 174, 174, 1, 18.33%, 0, 0, 2, 5.71, 8, 14, 0
1769343077, 0, 0, 177, 177, 1, 18.40%, 0, 0, 2, 5.67, 8, 15, 0
1769343082, 0, 0, 180, 180, 1, 18.45%, 0, 0, 2, 5.62, 8, 15, 0
1769343087, 0, 0, 183, 183, 1, 18.54%, 0, 0, 2, 5.59, 8, 15, 0
1769343093, 0, 0, 186, 186, 1, 18.54%, 0, 0, 2, 5.51, 8, 16, 0
1769343098, 0, 0, 189, 189, 1, 18.54%, 0, 0, 2, 5.55, 8, 16, 0
1769343103, 0, 0, 192, 192, 1, 18.58%, 0, 0, 2, 5.53, 8, 16, 0
1769343108, 0, 0, 195, 195, 1, 18.58%, 0, 0, 2, 5.57, 8, 16, 0
1769343113, 0, 0, 198, 198, 1, 18.58%, 0, 0, 2, 5.38, 8, 17, 0
1769343118, 0, 0, 201, 201, 1, 18.58%, 0, 0, 2, 5.53, 8, 18, 0
1769343123, 0, 0, 204, 204, 1, 18.65%, 0, 0, 2, 5.50, 8, 18, 0
1769343133, 0, 0, 206, 206, 1, 18.72%, 0, 0, 2, 5.31, 8, 18, 0
1769343139, 0, 0, 209, 209, 1, 18.74%, 0, 0, 2, 5.41, 8, 18, 0
1769343144, 0, 0, 212, 212, 1, 18.75%, 0, 0, 2, 5.53, 8, 18, 0
1769343149, 0, 0, 215, 215, 1, 18.80%, 0, 0, 2, 5.58, 8, 18, 0
1769343154, 0, 0, 218, 218, 1, 18.80%, 0, 0, 2, 5.53, 8, 18, 0
1769343160, 0, 0, 221, 221, 1, 18.82%, 0, 0, 2, 5.67, 8, 18, 0
1769343165, 0, 0, 224, 224, 1, 18.83%, 0, 0, 2, 5.67, 8, 18, 0
1769343170, 0, 0, 227, 227, 1, 18.84%, 0, 0, 2, 5.49, 8, 18, 0
1769343175, 0, 0, 230, 230, 1, 18.84%, 0, 0, 2, 5.53, 8, 18, 0
1769343180, 0, 0, 233, 233, 1, 18.85%, 0, 0, 2, 5.58, 8, 19, 0
1769343186, 0, 0, 236, 236, 1, 18.86%, 0, 0, 2, 5.36, 9, 23, 0
1769343191, 0, 0, 239, 239, 1, 18.88%, 0, 0, 2, 5.35, 9, 23, 0
1769343196, 0, 0, 242, 242, 1, 18.89%, 0, 0, 2, 5.45, 9, 23, 0
1769343201, 0, 0, 245, 245, 1, 18.90%, 0, 0, 2, 5.49, 9, 24, 0
1769343206, 0, 0, 248, 248, 1, 18.95%, 0, 0, 2, 5.51, 9, 24, 0
1769343211, 0, 0, 250, 250, 1, 18.96%, 0, 0, 2, 5.52, 9, 24, 0
1769343216, 0, 0, 253, 253, 1, 18.96%, 0, 0, 2, 5.40, 9, 24, 0
1769343222, 0, 0, 255, 255, 1, 18.98%, 0, 0, 2, 5.38, 9, 25, 0
1769343227, 0, 0, 258, 258, 1, 18.98%, 0, 0, 2, 5.46, 9, 25, 0
1769343232, 0, 0, 260, 260, 1, 19.02%, 0, 0, 2, 5.34, 9, 26, 0
1769343242, 0, 0, 262, 262, 1, 19.02%, 0, 0, 2, 5.29, 9, 26, 0
1769343247, 0, 0, 265, 265, 1, 19.11%, 0, 0, 2, 5.35, 9, 26, 0
1769343252, 0, 0, 267, 267, 1, 19.12%, 0, 0, 2, 5.49, 9, 26, 0
1769343258, 0, 0, 270, 270, 1, 19.14%, 0, 0, 2, 5.49, 9, 26, 0
1769343263, 0, 0, 272, 272, 1, 19.15%, 0, 0, 2, 5.52, 9, 26, 0
1769343268, 0, 0, 275, 275, 1, 19.17%, 0, 0, 2, 5.53, 9, 26, 0
1769343273, 0, 0, 277, 277, 1, 19.17%, 0, 0, 2, 5.56, 9, 26, 0
1769343278, 0, 0, 279, 279, 1, 19.18%, 0, 0, 2, 5.48, 9, 26, 0
1769343283, 0, 0, 282, 282, 1, 19.18%, 0, 0, 2, 5.46, 9, 26, 0
1769343288, 0, 0, 285, 285, 1, 19.19%, 0, 0, 2, 5.50, 9, 26, 0
1769343294, 0, 0, 287, 287, 1, 19.20%, 0, 0, 2, 5.49, 9, 26, 0
1769343299, 0, 0, 289, 289, 1, 19.22%, 0, 0, 2, 5.53, 9, 26, 0
1769343304, 0, 0, 292, 292, 1, 19.22%, 0, 0, 2, 5.60, 9, 26, 0
1769343309, 0, 0, 294, 294, 1, 19.23%, 0, 0, 2, 5.54, 9, 26, 0
1769343314, 0, 0, 298, 298, 1, 19.27%, 0, 0, 2, 5.60, 9, 26, 0
1769343320, 0, 0, 301, 301, 1, 19.33%, 0, 0, 2, 5.59, 9, 27, 0
1769343325, 0, 0, 303, 303, 1, 19.33%, 0, 0, 2, 5.56, 9, 27, 0
1769343330, 0, 0, 305, 305, 1, 19.35%, 0, 0, 2, 5.60, 9, 27, 0
1769343335, 0, 0, 307, 307, 1, 19.35%, 0, 0, 2, 5.57, 9, 27, 0
1769343340, 0, 0, 309, 309, 1, 19.35%, 0, 0, 2, 5.45, 9, 27, 0
1769343345, 0, 0, 312, 312, 1, 19.37%, 0, 0, 2, 5.47, 9, 27, 0
1769343350, 0, 0, 314, 314, 1, 19.37%, 0, 0, 2, 5.52, 9, 27, 0
1769343355, 0, 0, 317, 317, 1, 19.38%, 0, 0, 2, 5.52, 9, 27, 0
1769343360, 0, 0, 319, 319, 1, 19.39%, 0, 0, 2, 5.51, 9, 27, 0
1769343366, 0, 0, 322, 322, 1, 19.39%, 0, 0, 2, 5.48, 9, 27, 0
1769343371, 0, 0, 324, 324, 1, 19.40%, 0, 0, 2, 5.54, 9, 27, 0
1769343376, 0, 0, 326, 326, 1, 19.41%, 0, 0, 2, 5.50, 9, 27, 0
1769343381, 0, 0, 328, 328, 1, 19.41%, 0, 0, 2, 5.46, 9, 27, 0
1769343386, 0, 0, 331, 331, 1, 19.44%, 0, 0, 2, 5.50, 9, 27, 0
1769343391, 0, 0, 333, 333, 1, 19.45%, 0, 0, 2, 5.45, 9, 27, 0
1769343396, 0, 0, 336, 336, 1, 19.46%, 0, 0, 2, 5.42, 9, 28, 0
1769343401, 0, 0, 338, 338, 1, 19.49%, 0, 0, 2, 5.50, 9, 28, 0
1769343406, 0, 0, 341, 341, 1, 19.50%, 0, 0, 2, 5.59, 9, 28, 0
1769343412, 0, 0, 343, 343, 1, 19.51%, 0, 0, 2, 5.44, 9, 29, 0
1769343417, 0, 0, 344, 344, 1, 19.51%, 0, 0, 2, 5.39, 9, 29, 0
1769343422, 0, 0, 347, 347, 1, 19.51%, 0, 0, 2, 5.43, 9, 30, 0
1769343427, 0, 0, 349, 349, 1, 19.53%, 0, 0, 2, 5.48, 9, 30, 0
1769343432, 0, 0, 352, 352, 1, 19.54%, 0, 0, 2, 5.59, 9, 30, 0
1769343437, 0, 0, 354, 354, 1, 19.54%, 0, 0, 2, 5.58, 9, 30, 0
1769343443, 0, 0, 357, 357, 1, 19.55%, 0, 0, 2, 5.60, 9, 30, 0
1769343448, 0, 0, 359, 359, 1, 19.55%, 0, 0, 2, 5.57, 9, 30, 0
1769343453, 0, 0, 362, 362, 1, 19.55%, 0, 0, 2, 5.47, 9, 30, 0
1769343458, 0, 0, 364, 364, 1, 19.55%, 0, 0, 2, 5.43, 9, 30, 0
1769343463, 0, 0, 367, 367, 1, 19.55%, 0, 0, 2, 5.42, 9, 30, 0
1769343468, 0, 0, 369, 369, 1, 19.55%, 0, 0, 2, 5.43, 9, 30, 0
1769343473, 0, 0, 371, 371, 1, 19.55%, 0, 0, 2, 5.27, 9, 31, 0
1769343479, 0, 0, 373, 373, 1, 19.55%, 0, 0, 2, 5.35, 9, 31, 0
1769343484, 0, 0, 376, 376, 1, 19.55%, 0, 0, 2, 5.39, 9, 31, 0
1769343489, 0, 0, 379, 379, 1, 19.56%, 0, 0, 2, 5.36, 9, 31, 0
1769343494, 0, 0, 381, 381, 1, 19.56%, 0, 0, 2, 5.44, 9, 31, 0
1769343499, 0, 0, 383, 383, 1, 19.56%, 0, 0, 2, 5.41, 9, 31, 0
1769343504, 0, 0, 386, 386, 1, 19.58%, 0, 0, 2, 5.47, 9, 31, 0
1769343509, 0, 0, 388, 388, 1, 19.58%, 0, 0, 2, 5.51, 9, 31, 0
1769343514, 0, 0, 390, 390, 1, 19.58%, 0, 0, 2, 5.53, 9, 31, 0
1769343520, 0, 0, 392, 392, 1, 19.63%, 0, 0, 2, 5.49, 10, 33, 0
1769343525, 0, 0, 394, 394, 1, 19.64%, 0, 0, 2, 5.44, 10, 33, 0
1769343530, 0, 0, 396, 396, 1, 19.64%, 0, 0, 2, 5.43, 10, 33, 0
1769343535, 0, 0, 398, 398, 1, 19.65%, 0, 0, 2, 5.35, 10, 33, 0
1769343540, 0, 0, 400, 400, 1, 19.65%, 0, 0, 2, 5.32, 10, 33, 0
1769343546, 0, 0, 402, 402, 1, 19.65%, 0, 0, 2, 5.43, 10, 33, 0
1769343551, 0, 0, 403, 403, 1, 19.65%, 0, 0, 2, 5.44, 10, 33, 0
1769343556, 0, 0, 405, 405, 1, 19.65%, 0, 0, 2, 5.39, 10, 33, 0
1769343561, 0, 0, 407, 407, 1, 19.65%, 0, 0, 2, 5.42, 10, 33, 0
1769343566, 0, 0, 409, 409, 1, 19.66%, 0, 0, 2, 5.48, 10, 33, 0
1769343571, 0, 0, 411, 411, 1, 19.66%, 0, 0, 2, 5.53, 10, 33, 0
1769343576, 0, 0, 412, 412, 1, 19.66%, 0, 0, 2, 5.39, 10, 34, 0
1769343581, 0, 0, 414, 414, 1, 19.66%, 0, 0, 2, 5.43, 10, 34, 0
1769343586, 0, 0, 417, 417, 1, 19.67%, 0, 0, 2, 5.52, 10, 34, 0
1769343592, 0, 0, 419, 419, 1, 19.67%, 0, 0, 2, 5.43, 10, 36, 0
1769343597, 0, 0, 422, 422, 1, 19.68%, 0, 0, 2, 5.50, 10, 36, 0
1769343602, 0, 0, 424, 424, 1, 19.68%, 0, 0, 2, 5.51, 10, 36, 0
1769343607, 0, 0, 425, 425, 1, 19.68%, 0, 0, 2, 5.46, 10, 36, 0
1769343613, 0, 0, 427, 427, 1, 19.68%, 0, 0, 2, 5.43, 10, 36, 0
1769343618, 0, 0, 428, 428, 1, 19.68%, 0, 0, 2, 5.40, 10, 36, 0
1769343623, 0, 0, 429, 429, 1, 19.68%, 0, 0, 2, 5.44, 10, 36, 0
1769343628, 0, 0, 431, 431, 1, 19.68%, 0, 0, 2, 5.48, 10, 36, 0
1769343633, 0, 0, 433, 433, 1, 19.69%, 0, 0, 2, 5.48, 10, 36, 0
1769343638, 0, 0, 435, 435, 1, 19.74%, 0, 0, 2, 5.46, 10, 36, 0
1769343644, 0, 0, 436, 436, 1, 19.74%, 0, 0, 2, 5.46, 10, 36, 0
1769343649, 0, 0, 438, 438, 1, 19.74%, 0, 0, 2, 5.51, 10, 36, 0
1769343654, 0, 0, 440, 440, 1, 19.75%, 0, 0, 2, 5.50, 10, 36, 0
1769343659, 0, 0, 441, 441, 1, 19.75%, 0, 0, 2, 5.48, 10, 36, 0
1769343664, 0, 0, 442, 442, 1, 19.75%, 0, 0, 2, 5.43, 10, 36, 0
1769343669, 0, 0, 444, 444, 1, 19.75%, 0, 0, 2, 5.45, 10, 36, 0
1769343675, 0, 0, 447, 447, 1, 19.75%, 0, 0, 2, 5.39, 10, 36, 0
1769343680, 0, 0, 448, 448, 1, 19.76%, 0, 0, 2, 5.51, 10, 36, 0
1769343685, 0, 0, 451, 451, 1, 19.76%, 0, 0, 2, 5.52, 10, 36, 0
1769343690, 0, 0, 453, 453, 1, 19.76%, 0, 0, 2, 5.33, 10, 36, 0
1769343695, 0, 0, 454, 454, 1, 19.76%, 0, 0, 2, 5.35, 10, 36, 0
1769343700, 0, 0, 456, 456, 1, 19.76%, 0, 0, 2, 5.37, 10, 37, 0
1769343705, 0, 0, 458, 458, 1, 19.76%, 0, 0, 2, 5.14, 10, 37, 0
1769343711, 0, 0, 460, 460, 1, 19.76%, 0, 0, 2, 5.15, 10, 37, 0
1769343716, 0, 0, 461, 461, 1, 19.76%, 0, 0, 2, 5.38, 10, 37, 0
1769343721, 0, 0, 464, 464, 1, 19.78%, 0, 0, 2, 5.34, 10, 37, 0
1769343726, 0, 0, 466, 466, 1, 19.78%, 0, 0, 2, 5.21, 10, 37, 0
1769343732, 0, 0, 468, 468, 1, 19.79%, 0, 0, 2, 5.25, 10, 37, 0
1769343737, 0, 0, 470, 470, 1, 19.79%, 0, 0, 2, 5.35, 11, 40, 0
1769343742, 0, 0, 472, 472, 1, 19.79%, 0, 0, 2, 5.39, 11, 40, 0
1769343747, 0, 0, 474, 474, 1, 19.79%, 0, 0, 2, 5.43, 11, 40, 0
1769343752, 0, 0, 477, 477, 1, 19.79%, 0, 0, 2, 5.38, 11, 40, 0
1769343757, 0, 0, 479, 479, 1, 19.80%, 0, 0, 2, 5.42, 11, 41, 0
1769343762, 0, 0, 480, 480, 1, 19.80%, 0, 0, 2, 5.49, 11, 41, 0
1769343768, 0, 0, 481, 481, 1, 19.80%, 0, 0, 2, 5.38, 11, 41, 0
1769343773, 0, 0, 484, 484, 1, 19.80%, 0, 0, 2, 5.35, 11, 41, 0
1769343778, 0, 0, 486, 486, 1, 19.80%, 0, 0, 2, 5.45, 11, 41, 0
1769343783, 0, 0, 488, 488, 1, 19.81%, 0, 0, 2, 5.39, 11, 41, 0
1769343788, 0, 0, 490, 490, 1, 19.81%, 0, 0, 2, 5.26, 11, 41, 0
1769343793, 0, 0, 492, 492, 1, 19.82%, 0, 0, 2, 5.21, 11, 41, 0
1769343798, 0, 0, 494, 494, 1, 19.82%, 0, 0, 2, 5.37, 11, 41, 0
1769343803, 0, 0, 496, 496, 1, 19.82%, 0, 0, 2, 5.32, 11, 41, 0
1769343809, 0, 0, 498, 498, 1, 19.82%, 0, 0, 2, 5.46, 11, 41, 0
1769343819, 0, 0, 499, 499, 1, 19.82%, 0, 0, 2, 5.37, 11, 41, 0
1769343824, 0, 0, 501, 501, 1, 19.82%, 0, 0, 2, 5.25, 11, 41, 0
1769343829, 0, 0, 502, 502, 1, 19.83%, 0, 0, 2, 5.08, 11, 41, 0
1769343834, 0, 0, 503, 503, 1, 19.83%, 0, 0, 2, 5.28, 11, 41, 0
1769343840, 0, 0, 505, 505, 1, 19.83%, 0, 0, 2, 5.43, 11, 41, 0
1769343845, 0, 0, 507, 507, 1, 19.83%, 0, 0, 2, 5.47, 11, 41, 0
1769343850, 0, 0, 508, 508, 1, 19.83%, 0, 0, 2, 5.46, 11, 41, 0
1769343855, 0, 0, 509, 509, 1, 19.84%, 0, 0, 2, 5.52, 11, 41, 0
1769343866, 0, 0, 511, 511, 1, 19.86%, 0, 0, 2, 5.54, 11, 41, 0
1769343871, 0, 0, 513, 513, 1, 19.86%, 0, 0, 2, 5.47, 11, 41, 0
1769343876, 0, 0, 515, 515, 1, 19.86%, 0, 0, 2, 5.49, 11, 41, 0
1769343881, 0, 0, 517, 517, 1, 19.87%, 0, 0, 2, 5.52, 11, 41, 0
1769343891, 0, 0, 519, 519, 1, 19.87%, 0, 0, 2, 5.39, 11, 41, 0
1769343897, 0, 0, 520, 520, 1, 19.87%, 0, 0, 2, 5.45, 11, 41, 0
1769343902, 0, 0, 521, 521, 1, 19.87%, 0, 0, 2, 5.42, 11, 41, 0
1769343907, 0, 0, 523, 523, 1, 19.87%, 0, 0, 2, 5.40, 11, 44, 0
1769343912, 0, 0, 525, 525, 1, 19.87%, 0, 0, 2, 5.54, 11, 44, 0
1769343917, 0, 0, 526, 526, 1, 19.87%, 0, 0, 2, 5.33, 11, 44, 0
1769343923, 0, 0, 528, 528, 1, 19.88%, 0, 0, 2, 5.34, 11, 44, 0
1769343928, 0, 0, 530, 530, 1, 19.88%, 0, 0, 2, 5.37, 11, 44, 0
1769343933, 0, 0, 531, 531, 1, 19.88%, 0, 0, 2, 5.34, 11, 44, 0
1769343938, 0, 0, 533, 533, 1, 19.88%, 0, 0, 2, 5.41, 11, 44, 0
1769343944, 0, 0, 535, 535, 1, 19.89%, 0, 0, 2, 5.48, 11, 44, 0
1769343949, 0, 0, 536, 536, 1, 19.89%, 0, 0, 2, 5.53, 11, 44, 0
1769343954, 0, 0, 538, 538, 1, 19.89%, 0, 0, 2, 5.40, 11, 44, 0
1769343964, 0, 0, 540, 540, 1, 19.89%, 0, 0, 2, 5.37, 11, 44, 0
1769343969, 0, 0, 541, 541, 1, 19.89%, 0, 0, 2, 5.46, 11, 44, 0
1769343974, 0, 0, 542, 542, 1, 19.89%, 0, 0, 2, 5.35, 11, 44, 0
1769343979, 0, 0, 545, 545, 1, 19.89%, 0, 0, 2, 5.40, 11, 44, 0
1769343985, 0, 0, 546, 546, 1, 19.89%, 0, 0, 2, 5.41, 11, 44, 0
1769343990, 0, 0, 547, 547, 1, 19.89%, 0, 0, 2, 5.35, 11, 44, 0
1769343995, 0, 0, 549, 549, 1, 19.90%, 0, 0, 2, 5.39, 11, 44, 0
1769344001, 0, 0, 550, 550, 1, 19.90%, 0, 0, 2, 5.25, 11, 44, 0
1769344006, 0, 0, 552, 552, 1, 19.90%, 0, 0, 2, 5.31, 11, 44, 0
1769344011, 0, 0, 554, 554, 1, 19.91%, 0, 0, 2, 5.41, 11, 44, 0
1769344016, 0, 0, 555, 555, 1, 19.91%, 0, 0, 2, 5.37, 11, 45, 0
1769344021, 0, 0, 557, 557, 1, 19.93%, 0, 0, 2, 5.42, 11, 45, 0
1769344026, 0, 0, 559, 559, 1, 19.93%, 0, 0, 2, 5.40, 11, 45, 0
1769344032, 0, 0, 561, 561, 1, 19.94%, 0, 0, 2, 5.42, 11, 45, 0
1769344037, 0, 0, 562, 562, 1, 19.94%, 0, 0, 2, 5.41, 11, 45, 0
1769344042, 0, 0, 563, 563, 1, 19.94%, 0, 0, 2, 5.46, 11, 45, 0
1769344047, 0, 0, 564, 564, 1, 19.95%, 0, 0, 2, 5.54, 11, 45, 0
1769344052, 0, 0, 567, 567, 1, 19.95%, 0, 0, 2, 5.46, 11, 45, 0
1769344057, 0, 0, 568, 568, 1, 19.95%, 0, 0, 2, 5.41, 11, 45, 0
1769344063, 0, 0, 569, 569, 1, 19.95%, 0, 0, 2, 5.41, 11, 45, 0
1769344068, 0, 0, 570, 570, 1, 19.96%, 0, 0, 2, 5.34, 11, 45, 0
1769344073, 0, 0, 571, 571, 1, 19.96%, 0, 0, 2, 5.18, 11, 46, 0
1769344078, 0, 0, 573, 573, 1, 19.96%, 0, 0, 2, 5.35, 11, 46, 0
1769344083, 0, 0, 574, 574, 1, 19.97%, 0, 0, 2, 5.44, 11, 46, 0
1769344088, 0, 0, 575, 575, 1, 19.97%, 0, 0, 2, 5.51, 11, 46, 0
1769344093, 0, 0, 576, 576, 1, 19.97%, 0, 0, 2, 5.55, 11, 46, 0
1769344098, 0, 0, 577, 577, 1, 19.98%, 0, 0, 2, 5.57, 11, 46, 0
1769344108, 0, 0, 578, 578, 1, 19.98%, 0, 0, 2, 5.53, 11, 46, 0
1769344113, 0, 0, 579, 579, 1, 19.98%, 0, 0, 2, 5.55, 11, 46, 0
1769344118, 0, 0, 580, 580, 1, 19.98%, 0, 0, 2, 5.49, 11, 47, 0
1769344124, 0, 0, 582, 582, 1, 19.98%, 0, 0, 2, 5.56, 11, 47, 0
1769344134, 0, 0, 584, 584, 1, 19.98%, 0, 0, 2, 5.55, 11, 47, 0
1769344144, 0, 0, 585, 585, 1, 19.99%, 0, 0, 2, 5.52, 11, 47, 0
1769344149, 0, 0, 586, 586, 1, 19.99%, 0, 0, 2, 5.54, 11, 47, 0
1769344154, 0, 0, 587, 587, 1, 19.99%, 0, 0, 2, 5.53, 11, 47, 0
1769344164, 0, 0, 588, 588, 1, 19.99%, 0, 0, 2, 5.47, 11, 48, 0
1769344174, 0, 0, 589, 589, 1, 19.99%, 0, 0, 2, 5.55, 11, 48, 0
1769344190, 0, 0, 591, 591, 1, 19.99%, 0, 0, 2, 5.51, 11, 48, 0
1769344200, 0, 0, 592, 592, 1, 19.99%, 0, 0, 2, 5.46, 11, 48, 0
1769344205, 0, 0, 594, 594, 1, 19.99%, 0, 0, 2, 5.47, 11, 48, 0
1769344210, 0, 0, 595, 595, 1, 19.99%, 0, 0, 2, 5.44, 11, 48, 0
1769344215, 0, 0, 597, 597, 1, 20.00%, 0, 0, 2, 5.49, 11, 48, 0
1769344220, 0, 0, 599, 599, 1, 20.00%, 0, 0, 2, 5.54, 11, 48, 0
1769344226, 0, 0, 601, 601, 1, 20.00%, 0, 0, 2, 5.44, 11, 48, 0
1769344231, 0, 0, 603, 603, 1, 20.01%, 0, 0, 2, 5.50, 11, 48, 0
1769344236, 0, 0, 604, 604, 1, 20.01%, 0, 0, 2, 5.49, 11, 48, 0
1769344241, 0, 0, 605, 605, 1, 20.01%, 0, 0, 2, 5.48, 11, 48, 0
1769344246, 0, 0, 607, 607, 1, 20.01%, 0, 0, 2, 5.44, 11, 48, 0
1769344251, 0, 0, 608, 608, 1, 20.01%, 0, 0, 2, 5.40, 11, 48, 0
1769344256, 0, 0, 609, 609, 1, 20.01%, 0, 0, 2, 5.44, 11, 48, 0
1769344267, 0, 0, 611, 611, 1, 20.02%, 0, 0, 2, 5.39, 11, 48, 0
1769344272, 0, 0, 612, 612, 1, 20.02%, 0, 0, 2, 5.43, 11, 48, 0
1769344277, 0, 0, 613, 613, 1, 20.02%, 0, 0, 2, 5.42, 11, 48, 0
1769344282, 0, 0, 615, 615, 1, 20.03%, 0, 0, 2, 5.47, 11, 48, 0
1769344287, 0, 0, 616, 616, 1, 20.03%, 0, 0, 2, 5.35, 11, 48, 0
1769344292, 0, 0, 617, 617, 1, 20.03%, 0, 0, 2, 5.43, 11, 48, 0
1769344298, 0, 0, 618, 618, 1, 20.04%, 0, 0, 2, 5.45, 11, 48, 0
1769344303, 0, 0, 619, 619, 1, 20.04%, 0, 0, 2, 5.45, 11, 48, 0
1769344308, 0, 0, 621, 621, 1, 20.05%, 0, 0, 2, 5.50, 11, 48, 0
1769344313, 0, 0, 623, 623, 1, 20.05%, 0, 0, 2, 5.49, 11, 48, 0
1769344318, 0, 0, 624, 624, 1, 20.05%, 0, 0, 2, 5.43, 11, 48, 0
1769344323, 0, 0, 626, 626, 1, 20.05%, 0, 0, 2, 5.42, 11, 48, 0
1769344328, 0, 0, 628, 628, 1, 20.05%, 0, 0, 2, 5.46, 11, 48, 0
1769344334, 0, 0, 629, 629, 1, 20.05%, 0, 0, 2, 5.39, 11, 48, 0
1769344339, 0, 0, 630, 630, 1, 20.05%, 0, 0, 2, 5.44, 11, 48, 0
1769344349, 0, 0, 631, 631, 1, 20.05%, 0, 0, 2, 5.48, 11, 48, 0
1769344354, 0, 0, 632, 632, 1, 20.05%, 0, 0, 2, 5.50, 11, 48, 0
1769344359, 0, 0, 634, 634, 1, 20.05%, 0, 0, 2, 5.51, 11, 48, 0
1769344364, 0, 0, 636, 636, 1, 20.05%, 0, 0, 2, 5.54, 11, 48, 0
1769344370, 0, 0, 637, 637, 1, 20.05%, 0, 0, 2, 5.59, 11, 48, 0
1769344375, 0, 0, 639, 639, 1, 20.05%, 0, 0, 2, 5.56, 11, 48, 0
1769344380, 0, 0, 641, 641, 1, 20.05%, 0, 0, 2, 5.53, 11, 48, 0
1769344385, 0, 0, 643, 643, 1, 20.05%, 0, 0, 2, 5.51, 11, 48, 0
1769344390, 0, 0, 645, 645, 1, 20.05%, 0, 0, 2, 5.58, 11, 48, 0
1769344396, 0, 0, 647, 647, 1, 20.06%, 0, 0, 2, 5.48, 11, 48, 0
1769344406, 0, 0, 648, 648, 1, 20.06%, 0, 0, 2, 5.47, 11, 48, 0
1769344411, 0, 0, 649, 649, 1, 20.06%, 0, 0, 2, 5.51, 11, 48, 0
1769344426, 0, 0, 650, 650, 1, 20.06%, 0, 0, 2, 5.56, 11, 48, 0
1769344431, 0, 0, 651, 651, 1, 20.06%, 0, 0, 2, 5.56, 11, 48, 0
1769344436, 0, 0, 652, 652, 1, 20.06%, 0, 0, 2, 5.56, 11, 48, 0
1769344442, 0, 0, 654, 654, 1, 20.06%, 0, 0, 2, 5.54, 11, 49, 0
1769344452, 0, 0, 656, 656, 1, 20.06%, 0, 0, 2, 5.56, 11, 49, 0
1769344457, 0, 0, 658, 658, 1, 20.06%, 0, 0, 2, 5.59, 11, 49, 0
1769344468, 0, 0, 659, 659, 1, 20.06%, 0, 0, 2, 5.59, 11, 49, 0
1769344473, 0, 0, 660, 660, 1, 20.06%, 0, 0, 2, 5.52, 11, 49, 0
1769344478, 0, 0, 661, 661, 1, 20.07%, 0, 0, 2, 5.42, 11, 49, 0
1769344483, 0, 0, 662, 662, 1, 20.07%, 0, 0, 2, 5.51, 11, 49, 0
1769344488, 0, 0, 663, 663, 1, 20.07%, 0, 0, 2, 5.47, 11, 49, 0
1769344493, 0, 0, 664, 664, 1, 20.07%, 0, 0, 2, 5.51, 11, 49, 0
1769344504, 0, 0, 665, 665, 1, 20.07%, 0, 0, 2, 5.50, 11, 49, 0
1769344509, 0, 0, 667, 667, 1, 20.14%, 0, 0, 2, 5.39, 11, 49, 0
1769344514, 0, 0, 668, 668, 1, 20.14%, 0, 0, 2, 5.40, 11, 49, 0
1769344524, 0, 0, 669, 669, 1, 20.14%, 0, 0, 2, 5.41, 11, 49, 0
1769344529, 0, 0, 670, 670, 1, 20.14%, 0, 0, 2, 5.49, 11, 49, 0
1769344534, 0, 0, 673, 673, 1, 20.14%, 0, 0, 2, 5.53, 11, 49, 0
1769344539, 0, 0, 675, 675, 1, 20.14%, 0, 0, 2, 5.52, 11, 49, 0
1769344550, 0, 0, 676, 676, 1, 20.14%, 0, 0, 2, 5.45, 11, 49, 0
1769344560, 0, 0, 677, 677, 1, 20.16%, 0, 0, 2, 5.37, 11, 49, 0
1769344570, 0, 0, 678, 678, 1, 20.16%, 0, 0, 2, 5.40, 11, 49, 0
1769344576, 0, 0, 679, 679, 1, 20.16%, 0, 0, 2, 5.48, 11, 49, 0
1769344581, 0, 0, 681, 681, 1, 20.16%, 0, 0, 2, 5.47, 11, 49, 0
1769344586, 0, 0, 682, 682, 1, 20.16%, 0, 0, 2, 5.46, 11, 49, 0
1769344591, 0, 0, 683, 683, 1, 20.17%, 0, 0, 2, 5.49, 11, 49, 0
1769344596, 0, 0, 684, 684, 1, 20.17%, 0, 0, 2, 5.41, 11, 50, 0
1769344601, 0, 0, 686, 686, 1, 20.17%, 0, 0, 2, 5.44, 11, 50, 0
1769344606, 0, 0, 688, 688, 1, 20.33%, 0, 0, 2, 5.37, 12, 53, 0
1769344612, 0, 0, 689, 689, 1, 20.33%, 0, 0, 2, 5.34, 12, 53, 0
1769344617, 0, 0, 690, 690, 1, 20.33%, 0, 0, 2, 5.41, 12, 53, 0
1769344622, 0, 0, 691, 691, 1, 20.33%, 0, 0, 2, 5.42, 12, 53, 0
1769344627, 0, 0, 692, 692, 1, 20.33%, 0, 0, 2, 5.45, 12, 53, 0
1769344638, 0, 0, 694, 694, 1, 20.33%, 0, 0, 2, 5.26, 12, 54, 0
1769344643, 0, 0, 697, 697, 1, 20.33%, 0, 0, 2, 5.37, 12, 54, 0
1769344648, 0, 0, 700, 700, 1, 20.33%, 0, 0, 2, 5.38, 12, 54, 0
1769344653, 0, 0, 701, 701, 1, 20.33%, 0, 0, 2, 5.34, 12, 55, 0
1769344658, 0, 0, 702, 702, 1, 20.33%, 0, 0, 2, 5.19, 12, 55, 0
1769344663, 0, 0, 704, 704, 1, 20.33%, 0, 0, 2, 5.23, 12, 55, 0
1769344668, 0, 0, 707, 707, 1, 20.33%, 0, 0, 2, 5.44, 12, 55, 0
1769344674, 0, 0, 708, 708, 1, 20.33%, 0, 0, 2, 5.38, 12, 55, 0
1769344679, 0, 0, 710, 710, 1, 20.34%, 0, 0, 2, 5.19, 12, 55, 0
1769344684, 0, 0, 713, 713, 1, 20.34%, 0, 0, 2, 5.31, 12, 55, 0
1769344689, 0, 0, 715, 715, 1, 20.34%, 0, 0, 2, 5.37, 12, 55, 0
1769344694, 0, 0, 717, 717, 1, 20.34%, 0, 0, 2, 5.37, 12, 55, 0
1769344699, 0, 0, 718, 718, 1, 20.34%, 0, 0, 2, 5.17, 12, 55, 0
1769344705, 0, 0, 720, 720, 1, 20.36%, 0, 0, 2, 5.17, 12, 56, 0
1769344710, 0, 0, 722, 722, 1, 20.38%, 0, 0, 2, 5.27, 12, 56, 0
1769344715, 0, 0, 724, 724, 1, 20.38%, 0, 0, 2, 5.34, 12, 56, 0
1769344720, 0, 0, 726, 726, 1, 20.38%, 0, 0, 2, 5.34, 12, 56, 0
1769344725, 0, 0, 728, 728, 1, 20.38%, 0, 0, 2, 5.39, 12, 56, 0
1769344730, 0, 0, 729, 729, 1, 20.38%, 0, 0, 2, 5.12, 12, 56, 0
1769344736, 0, 0, 731, 731, 1, 20.40%, 0, 0, 2, 5.32, 12, 57, 0
1769344741, 0, 0, 732, 732, 1, 20.40%, 0, 0, 2, 5.35, 12, 57, 0
1769344746, 0, 0, 734, 734, 1, 20.40%, 0, 0, 2, 5.33, 12, 57, 0
1769344751, 0, 0, 735, 735, 1, 20.40%, 0, 0, 2, 5.36, 12, 57, 0
1769344757, 0, 0, 737, 737, 1, 20.40%, 0, 0, 2, 5.42, 12, 57, 0
1769344762, 0, 0, 739, 739, 1, 20.40%, 0, 0, 2, 5.41, 12, 57, 0
1769344767, 0, 0, 740, 740, 1, 20.40%, 0, 0, 2, 5.36, 12, 57, 0
1769344772, 0, 0, 742, 742, 1, 20.41%, 0, 0, 2, 5.37, 12, 57, 0
1769344777, 0, 0, 744, 744, 1, 20.41%, 0, 0, 2, 5.31, 12, 57, 0
1769344782, 0, 0, 745, 745, 1, 20.41%, 0, 0, 2, 5.20, 12, 57, 0
1769344787, 0, 0, 746, 746, 1, 20.44%, 0, 0, 2, 5.29, 12, 57, 0
1769344793, 0, 0, 748, 748, 1, 20.44%, 0, 0, 2, 5.34, 12, 57, 0
1769344798, 0, 0, 749, 749, 1, 20.44%, 0, 0, 2, 5.31, 12, 57, 0
1769344803, 0, 0, 751, 751, 1, 20.44%, 0, 0, 2, 5.20, 12, 57, 0
1769344808, 0, 0, 752, 752, 1, 20.44%, 0, 0, 2, 5.26, 12, 57, 0
1769344813, 0, 0, 753, 753, 1, 20.44%, 0, 0, 2, 5.31, 12, 57, 0
1769344818, 0, 0, 754, 754, 1, 20.44%, 0, 0, 2, 5.13, 12, 57, 0
1769344829, 0, 0, 755, 755, 1, 20.44%, 0, 0, 2, 5.48, 12, 57, 0
1769344834, 0, 0, 756, 756, 1, 20.46%, 0, 0, 2, 5.50, 12, 57, 0
1769344839, 0, 0, 757, 757, 1, 20.46%, 0, 0, 2, 5.46, 12, 57, 0
1769344844, 0, 0, 758, 758, 1, 20.47%, 0, 0, 2, 5.43, 12, 57, 0
1769344850, 0, 0, 759, 759, 1, 20.47%, 0, 0, 2, 5.37, 12, 57, 0
1769344855, 0, 0, 760, 760, 1, 20.47%, 0, 0, 2, 5.40, 12, 57, 0
1769344860, 0, 0, 761, 761, 1, 20.47%, 0, 0, 2, 5.39, 12, 57, 0
1769344865, 0, 0, 762, 762, 1, 20.47%, 0, 0, 2, 5.37, 12, 57, 0
1769344870, 0, 0, 763, 763, 1, 20.47%, 0, 0, 2, 5.41, 12, 57, 0
1769344876, 0, 0, 764, 764, 1, 20.47%, 0, 0, 2, 5.47, 12, 57, 0
1769344881, 0, 0, 765, 765, 1, 20.48%, 0, 0, 2, 5.31, 12, 57, 0
1769344886, 0, 0, 766, 766, 1, 20.48%, 0, 0, 2, 5.37, 12, 57, 0
1769344891, 0, 0, 767, 767, 1, 20.48%, 0, 0, 2, 5.44, 12, 57, 0
1769344896, 0, 0, 769, 769, 1, 20.48%, 0, 0, 2, 5.44, 12, 57, 0
1769344912, 0, 0, 770, 770, 1, 20.48%, 0, 0, 2, 5.38, 12, 57, 0
1769344917, 0, 0, 772, 772, 1, 20.48%, 0, 0, 2, 5.37, 12, 57, 0
1769344922, 0, 0, 773, 773, 1, 20.48%, 0, 0, 2, 5.35, 12, 57, 0
1769344928, 0, 0, 774, 774, 1, 20.48%, 0, 0, 2, 5.39, 12, 57, 0
1769344943, 0, 0, 776, 776, 1, 20.48%, 0, 0, 2, 5.48, 12, 57, 0
1769344958, 0, 0, 778, 778, 1, 20.49%, 0, 0, 2, 5.43, 12, 57, 0
1769344964, 0, 0, 779, 779, 1, 20.49%, 0, 0, 2, 5.42, 12, 57, 0
1769344974, 0, 751, 779, 778, 0, 20.49%, 0, 0, 2, 5.40, 12, 57, 0
1769344984, 0, 751, 780, 779, 0, 20.49%, 0, 0, 3, 5.25, 12, 57, 0
1769344990, 0, 751, 782, 781, 0, 20.50%, 0, 0, 3, 5.24, 12, 57, 0
1769344995, 0, 751, 785, 784, 0, 20.50%, 0, 0, 3, 5.13, 12, 57, 0
1769345000, 0, 751, 787, 786, 0, 20.50%, 0, 0, 3, 5.10, 12, 57, 0
1769345005, 0, 751, 788, 787, 0, 20.50%, 0, 0, 3, 5.20, 12, 57, 0
1769345016, 0, 751, 789, 788, 0, 20.50%, 0, 0, 3, 5.24, 12, 57, 0
1769345026, 0, 751, 790, 789, 0, 20.51%, 0, 0, 3, 5.09, 12, 57, 0
1769345037, 0, 751, 791, 790, 0, 20.53%, 0, 0, 3, 5.05, 12, 57, 0
1769345042, 0, 751, 792, 791, 0, 20.53%, 0, 0, 3, 5.11, 12, 57, 0
1769345047, 0, 751, 794, 793, 0, 20.53%, 0, 0, 3, 5.09, 12, 58, 0
1769345052, 0, 751, 795, 794, 0, 20.53%, 0, 0, 3, 5.02, 12, 58, 0
1769345057, 0, 751, 796, 795, 0, 20.53%, 0, 0, 3, 5.03, 12, 58, 0
1769345062, 0, 751, 797, 796, 0, 20.53%, 0, 0, 3, 5.08, 12, 58, 0
1769345067, 0, 751, 799, 798, 0, 20.53%, 0, 0, 3, 5.15, 12, 58, 0
1769345072, 0, 751, 801, 800, 0, 20.53%, 0, 0, 3, 5.12, 12, 58, 0
1769345078, 0, 751, 802, 801, 0, 20.53%, 0, 0, 3, 5.17, 12, 58, 0
1769345083, 0, 751, 804, 803, 0, 20.54%, 0, 0, 3, 5.23, 12, 58, 0
1769345088, 0, 751, 806, 805, 0, 20.54%, 0, 0, 3, 5.23, 12, 58, 0
1769345093, 0, 751, 807, 806, 0, 20.54%, 0, 0, 3, 5.21, 12, 58, 0
1769345098, 0, 751, 808, 807, 0, 20.54%, 0, 0, 3, 5.17, 12, 58, 0
1769345114, 0, 751, 809, 808, 0, 20.54%, 0, 0, 3, 5.10, 12, 58, 0
1769345119, 0, 751, 811, 810, 0, 20.57%, 0, 0, 3, 5.08, 12, 58, 0
1769345124, 0, 751, 812, 811, 0, 20.57%, 0, 0, 3, 5.16, 12, 58, 0
1769345161, 0, 751, 814, 813, 0, 20.59%, 0, 0, 3, 5.34, 12, 58, 0
1769345171, 0, 751, 815, 814, 0, 20.59%, 0, 0, 3, 5.36, 12, 58, 0
1769345181, 0, 751, 817, 816, 0, 20.60%, 0, 0, 3, 5.44, 12, 58, 0
1769345192, 0, 751, 819, 818, 0, 20.60%, 0, 0, 3, 5.42, 12, 58, 0
1769345197, 0, 751, 820, 819, 0, 20.61%, 0, 0, 3, 5.35, 12, 58, 0
1769345202, 0, 751, 821, 820, 0, 20.61%, 0, 0, 3, 5.31, 12, 58, 0
1769345223, 0, 751, 822, 821, 0, 20.61%, 0, 0, 3, 5.36, 12, 58, 0
1769345228, 0, 751, 823, 822, 0, 20.61%, 0, 0, 3, 5.31, 12, 58, 0
1769345233, 0, 751, 824, 823, 0, 20.61%, 0, 0, 3, 5.35, 12, 58, 0
1769345238, 0, 751, 825, 824, 0, 20.61%, 0, 0, 3, 5.33, 12, 58, 0
1769345244, 0, 751, 826, 825, 0, 20.61%, 0, 0, 3, 5.34, 12, 58, 0
1769345254, 0, 751, 827, 826, 0, 20.61%, 0, 0, 3, 5.30, 12, 58, 0
1769345264, 0, 751, 828, 827, 0, 20.61%, 0, 0, 3, 5.34, 12, 58, 0
1769345269, 0, 751, 829, 828, 0, 20.61%, 0, 0, 3, 5.31, 12, 58, 0
1769345285, 0, 751, 830, 829, 0, 20.61%, 0, 0, 3, 5.34, 12, 58, 0
1769345295, 0, 751, 831, 830, 0, 20.61%, 0, 0, 3, 5.25, 12, 58, 0
1769345301, 1, 131, 832, 830, 0, 20.61%, 0, 0, 3, 5.37, 12, 58, 0
1769345306, 1, 131, 834, 832, 0, 20.61%, 0, 0, 3, 5.51, 12, 58, 0
1769345311, 1, 131, 835, 833, 0, 20.61%, 0, 0, 3, 5.63, 12, 58, 0
1769345321, 1, 131, 837, 835, 0, 20.63%, 0, 0, 3, 5.70, 12, 58, 0
1769345326, 1, 131, 839, 837, 0, 20.63%, 0, 0, 3, 5.63, 12, 58, 0
1769345332, 1, 131, 840, 838, 0, 20.63%, 0, 0, 3, 5.67, 12, 58, 0
1769345337, 1, 131, 841, 839, 0, 20.63%, 0, 0, 3, 5.65, 12, 58, 0
1769345348, 1, 131, 842, 840, 0, 20.63%, 0, 0, 3, 5.70, 12, 58, 0
1769345353, 1, 131, 843, 841, 0, 20.63%, 0, 0, 3, 5.73, 12, 58, 0
1769345363, 1, 131, 844, 842, 0, 20.65%, 0, 0, 3, 5.69, 12, 58, 0
1769345369, 1, 131, 845, 843, 0, 20.65%, 0, 0, 3, 5.65, 12, 58, 0
1769345390, 1, 131, 846, 844, 0, 20.65%, 0, 0, 3, 5.69, 12, 58, 0
1769345416, 1, 131, 848, 846, 0, 20.65%, 0, 0, 3, 5.74, 12, 58, 0
1769345421, 1, 131, 849, 847, 0, 20.65%, 0, 0, 3, 5.73, 12, 58, 0
1769345432, 1, 131, 851, 849, 0, 20.65%, 0, 0, 3, 5.73, 12, 58, 0
1769345437, 1, 131, 852, 850, 0, 20.65%, 0, 0, 3, 5.71, 12, 58, 0
1769345453, 1, 131, 853, 851, 0, 20.66%, 0, 0, 3, 5.72, 12, 58, 0
1769345463, 1, 131, 854, 852, 0, 20.66%, 0, 0, 3, 5.69, 12, 58, 0
1769345474, 1, 131, 855, 853, 0, 20.66%, 0, 0, 3, 5.67, 12, 58, 0
1769345484, 1, 131, 857, 855, 0, 20.66%, 0, 0, 3, 5.52, 12, 59, 0
1769345489, 1, 131, 858, 856, 0, 20.66%, 0, 0, 3, 5.40, 12, 60, 0
1769345495, 1, 131, 860, 858, 0, 20.67%, 0, 0, 3, 5.38, 12, 60, 0
1769345500, 1, 131, 862, 860, 0, 20.67%, 0, 0, 3, 5.41, 12, 60, 0
1769345505, 1, 131, 864, 862, 0, 20.68%, 0, 0, 3, 5.32, 12, 60, 0
1769345510, 1, 131, 866, 864, 0, 20.68%, 0, 0, 3, 5.31, 12, 60, 0
1769345520, 1, 131, 867, 865, 0, 20.68%, 0, 0, 3, 5.20, 12, 60, 0
1769345526, 1, 131, 869, 867, 0, 20.70%, 0, 0, 3, 5.24, 12, 60, 0
1769345536, 1, 131, 871, 869, 0, 20.71%, 0, 0, 3, 5.44, 12, 60, 0
1769345541, 1, 131, 873, 871, 0, 20.71%, 0, 0, 3, 5.39, 12, 60, 0
1769345546, 1, 131, 874, 872, 0, 20.71%, 0, 0, 3, 5.27, 12, 60, 0
1769345552, 1, 131, 875, 873, 0, 20.71%, 0, 0, 3, 5.27, 12, 60, 0
1769345557, 1, 131, 877, 875, 0, 20.71%, 0, 0, 3, 5.14, 12, 60, 0
1769345562, 1, 131, 878, 876, 0, 20.71%, 0, 0, 3, 5.20, 12, 60, 0
1769345567, 1, 131, 879, 877, 0, 20.71%, 0, 0, 3, 5.04, 12, 60, 0
1769345577, 1, 131, 880, 878, 0, 20.71%, 0, 0, 3, 5.23, 12, 60, 0
1769345583, 1, 131, 882, 880, 0, 20.71%, 0, 0, 3, 5.12, 12, 60, 0
1769345588, 1, 131, 883, 881, 0, 20.72%, 0, 0, 3, 5.28, 12, 60, 0
1769345593, 1, 131, 885, 883, 0, 20.74%, 0, 0, 3, 5.36, 12, 60, 0
1769345598, 1, 131, 886, 884, 0, 20.74%, 0, 0, 3, 5.26, 12, 60, 0
1769345603, 1, 131, 888, 886, 0, 20.74%, 0, 0, 3, 5.30, 12, 60, 0
1769345608, 1, 131, 890, 888, 0, 20.74%, 0, 0, 3, 5.19, 12, 60, 0
1769345619, 1, 131, 892, 890, 0, 20.74%, 0, 0, 3, 5.34, 12, 60, 0
1769345624, 1, 131, 893, 891, 0, 20.74%, 0, 0, 3, 5.37, 12, 60, 0
1769345629, 1, 131, 894, 892, 0, 20.74%, 0, 0, 3, 5.35, 12, 60, 0
1769345635, 1, 131, 895, 893, 0, 20.74%, 0, 0, 3, 5.31, 12, 60, 0
1769345640, 1, 131, 897, 895, 0, 20.74%, 0, 0, 3, 5.28, 12, 60, 0
1769345645, 1, 131, 898, 896, 0, 20.74%, 0, 0, 3, 5.24, 12, 60, 0
1769345650, 1, 131, 899, 897, 0, 20.75%, 0, 0, 3, 5.34, 12, 60, 0
1769345655, 1, 131, 900, 898, 0, 20.75%, 0, 0, 3, 5.38, 12, 60, 0
1769345666, 1, 131, 902, 900, 0, 20.75%, 0, 0, 3, 5.30, 12, 60, 0
1769345676, 1, 131, 904, 902, 0, 20.75%, 0, 0, 3, 5.43, 12, 60, 0
1769345681, 1, 131, 905, 903, 0, 20.76%, 0, 0, 3, 5.37, 12, 60, 0
1769345686, 1, 131, 906, 904, 0, 20.76%, 0, 0, 3, 5.36, 12, 60, 0
1769345691, 1, 131, 907, 905, 0, 20.76%, 0, 0, 3, 5.28, 12, 60, 0
1769345697, 1, 131, 908, 906, 0, 20.76%, 0, 0, 3, 5.33, 12, 60, 0
1769345707, 1, 131, 909, 907, 0, 20.76%, 0, 0, 3, 5.27, 12, 60, 0
1769345718, 1, 131, 910, 908, 0, 20.76%, 0, 0, 3, 5.32, 12, 60, 0
1769345728, 1, 131, 911, 909, 0, 20.76%, 0, 0, 3, 5.20, 12, 60, 0
1769345733, 1, 131, 913, 911, 0, 20.76%, 0, 0, 3, 5.37, 12, 60, 0
1769345738, 1, 131, 914, 912, 0, 20.76%, 0, 0, 3, 5.36, 12, 60, 0
1769345744, 1, 131, 916, 914, 0, 20.77%, 0, 0, 3, 5.28, 12, 60, 0
1769345749, 1, 131, 917, 915, 0, 20.77%, 0, 0, 3, 5.25, 12, 60, 0
1769345754, 1, 131, 918, 916, 0, 20.77%, 0, 0, 3, 5.10, 12, 60, 0
1769345759, 1, 131, 919, 917, 0, 20.77%, 0, 0, 3, 5.11, 12, 60, 0
1769345764, 1, 131, 920, 918, 0, 20.77%, 0, 0, 3, 5.15, 12, 60, 0
1769345769, 1, 131, 922, 920, 0, 20.77%, 0, 0, 3, 5.23, 12, 60, 0
1769345774, 1, 131, 923, 921, 0, 20.77%, 0, 0, 3, 5.19, 12, 60, 0
1769345785, 1, 131, 924, 922, 0, 20.77%, 0, 0, 3, 5.40, 12, 60, 0
1769345790, 1, 131, 925, 923, 0, 20.77%, 0, 0, 3, 5.37, 12, 61, 0
1769345795, 1, 131, 926, 924, 0, 20.77%, 0, 0, 3, 5.49, 12, 61, 0
1769345800, 1, 131, 927, 925, 0, 20.77%, 0, 0, 3, 5.51, 12, 61, 0
1769345805, 1, 131, 928, 926, 0, 20.78%, 0, 0, 3, 5.48, 12, 61, 0
1769345810, 1, 131, 930, 928, 0, 20.78%, 0, 0, 3, 5.52, 12, 61, 0
1769345815, 1, 131, 931, 929, 0, 20.78%, 0, 0, 3, 5.47, 12, 61, 0
1769345821, 1, 131, 932, 930, 0, 20.78%, 0, 0, 3, 5.48, 12, 61, 0
1769345831, 1, 131, 933, 931, 0, 20.78%, 0, 0, 3, 5.46, 12, 61, 0
1769345836, 1, 131, 934, 932, 0, 20.78%, 0, 0, 3, 5.44, 12, 61, 0
1769345847, 1, 131, 935, 933, 0, 20.78%, 0, 0, 3, 5.38, 12, 61, 0
1769345852, 1, 131, 936, 934, 0, 20.78%, 0, 0, 3, 5.39, 12, 61, 0
1769345857, 1, 131, 937, 935, 0, 20.78%, 0, 0, 3, 5.45, 12, 61, 0
1769345867, 1, 131, 938, 936, 0, 20.78%, 0, 0, 3, 5.47, 12, 61, 0
1769345873, 1, 131, 939, 937, 0, 20.78%, 0, 0, 3, 5.44, 12, 61, 0
1769345883, 1, 131, 940, 938, 0, 20.78%, 0, 0, 3, 5.37, 12, 61, 0
1769345893, 1, 131, 941, 939, 0, 20.78%, 0, 0, 3, 5.49, 12, 61, 0
1769345903, 1, 131, 942, 940, 0, 20.78%, 0, 0, 3, 5.42, 12, 61, 0
1769345919, 1, 131, 943, 941, 0, 20.78%, 0, 0, 3, 5.31, 12, 61, 0
1769345929, 1, 131, 944, 942, 0, 20.78%, 0, 0, 3, 5.33, 12, 61, 0
1769345945, 1, 131, 945, 943, 0, 20.78%, 0, 0, 3, 5.53, 12, 61, 0
1769345955, 1, 131, 947, 945, 0, 20.78%, 0, 0, 3, 5.59, 12, 61, 0
1769345960, 1, 131, 949, 947, 0, 20.79%, 0, 0, 3, 5.60, 12, 61, 0
1769345966, 1, 131, 950, 948, 0, 20.79%, 0, 0, 3, 5.61, 12, 61, 0
1769345976, 1, 131, 951, 949, 0, 20.79%, 0, 0, 3, 5.61, 12, 61, 0
1769345982, 1, 131, 952, 950, 0, 20.79%, 0, 0, 3, 5.62, 12, 61, 0
1769346003, 1, 131, 953, 951, 0, 20.79%, 0, 0, 3, 5.61, 12, 61, 0
1769346014, 1, 131, 954, 952, 0, 20.79%, 0, 0, 3, 5.64, 12, 61, 0
1769346040, 1, 131, 955, 953, 0, 20.79%, 0, 0, 3, 5.64, 12, 61, 0
1769346046, 1, 131, 957, 955, 0, 20.79%, 0, 0, 3, 5.64, 12, 61, 0
1769346056, 1, 131, 958, 956, 0, 20.79%, 0, 0, 3, 5.65, 12, 61, 0
1769346061, 1, 131, 960, 958, 0, 20.79%, 0, 0, 3, 5.62, 12, 61, 0
1769346077, 1, 131, 962, 960, 0, 20.79%, 0, 0, 3, 5.57, 12, 61, 0
1769346082, 1, 131, 963, 961, 0, 20.79%, 0, 0, 3, 5.59, 12, 61, 0
1769346087, 1, 131, 964, 962, 0, 20.79%, 0, 0, 3, 5.59, 12, 61, 0
1769346092, 1, 131, 965, 963, 0, 20.80%, 0, 0, 3, 5.58, 12, 61, 0
1769346098, 1, 131, 966, 964, 0, 20.80%, 0, 0, 3, 5.64, 12, 61, 0
1769346108, 1, 131, 967, 965, 0, 20.81%, 0, 0, 3, 5.66, 12, 61, 0
1769346130, 1, 131, 968, 966, 0, 20.81%, 0, 0, 3, 5.64, 12, 61, 0
1769346140, 1, 131, 969, 967, 0, 20.81%, 0, 0, 3, 5.63, 12, 61, 0
1769346172, 4, 686, 970, 967, 0, 20.81%, 0, 0, 3, 5.47, 12, 61, 0
1769346177, 4, 686, 972, 969, 0, 20.85%, 0, 0, 3, 5.43, 12, 61, 0
