1777016599, 27, 938, 1128, 1095, 5, 8.04%, 0, 1, 3, 6.37, 16, 142, 21, 385, 125029, 40487, 0, 0.000, 0, 0, 0.959547, 1.000000, 232454, 0, 0, 1, 1, 0, 948, 4
1777016604, 27, 938, 1128, 1095, 5, 8.04%, 0, 1, 3, 6.08, 16, 142, 21, 385, 125029, 40487, 0, 0.000, 0, 0, 0.959551, 1.000000, 232482, 0, 0, 1, 1, 0, 948, 4
1777016609, 27, 938, 1128, 1095, 5, 8.04%, 0, 1, 3, 6.30, 16, 142, 21, 385, 125029, 40487, 0, 0.000, 0, 0, 0.959557, 1.000000, 232514, 0, 0, 1, 1, 0, 948, 4
1777016614, 27, 938, 1128, 1095, 5, 8.04%, 0, 1, 3, 6.67, 16, 142, 21, 385, 125029, 40487, 0, 0.000, 0, 0, 0.959560, 1.000000, 232537, 0, 0, 1, 1, 0, 948, 4
1777016620, 27, 938, 1128, 1095, 5, 8.04%, 0, 1, 3, 6.37, 16, 142, 21, 385, 125029, 40487, 0, 0.000, 0, 0, 0.959566, 1.000000, 232570, 0, 0, 1, 1, 0, 949, 4
1777016625, 27, 938, 1128, 1095, 5, 8.04%, 0, 1, 3, 3.48, 16, 142, 21, 385, 125029, 40487, 0, 0.000, 0, 0, 0.959570, 1.000000, 232597, 0, 0, 1, 1, 0, 949, 4
1777016630, 27, 938, 1128, 1095, 5, 8.04%, 0, 1, 3, 5.04, 16, 142, 21, 385, 125029, 40487, 0, 0.000, 0, 0, 0.959575, 1.000000, 232627, 0, 0, 1, 1, 0, 949, 4
1777016635, 27, 938, 1128, 1095, 5, 8.04%, 0, 1, 3, 5.69, 16, 142, 21, 385, 125029, 40487, 0, 0.000, 0, 0, 0.959581, 1.000000, 232658, 0, 0, 1, 1, 0, 949, 4
1777016641, 27, 938, 1128, 1095, 5, 8.04%, 0, 1, 3, 2.44, 16, 142, 21, 385, 125029, 40487, 0, 0.000, 0, 0, 0.959585, 1.000000, 232686, 0, 0, 1, 1, 0, 949, 4
1777016646, 27, 938, 1128, 1095, 5, 8.04%, 0, 1, 3, 5.11, 16, 142, 21, 385, 125029, 40487, 0, 0.000, 0, 0, 0.959591, 1.000000, 232720, 0, 0, 1, 1, 0, 949, 4
1777016651, 27, 938, 1128, 1095, 5, 8.04%, 0, 1, 3, 7.24, 16, 142, 21, 385, 125029, 40487, 0, 0.000, 0, 0, 0.959595, 1.000000, 232744, 0, 0, 1, 1, 0, 949, 4
1777016656, 27, 938, 1128, 1095, 5, 8.04%, 0, 1, 3, 6.39, 16, 142, 21, 385, 125029, 40487, 0, 0.000, 0, 0, 0.959600, 1.000000, 232774, 0, 0, 1, 1, 0, 950, 4
1777016662, 27, 938, 1128, 1095, 5, 8.04%, 0, 1, 3, 6.01, 16, 142, 21, 385, 125029, 40487, 0, 0.000, 0, 0, 0.959605, 1.000000, 232802, 0, 0, 1, 1, 0, 950, 4
1777016667, 27, 938, 1128, 1095, 5, 8.04%, 0, 1, 3, 5.80, 16, 142, 21, 385, 125029, 40487, 0, 0.000, 0, 0, 0.959609, 1.000000, 232829, 0, 0, 1, 1, 0, 950, 4
1777016672, 27, 938, 1128, 1095, 5, 8.04%, 0, 1, 3, 6.35, 16, 142, 21, 385, 125029, 40487, 0, 0.000, 0, 0, 0.959615, 1.000000, 232862, 0, 0, 1, 1, 0, 950, 4
1777016677, 27, 938, 1128, 1095, 5, 8.04%, 0, 1, 3, 6.22, 16, 142, 21, 385, 125029, 40487, 0, 0.000, 0, 0, 0.959620, 1.000000, 232892, 0, 0, 1, 1, 0, 950, 4
1777016682, 27, 938, 1128, 1095, 5, 8.04%, 0, 1, 3, 6.56, 16, 142, 21, 385, 125029, 40487, 0, 0.000, 0, 0, 0.959625, 1.000000, 232926, 0, 0, 1, 1, 0, 950, 4
1777016687, 27, 938, 1128, 1095, 5, 8.04%, 0, 1, 3, 5.82, 16, 142, 21, 385, 125029, 40487, 0, 0.000, 0, 0, 0.959630, 1.000000, 232952, 0, 0, 1, 1, 0, 950, 4
1777016692, 27, 938, 1128, 1095, 5, 8.04%, 0, 1, 3, 5.44, 16, 142, 21, 385, 125029, 40487, 0, 0.000, 0, 0, 0.959634, 1.000000, 232978, 0, 0, 1, 1, 0, 951, 4
1777016697, 27, 938, 1128, 1095, 5, 8.04%, 0, 1, 3, 5.99, 16, 142, 21, 385, 125029, 40487, 0, 0.000, 0, 0, 0.959639, 1.000000, 233011, 0, 0, 1, 1, 0, 951, 4
1777016703, 27, 938, 1128, 1095, 5, 8.04%, 0, 1, 3, 6.26, 16, 142, 21, 385, 125029, 40487, 0, 0.000, 0, 0, 0.959645, 1.000000, 233042, 0, 0, 1, 1, 0, 951, 4
1777016708, 27, 938, 1128, 1095, 5, 8.04%, 0, 1, 3, 6.40, 16, 142, 21, 385, 125029, 40487, 0, 0.000, 0, 0, 0.959650, 1.000000, 233075, 0, 0, 1, 1, 0, 951, 4
1777016713, 27, 938, 1128, 1095, 5, 8.04%, 0, 1, 3, 6.11, 16, 142, 21, 385, 125029, 40487, 0, 0.000, 0, 0, 0.959655, 1.000000, 233102, 0, 0, 1, 1, 0, 951, 4
1777016718, 27, 938, 1128, 1095, 5, 8.04%, 0, 1, 3, 5.39, 16, 142, 21, 385, 125029, 40487, 0, 0.000, 0, 0, 0.959659, 1.000000, 233129, 0, 0, 1, 1, 0, 951, 4
1777016724, 27, 938, 1128, 1095, 5, 8.04%, 0, 1, 3, 5.84, 16, 142, 21, 385, 125029, 40487, 0, 0.000, 0, 0, 0.959664, 1.000000, 233162, 0, 0, 1, 1, 0, 952, 4
1777016729, 27, 938, 1128, 1095, 5, 8.04%, 0, 1, 3, 5.73, 16, 142, 21, 385, 125029, 40487, 0, 0.000, 0, 0, 0.959669, 1.000000, 233190, 0, 0, 1, 1, 0, 952, 4
1777016734, 27, 938, 1128, 1095, 5, 8.04%, 0, 1, 3, 6.09, 16, 142, 21, 385, 125029, 40487, 0, 0.000, 0, 0, 0.959674, 1.000000, 233222, 0, 0, 1, 1, 0, 952, 4
1777016739, 27, 938, 1128, 1095, 5, 8.04%, 0, 1, 3, 6.08, 16, 142, 21, 385, 125029, 40487, 0, 0.000, 0, 0, 0.959679, 1.000000, 233251, 0, 0, 1, 1, 0, 952, 4
1777016744, 27, 938, 1128, 1095, 5, 8.04%, 0, 1, 3, 6.60, 16, 142, 21, 385, 125029, 40487, 0, 0.000, 0, 0, 0.959684, 1.000000, 233279, 0, 0, 1, 1, 0, 952, 4
1777016750, 27, 938, 1128, 1095, 5, 8.04%, 0, 1, 3, 6.67, 16, 142, 21, 385, 125029, 40487, 0, 0.000, 0, 0, 0.959690, 1.000000, 233313, 0, 0, 1, 1, 0, 952, 4
1777016755, 27, 938, 1128, 1095, 5, 8.04%, 0, 1, 3, 7.37, 16, 142, 21, 385, 125029, 40487, 0, 0.000, 0, 0, 0.959694, 1.000000, 233340, 0, 0, 1, 1, 0, 952, 4
1777016760, 27, 938, 1128, 1095, 5, 8.04%, 0, 1, 3, 6.67, 16, 142, 21, 385, 125029, 40487, 0, 0.000, 0, 0, 0.959699, 1.000000, 233372, 0, 0, 1, 1, 0, 953, 4
1777016765, 27, 938, 1128, 1095, 5, 8.04%, 0, 1, 3, 5.89, 16, 142, 21, 385, 125029, 40487, 0, 0.000, 0, 0, 0.959703, 1.000000, 233397, 0, 0, 1, 1, 0, 953, 4
1777016771, 27, 938, 1128, 1095, 5, 8.04%, 0, 1, 3, 5.64, 16, 142, 21, 385, 125029, 40487, 0, 0.000, 0, 0, 0.959708, 1.000000, 233427, 0, 0, 1, 1, 0, 953, 4
1777016776, 27, 938, 1128, 1095, 5, 8.04%, 0, 1, 3, 6.19, 16, 142, 21, 385, 125029, 40487, 0, 0.000, 0, 0, 0.959714, 1.000000, 233460, 0, 0, 1, 1, 0, 953, 4
1777016781, 27, 938, 1128, 1095, 5, 8.04%, 0, 1, 3, 6.21, 16, 142, 21, 385, 125029, 40487, 0, 0.000, 0, 0, 0.959719, 1.000000, 233488, 0, 0, 1, 1, 0, 953, 4
1777016786, 27, 938, 1128, 1095, 5, 8.04%, 0, 1, 3, 6.56, 16, 142, 21, 385, 125029, 40487, 0, 0.000, 0, 0, 0.959724, 1.000000, 233522, 0, 0, 1, 1, 0, 953, 4
1777016791, 27, 938, 1128, 1095, 5, 8.04%, 0, 1, 3, 6.55, 16, 142, 21, 385, 125029, 40487, 0, 0.000, 0, 0, 0.959728, 1.000000, 233544, 0, 0, 1, 1, 0, 953, 4
1777016797, 27, 938, 1129, 1096, 5, 8.04%, 0, 1, 3, 6.37, 16, 142, 21, 385, 125029, 40487, 0, 0.000, 0, 0, 0.959732, 1.000000, 233569, 0, 0, 1, 1, 0, 953, 4
1777016802, 27, 938, 1129, 1096, 5, 8.04%, 0, 1, 3, 6.52, 16, 142, 21, 385, 125029, 40487, 0, 0.000, 0, 0, 0.959737, 1.000000, 233602, 0, 0, 1, 1, 0, 953, 4
1777016807, 27, 938, 1129, 1096, 5, 8.04%, 0, 1, 3, 6.02, 16, 142, 21, 385, 125029, 40487, 0, 0.000, 0, 0, 0.959742, 1.000000, 233628, 0, 0, 1, 1, 0, 953, 4
1777016812, 27, 938, 1129, 1096, 5, 8.04%, 0, 1, 3, 6.34, 16, 142, 21, 385, 125029, 40487, 0, 0.000, 0, 0, 0.959747, 1.000000, 233662, 0, 0, 1, 1, 0, 953, 4
1777016817, 27, 938, 1129, 1096, 5, 8.04%, 0, 1, 3, 7.06, 16, 142, 21, 385, 125029, 40487, 0, 0.000, 0, 0, 0.959752, 1.000000, 233690, 0, 0, 1, 1, 0, 953, 4
1777016823, 27, 938, 1129, 1096, 5, 8.04%, 0, 1, 3, 0.66, 16, 142, 21, 385, 125029, 40487, 0, 0.000, 0, 0, 0.959757, 1.000000, 233719, 0, 0, 1, 1, 0, 953, 4
1777016828, 27, 938, 1129, 1096, 5, 8.04%, 0, 1, 3, 6.42, 16, 142, 21, 385, 125029, 40487, 0, 0.000, 0, 0, 0.959762, 1.000000, 233752, 0, 0, 1, 1, 0, 954, 4
1777016833, 27, 938, 1129, 1096, 5, 8.04%, 0, 1, 3, 6.30, 16, 142, 21, 385, 125029, 40487, 0, 0.000, 0, 0, 0.959767, 1.000000, 233781, 0, 0, 1, 1, 0, 954, 4
1777016838, 27, 938, 1129, 1096, 5, 8.04%, 0, 1, 3, 6.33, 16, 142, 21, 385, 125029, 40487, 0, 0.000, 0, 0, 0.959772, 1.000000, 233814, 0, 0, 1, 1, 0, 954, 4
1777016843, 27, 938, 1129, 1096, 5, 8.04%, 0, 1, 3, 5.81, 16, 142, 21, 385, 125029, 40487, 0, 0.000, 0, 0, 0.959777, 1.000000, 233840, 0, 0, 1, 1, 0, 954, 4
1777016849, 27, 938, 1129, 1096, 5, 8.04%, 0, 1, 3, 1.00, 16, 142, 21, 385, 125029, 40487, 0, 0.000, 0, 0, 0.959782, 1.000000, 233869, 0, 0, 1, 1, 0, 954, 4
1777016854, 27, 938, 1129, 1096, 5, 8.04%, 0, 1, 3, 6.87, 16, 142, 21, 385, 125029, 40487, 0, 0.000, 0, 0, 0.959787, 1.000000, 233902, 0, 0, 1, 1, 0, 954, 4
1777016859, 27, 938, 1129, 1096, 5, 8.04%, 0, 1, 3, 8.29, 16, 142, 21, 385, 125029, 40487, 0, 0.000, 0, 0, 0.959791, 1.000000, 233927, 0, 0, 1, 1, 0, 954, 4
1777016864, 27, 938, 1129, 1096, 5, 8.04%, 0, 1, 3, 7.00, 16, 142, 21, 385, 125029, 40487, 0, 0.000, 0, 0, 0.959797, 1.000000, 233960, 0, 0, 1, 1, 0, 955, 4
1777016869, 27, 938, 1129, 1096, 5, 8.04%, 0, 1, 3, 3.34, 16, 142, 21, 385, 125029, 40487, 0, 0.000, 0, 0, 0.959801, 1.000000, 233986, 0, 0, 1, 1, 0, 955, 4
1777016874, 27, 938, 1129, 1096, 5, 8.04%, 0, 1, 3, 5.05, 16, 142, 21, 385, 125029, 40487, 0, 0.000, 0, 0, 0.959806, 1.000000, 234016, 0, 0, 1, 1, 0, 955, 4
1777016880, 27, 938, 1129, 1096, 5, 8.04%, 0, 1, 3, 5.95, 16, 142, 21, 385, 125029, 40487, 0, 0.000, 0, 0, 0.959811, 1.000000, 234046, 0, 0, 1, 1, 0, 955, 4
1777016885, 27, 938, 1130, 1097, 5, 8.04%, 0, 1, 3, 7.89, 16, 142, 21, 385, 125029, 40487, 0, 0.000, 0, 0, 0.959815, 1.000000, 234070, 0, 0, 1, 1, 0, 955, 4
1777016890, 27, 938, 1130, 1097, 5, 8.04%, 0, 1, 3, 6.75, 16, 142, 21, 385, 125029, 40487, 0, 0.000, 0, 0, 0.959820, 1.000000, 234102, 0, 0, 1, 1, 0, 955, 4
1777016895, 27, 938, 1130, 1097, 5, 8.04%, 0, 1, 3, 6.20, 16, 142, 21, 385, 125029, 40487, 0, 0.000, 0, 0, 0.959824, 1.000000, 234124, 0, 0, 1, 1, 0, 955, 4
1777016900, 27, 938, 1130, 1097, 5, 8.04%, 0, 1, 3, 6.45, 16, 142, 21, 385, 125029, 40487, 0, 0.000, 0, 0, 0.959829, 1.000000, 234156, 0, 0, 1, 1, 0, 955, 4
1777016905, 27, 938, 1130, 1097, 5, 8.04%, 0, 1, 3, 6.16, 16, 142, 21, 385, 125029, 40487, 0, 0.000, 0, 0, 0.959833, 1.000000, 234184, 0, 0, 1, 1, 0, 955, 4
1777016910, 27, 938, 1130, 1097, 5, 8.04%, 0, 1, 3, 6.44, 16, 142, 21, 385, 125029, 40487, 0, 0.000, 0, 0, 0.959839, 1.000000, 234215, 0, 0, 1, 1, 0, 955, 4
1777016915, 27, 938, 1130, 1097, 5, 8.04%, 0, 1, 3, 6.48, 16, 142, 21, 385, 125029, 40487, 0, 0.000, 0, 0, 0.959844, 1.000000, 234248, 0, 0, 1, 1, 0, 955, 4
1777016921, 27, 938, 1130, 1097, 5, 8.04%, 0, 1, 3, 6.54, 16, 142, 21, 385, 125029, 40487, 0, 0.000, 0, 0, 0.959849, 1.000000, 234276, 0, 0, 1, 1, 0, 956, 4
1777016926, 27, 938, 1130, 1097, 5, 8.04%, 0, 1, 3, 6.24, 16, 142, 21, 385, 125029, 40487, 0, 0.000, 0, 0, 0.959854, 1.000000, 234308, 0, 0, 1, 1, 0, 956, 4
1777016931, 27, 938, 1130, 1097, 5, 8.04%, 0, 1, 3, 6.27, 16, 142, 21, 385, 125029, 40487, 0, 0.000, 0, 0, 0.959858, 1.000000, 234334, 0, 0, 1, 1, 0, 956, 4
1777016936, 27, 938, 1130, 1097, 5, 8.04%, 0, 1, 3, 5.92, 16, 142, 21, 385, 125029, 40487, 0, 0.000, 0, 0, 0.959863, 1.000000, 234361, 0, 0, 1, 1, 0, 956, 4
1777016941, 27, 938, 1130, 1097, 5, 8.04%, 0, 1, 3, 6.20, 16, 142, 21, 385, 125029, 40487, 0, 0.000, 0, 0, 0.959868, 1.000000, 234392, 0, 0, 1, 1, 0, 956, 4
1777016947, 27, 938, 1130, 1097, 5, 8.04%, 0, 1, 3, 5.95, 16, 142, 21, 385, 125029, 40487, 0, 0.000, 0, 0, 0.959872, 1.000000, 234420, 0, 0, 1, 1, 0, 956, 4
1777016952, 27, 938, 1130, 1097, 5, 8.04%, 0, 1, 3, 6.31, 16, 142, 21, 385, 125029, 40487, 0, 0.000, 0, 0, 0.959878, 1.000000, 234452, 0, 0, 1, 1, 0, 956, 4
1777016957, 27, 938, 1130, 1097, 5, 8.04%, 0, 1, 3, 3.60, 16, 142, 21, 385, 125029, 40487, 0, 0.000, 0, 0, 0.959882, 1.000000, 234480, 0, 0, 1, 1, 0, 957, 4
1777016963, 27, 938, 1130, 1097, 5, 8.04%, 0, 1, 3, 0.64, 16, 142, 21, 385, 125029, 40487, 0, 0.000, 0, 0, 0.959887, 1.000000, 234511, 0, 0, 1, 1, 0, 957, 4
1777016969, 27, 938, 1130, 1097, 5, 8.04%, 0, 1, 3, 6.37, 16, 142, 21, 385, 125029, 40487, 0, 0.000, 0, 0, 0.959893, 1.000000, 234546, 0, 0, 1, 1, 0, 957, 4
1777016974, 27, 938, 1130, 1097, 5, 8.04%, 0, 1, 3, 5.98, 16, 142, 21, 385, 125029, 40487, 0, 0.000, 0, 0, 0.959898, 1.000000, 234574, 0, 0, 1, 1, 0, 957, 4
1777016979, 27, 938, 1130, 1097, 5, 8.04%, 0, 1, 3, 6.37, 16, 142, 21, 385, 125029, 40487, 0, 0.000, 0, 0, 0.959903, 1.000000, 234609, 0, 0, 1, 1, 0, 957, 4
1777016984, 27, 938, 1130, 1097, 5, 8.04%, 0, 1, 3, 6.14, 16, 142, 21, 385, 125029, 40487, 0, 0.000, 0, 0, 0.959908, 1.000000, 234636, 0, 0, 1, 1, 0, 957, 4
1777016989, 27, 938, 1130, 1097, 5, 8.04%, 0, 1, 3, 7.87, 16, 142, 21, 385, 125029, 40487, 0, 0.000, 0, 0, 0.959912, 1.000000, 234663, 0, 0, 1, 1, 0, 958, 4
1777016994, 27, 938, 1130, 1097, 5, 8.04%, 0, 1, 3, 6.66, 16, 142, 21, 385, 125029, 40487, 0, 0.000, 0, 0, 0.959917, 1.000000, 234694, 0, 0, 1, 1, 0, 958, 4
1777016999, 27, 938, 1130, 1097, 5, 8.04%, 0, 1, 3, 5.37, 16, 142, 21, 385, 125029, 40487, 0, 0.000, 0, 0, 0.959921, 1.000000, 234718, 0, 0, 1, 1, 0, 958, 4
1777017004, 27, 938, 1130, 1097, 5, 8.04%, 0, 1, 3, 5.90, 16, 142, 21, 385, 125029, 40487, 0, 0.000, 0, 0, 0.959926, 1.000000, 234750, 0, 0, 1, 1, 0, 958, 4
1777017010, 27, 938, 1130, 1097, 5, 8.04%, 0, 1, 3, 5.81, 16, 142, 21, 385, 125029, 40487, 0, 0.000, 0, 0, 0.959931, 1.000000, 234778, 0, 0, 1, 1, 0, 958, 4
1777017015, 27, 938, 1130, 1097, 5, 8.04%, 0, 1, 3, 5.97, 16, 142, 21, 385, 125029, 40487, 0, 0.000, 0, 0, 0.959936, 1.000000, 234810, 0, 0, 1, 1, 0, 958, 4
1777017020, 27, 938, 1130, 1097, 5, 8.04%, 0, 1, 3, 6.12, 16, 142, 21, 385, 125029, 40487, 0, 0.000, 0, 0, 0.959941, 1.000000, 234840, 0, 0, 1, 1, 0, 958, 4
1777017025, 27, 938, 1130, 1097, 5, 8.04%, 0, 1, 3, 7.55, 16, 142, 21, 385, 125029, 40487, 0, 0.000, 0, 0, 0.959946, 1.000000, 234867, 0, 0, 1, 1, 0, 959, 4
1777017030, 27, 938, 1130, 1097, 5, 8.04%, 0, 1, 3, 6.53, 16, 142, 21, 385, 125029, 40487, 0, 0.000, 0, 0, 0.959951, 1.000000, 234898, 0, 0, 1, 1, 0, 959, 4
1777017036, 27, 938, 1130, 1097, 5, 8.04%, 0, 1, 3, 2.39, 16, 142, 21, 385, 125029, 40487, 0, 0.000, 0, 0, 0.959954, 1.000000, 234920, 0, 0, 1, 1, 0, 959, 4
1777017041, 27, 938, 1130, 1097, 5, 8.04%, 0, 1, 3, 4.61, 16, 142, 21, 385, 125029, 40487, 0, 0.000, 0, 0, 0.959959, 1.000000, 234950, 0, 0, 1, 1, 0, 959, 4
1777017046, 27, 938, 1130, 1097, 5, 8.04%, 0, 1, 3, 5.68, 16, 142, 21, 385, 125029, 40487, 0, 0.000, 0, 0, 0.959964, 1.000000, 234981, 0, 0, 1, 1, 0, 959, 4
1777017051, 27, 938, 1130, 1097, 5, 8.04%, 0, 1, 3, 6.12, 16, 142, 21, 385, 125029, 40487, 0, 0.000, 0, 0, 0.959969, 1.000000, 235013, 0, 0, 1, 1, 0, 959, 4
1777017056, 27, 938, 1130, 1097, 5, 8.04%, 0, 1, 3, 6.28, 16, 142, 21, 385, 125029, 40487, 0, 0.000, 0, 0, 0.959975, 1.000000, 235045, 0, 0, 1, 1, 0, 959, 4
1777017062, 27, 938, 1130, 1097, 5, 8.04%, 0, 1, 3, 6.30, 16, 142, 21, 385, 125029, 40487, 0, 0.000, 0, 0, 0.959979, 1.000000, 235073, 0, 0, 1, 1, 0, 960, 4
1777017067, 27, 938, 1130, 1097, 5, 8.04%, 0, 1, 3, 6.24, 16, 142, 21, 385, 125029, 40487, 0, 0.000, 0, 0, 0.959984, 1.000000, 235104, 0, 0, 1, 1, 0, 960, 4
1777017072, 27, 938, 1130, 1097, 5, 8.04%, 0, 1, 3, 7.61, 16, 142, 21, 385, 125029, 40487, 0, 0.000, 0, 0, 0.959988, 1.000000, 235126, 0, 0, 1, 1, 0, 960, 4
1777017077, 27, 938, 1130, 1097, 5, 8.04%, 0, 1, 3, 6.67, 16, 142, 21, 385, 125029, 40487, 0, 0.000, 0, 0, 0.959993, 1.000000, 235156, 0, 0, 1, 1, 0, 960, 4
1777017082, 27, 938, 1130, 1097, 5, 8.04%, 0, 1, 3, 6.99, 16, 142, 21, 385, 125029, 40487, 0, 0.000, 0, 0, 0.959998, 1.000000, 235185, 0, 0, 1, 1, 0, 960, 4
1777017087, 27, 938, 1130, 1097, 5, 8.04%, 0, 1, 3, 6.65, 16, 142, 21, 385, 125029, 40487, 0, 0.000, 0, 0, 0.960002, 1.000000, 235215, 0, 0, 1, 1, 0, 960, 4
1777017092, 27, 938, 1130, 1097, 5, 8.04%, 0, 1, 3, 6.40, 16, 142, 21, 385, 125029, 40487, 0, 0.000, 0, 0, 0.960008, 1.000000, 235246, 0, 0, 1, 1, 0, 960, 4
1777017097, 27, 938, 1130, 1097, 5, 8.04%, 0, 1, 3, 5.93, 16, 142, 21, 385, 125029, 40487, 0, 0.000, 0, 0, 0.960012, 1.000000, 235274, 0, 0, 1, 1, 0, 961, 4
1777017102, 27, 938, 1130, 1097, 5, 8.04%, 0, 1, 3, 5.75, 16, 142, 21, 385, 125029, 40487, 0, 0.000, 0, 0, 0.960017, 1.000000, 235302, 0, 0, 1, 1, 0, 961, 4
1777017107, 27, 938, 1130, 1097, 5, 8.04%, 0, 1, 3, 6.51, 16, 142, 21, 385, 125029, 40487, 0, 0.000, 0, 0, 0.960020, 1.000000, 235324, 0, 0, 1, 1, 0, 961, 4
1777017112, 27, 938, 1130, 1097, 5, 8.04%, 0, 1, 3, 6.11, 16, 142, 21, 385, 125029, 40487, 0, 0.000, 0, 0, 0.960025, 1.000000, 235354, 0, 0, 1, 1, 0, 961, 4
1777017117, 27, 938, 1130, 1097, 5, 8.04%, 0, 1, 3, 6.33, 16, 142, 21, 385, 125029, 40487, 0, 0.000, 0, 0, 0.960030, 1.000000, 235383, 0, 0, 1, 1, 0, 961, 4
1777017123, 27, 938, 1130, 1097, 5, 8.04%, 0, 1, 3, 6.14, 16, 142, 21, 385, 125029, 40487, 0, 0.000, 0, 0, 0.960035, 1.000000, 235413, 0, 0, 1, 1, 0, 961, 4
1777017128, 27, 938, 1130, 1097, 5, 8.04%, 0, 1, 3, 6.52, 16, 142, 21, 385, 125029, 40487, 0, 0.000, 0, 0, 0.960040, 1.000000, 235446, 0, 0, 1, 1, 0, 961, 4
1777017133, 27, 938, 1130, 1097, 5, 8.04%, 0, 1, 3, 7.04, 16, 142, 21, 385, 125029, 40487, 0, 0.000, 0, 0, 0.960044, 1.000000, 235472, 0, 0, 1, 1, 0, 962, 4
1777017138, 27, 938, 1130, 1097, 5, 8.04%, 0, 1, 3, 6.27, 16, 142, 21, 385, 125029, 40487, 0, 0.000, 0, 0, 0.960049, 1.000000, 235502, 0, 0, 1, 1, 0, 962, 4
1777017143, 27, 938, 1130, 1097, 5, 8.04%, 0, 1, 3, 5.42, 16, 142, 21, 385, 125029, 40487, 0, 0.000, 0, 0, 0.960053, 1.000000, 235524, 0, 0, 1, 1, 0, 962, 4
1777017148, 27, 938, 1130, 1097, 5, 8.04%, 0, 1, 3, 5.70, 16, 142, 21, 385, 125029, 40487, 0, 0.000, 0, 0, 0.960058, 1.000000, 235554, 0, 0, 1, 1, 0, 962, 4
1777017153, 27, 938, 1130, 1097, 5, 8.04%, 0, 1, 3, 5.58, 16, 142, 21, 385, 125029, 40487, 0, 0.000, 0, 0, 0.960062, 1.000000, 235580, 0, 0, 1, 1, 0, 962, 4
1777017158, 27, 938, 1130, 1097, 5, 8.04%, 0, 1, 3, 5.55, 16, 142, 21, 385, 125029, 40487, 0, 0.000, 0, 0, 0.960067, 1.000000, 235608, 0, 0, 1, 1, 0, 962, 4
1777017164, 27, 938, 1130, 1097, 5, 8.04%, 0, 1, 3, 5.37, 16, 142, 21, 385, 125029, 40487, 0, 0.000, 0, 0, 0.960071, 1.000000, 235634, 0, 0, 1, 1, 0, 962, 4
1777017169, 27, 938, 1130, 1097, 5, 8.04%, 0, 1, 3, 5.35, 16, 142, 21, 385, 125029, 40487, 0, 0.000, 0, 0, 0.960075, 1.000000, 235661, 0, 0, 1, 1, 0, 963, 4
1777017174, 27, 938, 1130, 1097, 5, 8.04%, 0, 1, 3, 5.53, 16, 142, 21, 385, 125029, 40487, 0, 0.000, 0, 0, 0.960080, 1.000000, 235690, 0, 0, 1, 1, 0, 963, 4
1777017179, 27, 938, 1130, 1097, 5, 8.04%, 0, 1, 3, 0.65, 16, 142, 21, 385, 125029, 40487, 0, 0.000, 0, 0, 0.960083, 1.000000, 235711, 0, 0, 1, 1, 0, 963, 4
1777017185, 27, 938, 1130, 1097, 5, 8.04%, 0, 1, 3, 5.47, 16, 142, 21, 385, 125029, 40487, 0, 0.000, 0, 0, 0.960088, 1.000000, 235740, 0, 0, 1, 1, 0, 963, 4
1777017190, 27, 938, 1130, 1097, 5, 8.04%, 0, 1, 3, 5.46, 16, 142, 21, 385, 125029, 40487, 0, 0.000, 0, 0, 0.960092, 1.000000, 235767, 0, 0, 1, 1, 0, 963, 4
1777017195, 27, 938, 1130, 1097, 5, 8.04%, 0, 1, 3, 5.85, 16, 142, 21, 385, 125029, 40487, 0, 0.000, 0, 0, 0.960097, 1.000000, 235798, 0, 0, 1, 1, 0, 963, 4
1777017200, 27, 938, 1130, 1097, 5, 8.04%, 0, 1, 3, 5.84, 16, 142, 21, 385, 125029, 40487, 0, 0.000, 0, 0, 0.960102, 1.000000, 235826, 0, 0, 1, 1, 0, 963, 4
1777017206, 27, 938, 1130, 1097, 5, 8.04%, 0, 1, 3, 5.97, 16, 142, 21, 385, 125029, 40487, 0, 0.000, 0, 0, 0.960107, 1.000000, 235858, 0, 0, 1, 1, 0, 964, 4
1777017211, 27, 938, 1130, 1097, 5, 8.04%, 0, 1, 3, 5.76, 16, 142, 21, 385, 125029, 40487, 0, 0.000, 0, 0, 0.960111, 1.000000, 235884, 0, 0, 1, 1, 0, 964, 4
1777017217, 27, 938, 1130, 1097, 5, 8.04%, 0, 1, 3, 0.65, 16, 142, 21, 385, 125029, 40487, 0, 0.000, 0, 0, 0.960116, 1.000000, 235911, 0, 0, 1, 1, 0, 964, 4
1777017222, 27, 938, 1130, 1097, 5, 8.04%, 0, 1, 3, 5.36, 16, 142, 21, 385, 125029, 40487, 0, 0.000, 0, 0, 0.960121, 1.000000, 235942, 0, 0, 1, 1, 0, 964, 4
1777017228, 27, 938, 1130, 1097, 5, 8.04%, 0, 1, 3, 5.74, 16, 142, 21, 385, 125029, 40487, 0, 0.000, 0, 0, 0.960125, 1.000000, 235970, 0, 0, 1, 1, 0, 964, 4
1777017233, 27, 938, 1130, 1097, 5, 8.04%, 0, 1, 3, 5.80, 16, 142, 21, 385, 125029, 40487, 0, 0.000, 0, 0, 0.960130, 1.000000, 236000, 0, 0, 1, 1, 0, 964, 4
1777017238, 27, 938, 1131, 1098, 5, 8.04%, 0, 1, 3, 5.82, 16, 142, 21, 385, 125029, 40487, 0, 0.000, 0, 0, 0.960134, 1.000000, 236021, 0, 0, 1, 1, 0, 964, 4
1777017243, 27, 938, 1131, 1098, 5, 8.04%, 0, 1, 3, 5.72, 16, 142, 21, 385, 125029, 40487, 0, 0.000, 0, 0, 0.960138, 1.000000, 236050, 0, 0, 1, 1, 0, 964, 4
1777017248, 27, 938, 1131, 1098, 5, 8.04%, 0, 1, 3, 6.38, 16, 142, 21, 385, 125029, 40487, 0, 0.000, 0, 0, 0.960143, 1.000000, 236076, 0, 0, 1, 1, 0, 964, 4
1777017254, 27, 938, 1131, 1098, 5, 8.04%, 0, 1, 3, 0.66, 16, 142, 21, 385, 125029, 40487, 0, 0.000, 0, 0, 0.960147, 1.000000, 236103, 0, 0, 1, 1, 0, 964, 4
1777017259, 27, 938, 1131, 1098, 5, 8.04%, 0, 1, 3, 5.36, 16, 142, 21, 385, 125029, 40487, 0, 0.000, 0, 0, 0.960152, 1.000000, 236132, 0, 0, 1, 1, 0, 964, 4
1777017264, 27, 938, 1131, 1098, 5, 8.04%, 0, 1, 3, 5.53, 16, 142, 21, 385, 125029, 40487, 0, 0.000, 0, 0, 0.960156, 1.000000, 236160, 0, 0, 1, 1, 0, 964, 4
1777017270, 27, 938, 1131, 1098, 5, 8.04%, 0, 1, 3, 5.82, 16, 142, 21, 385, 125029, 40487, 0, 0.000, 0, 0, 0.960161, 1.000000, 236192, 0, 0, 1, 1, 0, 964, 4
1777017275, 27, 938, 1132, 1099, 5, 8.04%, 0, 1, 3, 5.54, 16, 142, 21, 385, 125029, 40487, 0, 0.000, 0, 0, 0.960164, 1.000000, 236210, 0, 0, 1, 1, 0, 964, 4
1777017280, 27, 938, 1132, 1099, 5, 8.04%, 0, 1, 3, 5.82, 16, 142, 21, 385, 125029, 40487, 0, 0.000, 0, 0, 0.960169, 1.000000, 236240, 0, 0, 1, 1, 0, 964, 4
1777017285, 27, 938, 1132, 1099, 5, 8.04%, 0, 1, 3, 6.86, 16, 142, 21, 385, 125029, 40487, 0, 0.000, 0, 0, 0.960173, 1.000000, 236266, 0, 0, 1, 1, 0, 964, 4
1777017291, 27, 938, 1132, 1099, 5, 8.04%, 0, 1, 3, 0.66, 16, 142, 21, 385, 125029, 40487, 0, 0.000, 0, 0, 0.960178, 1.000000, 236295, 0, 0, 1, 1, 0, 964, 4
1777017296, 27, 938, 1132, 1099, 5, 8.04%, 0, 1, 3, 6.39, 16, 142, 21, 385, 125029, 40487, 0, 0.000, 0, 0, 0.960183, 1.000000, 236326, 0, 0, 1, 1, 0, 964, 4
1777017302, 27, 938, 1132, 1099, 5, 8.04%, 0, 1, 3, 5.72, 16, 142, 21, 385, 125029, 40487, 0, 0.000, 0, 0, 0.960187, 1.000000, 236352, 0, 0, 1, 1, 0, 964, 4
1777017307, 27, 938, 1132, 1099, 5, 8.04%, 0, 1, 3, 5.80, 16, 142, 21, 385, 125029, 40487, 0, 0.000, 0, 0, 0.960192, 1.000000, 236382, 0, 0, 1, 1, 0, 964, 4
1777017312, 27, 938, 1132, 1099, 5, 8.04%, 0, 1, 3, 5.41, 16, 142, 21, 385, 125029, 40487, 0, 0.000, 0, 0, 0.960196, 1.000000, 236408, 0, 0, 1, 1, 0, 965, 4
1777017317, 27, 938, 1132, 1099, 5, 8.04%, 0, 1, 3, 5.74, 16, 142, 21, 385, 125029, 40487, 0, 0.000, 0, 0, 0.960201, 1.000000, 236440, 0, 0, 1, 1, 0, 965, 4
1777017323, 27, 938, 1132, 1099, 5, 8.04%, 0, 1, 3, 6.66, 16, 142, 21, 385, 125029, 40487, 0, 0.000, 0, 0, 0.960206, 1.000000, 236468, 0, 0, 1, 1, 0, 965, 4
1777017328, 27, 938, 1132, 1099, 5, 8.04%, 0, 1, 3, 0.65, 16, 142, 21, 385, 125029, 40487, 0, 0.000, 0, 0, 0.960210, 1.000000, 236495, 0, 0, 1, 1, 0, 965, 4
1777017334, 27, 938, 1132, 1099, 5, 8.04%, 0, 1, 3, 5.45, 16, 142, 21, 385, 125029, 40487, 0, 0.000, 0, 0, 0.960215, 1.000000, 236526, 0, 0, 1, 1, 0, 965, 4
1777017339, 27, 938, 1132, 1099, 5, 8.04%, 0, 1, 3, 5.42, 16, 142, 21, 385, 125029, 40487, 0, 0.000, 0, 0, 0.960220, 1.000000, 236552, 0, 0, 1, 1, 0, 965, 4
1777017344, 27, 938, 1132, 1099, 5, 8.04%, 0, 1, 3, 5.68, 16, 142, 21, 385, 125029, 40487, 0, 0.000, 0, 0, 0.960225, 1.000000, 236583, 0, 0, 1, 1, 0, 965, 4
1777017349, 27, 938, 1132, 1099, 5, 8.04%, 0, 1, 3, 5.50, 16, 142, 21, 385, 125029, 40487, 0, 0.000, 0, 0, 0.960229, 1.000000, 236609, 0, 0, 1, 1, 0, 966, 4
1777017355, 27, 938, 1132, 1099, 5, 8.04%, 0, 1, 3, 5.69, 16, 142, 21, 385, 125029, 40487, 0, 0.000, 0, 0, 0.960234, 1.000000, 236640, 0, 0, 1, 1, 0, 966, 4
1777017360, 27, 938, 1132, 1099, 5, 8.04%, 0, 1, 3, 6.44, 16, 142, 21, 385, 125029, 40487, 0, 0.000, 0, 0, 0.960238, 1.000000, 236666, 0, 0, 1, 1, 0, 966, 4
1777017366, 27, 938, 1132, 1099, 5, 8.04%, 0, 1, 3, 1.22, 16, 142, 21, 385, 125029, 40487, 0, 0.000, 0, 0, 0.960243, 1.000000, 236695, 0, 0, 1, 1, 0, 966, 4
1777017371, 27, 938, 1132, 1099, 5, 8.04%, 0, 1, 3, 4.02, 16, 142, 21, 385, 125029, 40487, 0, 0.000, 0, 0, 0.960247, 1.000000, 236724, 0, 0, 1, 1, 0, 966, 4
1777017376, 27, 938, 1133, 1100, 5, 8.04%, 0, 1, 3, 5.58, 16, 142, 21, 385, 125029, 40487, 0, 0.000, 0, 0, 0.960251, 1.000000, 236748, 0, 0, 1, 1, 0, 966, 4
1777017381, 27, 938, 1133, 1100, 5, 8.04%, 0, 1, 3, 5.75, 16, 142, 21, 385, 125029, 40487, 0, 0.000, 0, 0, 0.960256, 1.000000, 236778, 0, 0, 1, 1, 0, 966, 4
1777017387, 27, 938, 1133, 1100, 5, 8.04%, 0, 1, 3, 5.65, 16, 142, 21, 385, 125029, 40487, 0, 0.000, 0, 0, 0.960260, 1.000000, 236804, 0, 0, 1, 1, 0, 966, 4
1777017392, 27, 938, 1133, 1100, 5, 8.04%, 0, 1, 3, 5.83, 16, 142, 21, 385, 125029, 40487, 0, 0.000, 0, 0, 0.960265, 1.000000, 236834, 0, 0, 1, 1, 0, 966, 4
1777017397, 27, 938, 1133, 1100, 5, 8.04%, 0, 1, 3, 3.41, 16, 142, 21, 385, 125029, 40487, 0, 0.000, 0, 0, 0.960269, 1.000000, 236858, 0, 0, 1, 1, 0, 966, 4
1777017403, 27, 938, 1133, 1100, 5, 8.04%, 0, 1, 3, 0.66, 16, 142, 21, 385, 125029, 40487, 0, 0.000, 0, 0, 0.960274, 1.000000, 236887, 0, 0, 1, 1, 0, 966, 4
1777017408, 27, 938, 1133, 1100, 5, 8.04%, 0, 1, 3, 5.73, 16, 142, 21, 385, 125029, 40487, 0, 0.000, 0, 0, 0.960278, 1.000000, 236916, 0, 0, 1, 1, 0, 966, 4
1777017413, 27, 938, 1133, 1100, 5, 8.04%, 0, 1, 3, 5.36, 16, 142, 21, 385, 125029, 40487, 0, 0.000, 0, 0, 0.960282, 1.000000, 236940, 0, 0, 1, 1, 0, 967, 4
1777017418, 27, 938, 1133, 1100, 5, 8.04%, 0, 1, 3, 5.37, 16, 142, 21, 385, 125029, 40487, 0, 0.000, 0, 0, 0.960287, 1.000000, 236968, 0, 0, 1, 1, 0, 967, 4
1777017424, 27, 938, 1133, 1100, 5, 8.04%, 0, 1, 3, 5.24, 16, 142, 21, 385, 125029, 40487, 0, 0.000, 0, 0, 0.960291, 1.000000, 236994, 0, 0, 1, 1, 0, 967, 4
1777017429, 27, 938, 1133, 1100, 5, 8.04%, 0, 1, 3, 5.47, 16, 142, 21, 385, 125029, 40487, 0, 0.000, 0, 0, 0.960296, 1.000000, 237024, 0, 0, 1, 1, 0, 967, 4
1777017434, 27, 938, 1133, 1100, 5, 8.04%, 0, 1, 3, 7.25, 16, 142, 21, 385, 125029, 40487, 0, 0.000, 0, 0, 0.960299, 1.000000, 237048, 0, 0, 1, 1, 0, 967, 4
1777017439, 27, 938, 1133, 1100, 5, 8.04%, 0, 1, 3, 6.14, 16, 142, 21, 385, 125029, 40487, 0, 0.000, 0, 0, 0.960304, 1.000000, 237076, 0, 0, 1, 1, 0, 967, 4
1777017444, 27, 938, 1133, 1100, 5, 8.04%, 0, 1, 3, 5.73, 16, 142, 21, 385, 125029, 40487, 0, 0.000, 0, 0, 0.960307, 1.000000, 237098, 0, 0, 1, 1, 0, 967, 4
1777017450, 27, 938, 1133, 1100, 5, 8.04%, 0, 1, 3, 5.89, 16, 142, 21, 385, 125029, 40487, 0, 0.000, 0, 0, 0.960312, 1.000000, 237128, 0, 0, 1, 1, 0, 967, 4
1777017455, 27, 938, 1133, 1100, 5, 8.04%, 0, 1, 3, 5.84, 16, 142, 21, 385, 125029, 40487, 0, 0.000, 0, 0, 0.960317, 1.000000, 237156, 0, 0, 1, 1, 0, 968, 4
1777017460, 27, 938, 1134, 1101, 5, 8.04%, 0, 1, 3, 5.98, 16, 142, 21, 385, 125029, 40487, 0, 0.000, 0, 0, 0.960321, 1.000000, 237179, 0, 0, 1, 1, 0, 968, 4
1777017465, 27, 938, 1134, 1101, 5, 8.04%, 0, 1, 3, 5.71, 16, 142, 21, 385, 125029, 40487, 0, 0.000, 0, 0, 0.960325, 1.000000, 237208, 0, 0, 1, 1, 0, 968, 4
1777017470, 27, 938, 1134, 1101, 5, 8.04%, 0, 1, 3, 5.57, 16, 142, 21, 385, 125029, 40487, 0, 0.000, 0, 0, 0.960329, 1.000000, 237233, 0, 0, 1, 1, 0, 968, 4
1777017476, 27, 938, 1135, 1102, 5, 8.04%, 0, 1, 3, 6.24, 16, 142, 21, 385, 125029, 40487, 0, 0.000, 0, 0, 0.960333, 1.000000, 237259, 0, 0, 1, 1, 0, 968, 4
1777017481, 27, 938, 1135, 1102, 5, 8.04%, 0, 1, 3, 5.58, 16, 142, 21, 385, 125029, 40487, 0, 0.000, 0, 0, 0.960337, 1.000000, 237280, 0, 0, 1, 1, 0, 968, 4
1777017486, 27, 938, 1135, 1102, 5, 8.04%, 0, 1, 3, 5.68, 16, 142, 21, 385, 125029, 40487, 0, 0.000, 0, 0, 0.960342, 1.000000, 237310, 0, 0, 1, 1, 0, 968, 4
1777017491, 27, 938, 1135, 1102, 5, 8.04%, 0, 1, 3, 5.66, 16, 142, 21, 385, 125029, 40487, 0, 0.000, 0, 0, 0.960346, 1.000000, 237336, 0, 0, 1, 1, 0, 968, 4
1777017496, 27, 938, 1135, 1102, 5, 8.04%, 0, 1, 3, 6.13, 16, 142, 21, 385, 125029, 40487, 0, 0.000, 0, 0, 0.960351, 1.000000, 237368, 0, 0, 1, 1, 0, 968, 4
1777017501, 27, 938, 1135, 1102, 5, 8.04%, 0, 1, 3, 5.78, 16, 142, 21, 385, 125029, 40487, 0, 0.000, 0, 0, 0.960355, 1.000000, 237394, 0, 0, 1, 1, 0, 968, 4
1777017507, 27, 938, 1135, 1102, 5, 8.04%, 0, 1, 3, 1.12, 16, 142, 21, 385, 125029, 40487, 0, 0.000, 0, 0, 0.960359, 1.000000, 237421, 0, 0, 1, 1, 0, 968, 4
1777017512, 27, 938, 1135, 1102, 5, 8.04%, 0, 1, 3, 7.54, 16, 142, 21, 385, 125029, 40487, 0, 0.000, 0, 0, 0.960364, 1.000000, 237453, 0, 0, 1, 1, 0, 969, 4
1777017517, 27, 938, 1135, 1102, 5, 8.04%, 0, 1, 3, 6.19, 16, 142, 21, 385, 125029, 40487, 0, 0.000, 0, 0, 0.960368, 1.000000, 237473, 0, 0, 1, 1, 0, 969, 4
1777017522, 27, 938, 1135, 1102, 5, 8.04%, 0, 1, 3, 5.90, 16, 142, 21, 385, 125029, 40487, 0, 0.000, 0, 0, 0.960372, 1.000000, 237502, 0, 0, 1, 1, 0, 969, 4
1777017527, 27, 938, 1135, 1102, 5, 8.04%, 0, 1, 3, 5.69, 16, 142, 21, 385, 125029, 40487, 0, 0.000, 0, 0, 0.960377, 1.000000, 237530, 0, 0, 1, 1, 0, 969, 4
1777017532, 27, 938, 1135, 1102, 5, 8.04%, 0, 1, 3, 6.01, 16, 142, 21, 385, 125029, 40487, 0, 0.000, 0, 0, 0.960382, 1.000000, 237561, 0, 0, 1, 1, 0, 969, 4
1777017538, 27, 938, 1135, 1102, 5, 8.04%, 0, 1, 3, 5.85, 16, 142, 21, 385, 125029, 40487, 0, 0.000, 0, 0, 0.960386, 1.000000, 237589, 0, 0, 1, 1, 0, 969, 4
1777017543, 27, 938, 1135, 1102, 5, 8.04%, 0, 1, 3, 5.96, 16, 142, 21, 385, 125029, 40487, 0, 0.000, 0, 0, 0.960391, 1.000000, 237620, 0, 0, 1, 1, 0, 969, 4
1777017548, 27, 938, 1135, 1102, 5, 8.04%, 0, 1, 3, 6.33, 16, 142, 21, 385, 125029, 40487, 0, 0.000, 0, 0, 0.960396, 1.000000, 237649, 0, 0, 1, 1, 0, 970, 4
1777017553, 27, 938, 1135, 1102, 5, 8.04%, 0, 1, 3, 0.66, 16, 142, 21, 385, 125029, 40487, 0, 0.000, 0, 0, 0.960399, 1.000000, 237671, 0, 0, 1, 1, 0, 970, 4
1777017558, 27, 938, 1135, 1102, 5, 8.04%, 0, 1, 3, 5.68, 16, 142, 21, 385, 125029, 40487, 0, 0.000, 0, 0, 0.960404, 1.000000, 237700, 0, 0, 1, 1, 0, 970, 4
1777017564, 27, 938, 1135, 1102, 5, 8.04%, 0, 1, 3, 5.71, 16, 142, 21, 385, 125029, 40487, 0, 0.000, 0, 0, 0.960409, 1.000000, 237729, 0, 0, 1, 1, 0, 970, 4
1777017569, 27, 938, 1135, 1102, 5, 8.04%, 0, 1, 3, 5.86, 16, 142, 21, 385, 125029, 40487, 0, 0.000, 0, 0, 0.960414, 1.000000, 237760, 0, 0, 1, 1, 0, 970, 4
1777017574, 27, 938, 1135, 1102, 5, 8.04%, 0, 1, 3, 5.50, 16, 142, 21, 385, 125029, 40487, 0, 0.000, 0, 0, 0.960418, 1.000000, 237786, 0, 0, 1, 1, 0, 970, 4
1777017579, 27, 938, 1135, 1102, 5, 8.04%, 0, 1, 3, 5.59, 16, 142, 21, 385, 125029, 40487, 0, 0.000, 0, 0, 0.960422, 1.000000, 237814, 0, 0, 1, 1, 0, 970, 4
1777017585, 27, 938, 1135, 1102, 5, 8.04%, 0, 1, 3, 6.52, 16, 142, 21, 385, 125029, 40487, 0, 0.000, 0, 0, 0.960426, 1.000000, 237840, 0, 0, 1, 1, 0, 970, 4
1777017590, 27, 938, 1135, 1102, 5, 8.04%, 0, 1, 3, 6.28, 16, 142, 21, 385, 125029, 40487, 0, 0.000, 0, 0, 0.960431, 1.000000, 237870, 0, 0, 1, 1, 0, 971, 4
1777017595, 27, 938, 1135, 1102, 5, 8.04%, 0, 1, 3, 5.70, 16, 142, 21, 385, 125029, 40487, 0, 0.000, 0, 0, 0.960435, 1.000000, 237892, 0, 0, 1, 1, 0, 971, 4
1777017600, 27, 938, 1135, 1102, 5, 8.04%, 0, 1, 3, 5.45, 16, 142, 21, 385, 125029, 40487, 0, 0.000, 0, 0, 0.960439, 1.000000, 237920, 0, 0, 1, 1, 0, 971, 4
1777017605, 27, 938, 1135, 1102, 5, 8.04%, 0, 1, 3, 5.42, 16, 142, 21, 385, 125029, 40487, 0, 0.000, 0, 0, 0.960443, 1.000000, 237946, 0, 0, 1, 1, 0, 971, 4
1777017610, 27, 938, 1135, 1102, 5, 8.04%, 0, 1, 3, 5.32, 16, 142, 21, 385, 125029, 40487, 0, 0.000, 0, 0, 0.960448, 1.000000, 237972, 0, 0, 1, 1, 0, 971, 4
1777017616, 27, 938, 1135, 1102, 5, 8.04%, 0, 1, 3, 5.53, 16, 142, 21, 385, 125029, 40487, 0, 0.000, 0, 0, 0.960452, 1.000000, 238002, 0, 0, 1, 1, 0, 971, 4
1777017621, 27, 938, 1135, 1102, 5, 8.04%, 0, 1, 3, 5.38, 16, 142, 21, 385, 125029, 40487, 0, 0.000, 0, 0, 0.960456, 1.000000, 238027, 0, 0, 1, 1, 0, 971, 4
1777017626, 27, 938, 1135, 1102, 5, 8.04%, 0, 1, 3, 5.81, 16, 142, 21, 385, 125029, 40487, 0, 0.000, 0, 0, 0.960461, 1.000000, 238058, 0, 0, 1, 1, 0, 972, 4
1777017631, 27, 938, 1135, 1102, 5, 8.04%, 0, 1, 3, 5.93, 16, 142, 21, 385, 125029, 40487, 0, 0.000, 0, 0, 0.960465, 1.000000, 238080, 0, 0, 1, 1, 0, 972, 4
1777017637, 27, 938, 1135, 1102, 5, 8.04%, 0, 1, 3, 5.83, 16, 142, 21, 385, 125029, 40487, 0, 0.000, 0, 0, 0.960470, 1.000000, 238110, 0, 0, 1, 1, 0, 972, 4
