# unix_time, cycles_done, cur_path, paths_total, pending_total, pending_favs, map_size, unique_crashes, unique_hangs, max_depth, execs_per_sec, n_nodes, n_edges, chat_times
1770230625, 0, 0, 92, 92, 15, 0.78%, 0, 0, 1, 7.18, 17, 57, 0
1770230630, 0, 0, 94, 94, 15, 0.78%, 0, 0, 2, 7.49, 17, 57, 0
1770230635, 0, 0, 95, 95, 15, 0.78%, 0, 0, 2, 7.38, 17, 57, 0
1770230641, 0, 0, 96, 96, 15, 0.78%, 0, 0, 2, 7.38, 17, 59, 0
1770230651, 0, 0, 97, 97, 15, 0.79%, 0, 0, 2, 7.41, 17, 60, 0
1770230687, 0, 0, 98, 98, 15, 0.80%, 0, 0, 2, 7.68, 17, 60, 0
1770230692, 0, 0, 99, 99, 15, 0.80%, 0, 0, 2, 7.76, 17, 60, 0
1770230713, 0, 0, 100, 100, 15, 0.81%, 0, 0, 2, 7.89, 17, 60, 0
1770230738, 0, 0, 101, 101, 15, 0.81%, 0, 0, 2, 8.77, 17, 60, 0
1770230743, 0, 0, 102, 102, 15, 0.81%, 0, 0, 2, 7.39, 17, 61, 0
1770230749, 0, 0, 106, 106, 15, 0.83%, 0, 0, 2, 7.44, 17, 68, 0
1770230754, 0, 0, 110, 110, 15, 0.83%, 0, 0, 2, 7.56, 17, 69, 0
1770230759, 0, 0, 113, 113, 15, 0.83%, 0, 0, 2, 5.61, 18, 71, 0
1770230764, 0, 0, 115, 115, 15, 0.83%, 0, 0, 2, 4.81, 18, 71, 0
1770230769, 0, 0, 118, 118, 15, 0.83%, 0, 0, 2, 6.82, 18, 71, 0
1770230775, 0, 0, 122, 122, 15, 0.83%, 0, 0, 2, 6.37, 18, 74, 0
1770230780, 0, 0, 123, 123, 15, 0.83%, 0, 0, 2, 6.48, 18, 74, 0
1770230785, 0, 0, 127, 127, 15, 0.84%, 0, 0, 2, 7.14, 18, 76, 0
1770230790, 0, 0, 128, 128, 15, 0.84%, 0, 0, 2, 7.20, 18, 76, 0
1770230795, 0, 0, 130, 130, 15, 0.84%, 0, 0, 2, 6.20, 18, 76, 0
1770230800, 0, 0, 133, 133, 15, 0.84%, 0, 0, 2, 7.08, 18, 76, 0
1770230805, 0, 0, 135, 135, 15, 0.84%, 0, 0, 2, 6.12, 18, 80, 0
1770230810, 0, 0, 136, 136, 15, 0.85%, 0, 0, 2, 5.67, 18, 80, 0
1770230815, 0, 0, 139, 139, 15, 0.85%, 0, 0, 2, 6.93, 18, 80, 0
1770230820, 0, 0, 140, 140, 15, 0.85%, 0, 0, 2, 5.85, 18, 81, 0
1770230826, 0, 0, 142, 142, 15, 0.85%, 0, 0, 2, 6.60, 18, 82, 0
1770230831, 0, 0, 144, 144, 15, 0.85%, 0, 0, 2, 7.77, 18, 82, 0
1770230841, 0, 0, 146, 146, 15, 0.85%, 0, 0, 2, 6.65, 18, 83, 0
1770230846, 0, 0, 148, 148, 15, 0.85%, 0, 0, 2, 5.88, 18, 84, 0
1770230851, 0, 0, 150, 150, 15, 0.85%, 0, 0, 2, 5.40, 18, 84, 0
1770230857, 0, 0, 151, 151, 15, 0.85%, 0, 0, 2, 5.70, 18, 85, 0
1770230862, 0, 0, 152, 152, 15, 0.86%, 0, 0, 2, 6.51, 18, 85, 0
1770230867, 0, 0, 154, 154, 15, 0.86%, 0, 0, 2, 6.36, 18, 85, 0
1770230872, 0, 0, 155, 155, 15, 0.86%, 0, 0, 2, 6.92, 18, 85, 0
1770230877, 0, 0, 157, 157, 15, 0.87%, 0, 0, 2, 8.09, 18, 85, 0
1770230882, 0, 0, 159, 159, 15, 0.87%, 0, 0, 2, 5.87, 18, 85, 0
1770230897, 0, 0, 160, 160, 15, 0.87%, 0, 0, 2, 7.30, 18, 85, 0
1770230902, 0, 0, 162, 162, 15, 0.87%, 0, 0, 2, 5.03, 18, 85, 0
1770230908, 0, 0, 165, 165, 15, 0.88%, 0, 0, 2, 5.84, 18, 85, 0
1770230913, 0, 0, 168, 168, 15, 0.89%, 0, 0, 2, 7.86, 18, 85, 0
1770230918, 0, 0, 169, 169, 15, 0.89%, 0, 0, 2, 6.28, 18, 85, 0
1770230923, 0, 0, 171, 171, 15, 0.89%, 0, 0, 2, 4.72, 18, 85, 0
1770230928, 0, 0, 172, 172, 15, 0.89%, 0, 0, 2, 5.42, 18, 85, 0
1770230933, 0, 0, 174, 174, 15, 0.89%, 0, 0, 2, 5.13, 18, 85, 0
1770230938, 0, 0, 175, 175, 15, 0.89%, 0, 0, 2, 4.60, 18, 85, 0
1770230943, 0, 0, 176, 176, 15, 0.89%, 0, 0, 2, 6.27, 18, 85, 0
1770230948, 0, 0, 177, 177, 15, 0.89%, 0, 0, 2, 4.83, 18, 86, 0
1770230964, 0, 0, 178, 178, 15, 0.89%, 0, 0, 2, 6.98, 18, 86, 0
1770230969, 0, 0, 180, 180, 15, 0.89%, 0, 0, 2, 5.59, 19, 89, 0
1770230980, 0, 0, 181, 181, 15, 0.89%, 0, 0, 2, 5.35, 19, 89, 0
1770230985, 0, 0, 182, 182, 15, 0.89%, 0, 0, 2, 5.53, 19, 89, 0
1770230990, 0, 0, 183, 183, 15, 0.89%, 0, 0, 2, 4.95, 19, 89, 0
1770231010, 0, 0, 184, 184, 15, 0.89%, 0, 0, 2, 5.24, 19, 89, 0
1770231021, 0, 0, 185, 185, 15, 0.90%, 0, 0, 2, 7.27, 20, 91, 0
1770231031, 0, 0, 186, 186, 15, 0.90%, 0, 0, 2, 5.49, 20, 91, 0
1770231041, 0, 0, 188, 188, 15, 0.91%, 0, 0, 2, 5.87, 20, 91, 0
1770231047, 0, 0, 190, 190, 15, 0.91%, 0, 0, 2, 5.56, 20, 91, 0
1770231052, 0, 0, 192, 192, 15, 0.91%, 0, 0, 2, 5.62, 20, 91, 0
1770231057, 0, 0, 193, 193, 15, 0.92%, 0, 0, 2, 5.46, 20, 91, 0
1770231062, 0, 0, 194, 194, 15, 0.92%, 0, 0, 2, 6.25, 20, 91, 0
1770231073, 0, 0, 196, 196, 15, 0.92%, 0, 0, 2, 5.02, 20, 91, 0
1770231078, 0, 0, 197, 197, 15, 0.92%, 0, 0, 2, 5.67, 20, 92, 0
1770231093, 0, 0, 198, 198, 15, 0.92%, 0, 0, 2, 5.83, 20, 92, 0
1770231103, 0, 0, 200, 200, 15, 0.93%, 0, 0, 2, 5.81, 20, 92, 0
1770231129, 0, 0, 201, 201, 15, 0.93%, 0, 0, 2, 5.75, 20, 93, 0
1770231134, 0, 0, 202, 202, 15, 0.93%, 0, 0, 2, 5.46, 20, 93, 0
1770231150, 0, 0, 203, 203, 15, 0.93%, 0, 0, 2, 6.07, 20, 93, 0
1770231155, 0, 0, 205, 205, 15, 0.93%, 0, 0, 2, 5.44, 20, 93, 0
1770231165, 0, 0, 206, 206, 15, 0.93%, 0, 0, 2, 5.36, 20, 93, 0
1770231175, 0, 0, 207, 207, 15, 0.93%, 0, 0, 2, 4.25, 20, 93, 0
1770231180, 0, 0, 208, 208, 15, 0.93%, 0, 0, 2, 4.26, 20, 93, 0
1770231186, 0, 0, 209, 209, 15, 0.93%, 0, 0, 2, 4.09, 20, 93, 0
1770231263, 0, 0, 210, 210, 15, 0.94%, 0, 0, 2, 4.14, 20, 93, 0
1770231294, 0, 0, 211, 211, 15, 0.94%, 0, 0, 2, 4.64, 20, 93, 0
1770231304, 0, 0, 214, 214, 15, 0.95%, 0, 0, 2, 4.76, 20, 94, 0
1770231309, 0, 0, 215, 215, 15, 0.95%, 0, 0, 2, 4.28, 20, 94, 0
1770231314, 0, 0, 216, 216, 15, 0.95%, 0, 0, 2, 5.04, 20, 94, 0
1770231325, 0, 0, 217, 217, 15, 0.95%, 0, 0, 2, 4.65, 20, 94, 0
1770231330, 0, 0, 219, 219, 15, 0.95%, 0, 0, 2, 5.89, 20, 96, 0
1770231335, 0, 0, 221, 221, 15, 0.95%, 0, 0, 2, 4.86, 20, 96, 0
1770231340, 0, 0, 222, 222, 15, 0.95%, 0, 0, 2, 5.29, 20, 96, 0
1770231350, 0, 0, 223, 223, 15, 0.95%, 0, 0, 2, 4.92, 20, 96, 0
1770231355, 0, 0, 224, 224, 15, 0.95%, 0, 0, 2, 4.69, 20, 96, 0
1770231360, 0, 0, 225, 225, 15, 0.95%, 0, 0, 2, 6.23, 20, 96, 0
1770231366, 0, 0, 226, 226, 15, 0.95%, 0, 0, 2, 5.66, 20, 96, 0
1770231381, 0, 0, 227, 227, 15, 0.96%, 0, 0, 2, 6.17, 21, 98, 0
1770231386, 0, 0, 228, 228, 15, 0.96%, 0, 0, 2, 5.96, 21, 100, 0
1770231402, 0, 0, 230, 230, 15, 0.97%, 0, 0, 2, 6.03, 21, 103, 0
1770231412, 0, 0, 231, 231, 15, 0.97%, 0, 0, 2, 5.38, 21, 103, 0
1770231433, 0, 0, 232, 232, 15, 0.97%, 0, 0, 2, 6.81, 21, 103, 0
1770231443, 0, 0, 233, 233, 15, 0.97%, 0, 0, 2, 5.52, 21, 103, 0
1770231448, 0, 0, 234, 234, 15, 0.97%, 0, 0, 2, 5.63, 21, 104, 0
1770231459, 0, 92, 235, 234, 0, 0.97%, 0, 0, 3, 6.92, 21, 104, 0
1770231469, 0, 92, 237, 236, 0, 0.97%, 0, 0, 3, 5.39, 21, 105, 0
1770231490, 0, 92, 238, 237, 0, 0.97%, 0, 0, 3, 3.09, 21, 105, 0
1770231500, 0, 92, 239, 238, 0, 0.97%, 0, 0, 3, 3.07, 21, 106, 0
1770231526, 0, 92, 240, 239, 0, 0.97%, 0, 0, 3, 3.45, 21, 106, 0
1770231567, 0, 92, 241, 240, 0, 0.97%, 0, 0, 3, 3.48, 21, 106, 0
1770231583, 0, 92, 242, 241, 0, 0.97%, 0, 0, 3, 3.59, 21, 106, 0
1770231588, 0, 92, 243, 242, 0, 0.97%, 0, 0, 3, 3.43, 21, 107, 0
1770231624, 0, 92, 244, 243, 0, 0.98%, 0, 0, 3, 3.38, 21, 108, 0
1770231655, 0, 92, 245, 244, 0, 0.98%, 0, 0, 3, 4.91, 21, 108, 0
1770231660, 0, 92, 247, 246, 0, 0.99%, 0, 0, 3, 4.51, 21, 109, 0
1770231670, 0, 92, 248, 247, 0, 0.99%, 0, 0, 3, 6.37, 21, 110, 0
1770231680, 0, 92, 249, 248, 0, 0.99%, 0, 0, 3, 5.01, 21, 111, 0
1770231691, 0, 92, 251, 250, 0, 0.99%, 0, 0, 3, 4.81, 21, 111, 0
1770231696, 0, 92, 252, 251, 0, 0.99%, 0, 0, 3, 4.54, 21, 111, 0
1770231712, 0, 92, 253, 252, 0, 0.99%, 0, 0, 3, 5.84, 21, 111, 0
1770231717, 0, 92, 254, 253, 0, 0.99%, 0, 0, 3, 6.65, 21, 111, 0
1770231737, 0, 92, 255, 254, 0, 0.99%, 0, 0, 3, 5.81, 21, 111, 0
1770231758, 0, 92, 256, 255, 0, 0.99%, 0, 0, 3, 5.64, 21, 111, 0
1770231789, 1, 0, 257, 255, 4, 0.99%, 0, 0, 3, 9.20, 21, 111, 0
1770231794, 1, 0, 258, 256, 4, 0.99%, 0, 0, 3, 11.06, 21, 111, 0
1770231810, 1, 0, 259, 257, 4, 0.99%, 0, 0, 3, 4.90, 21, 111, 0
1770231820, 1, 0, 260, 258, 4, 0.99%, 0, 0, 3, 3.26, 21, 111, 0
1770231836, 1, 0, 261, 259, 4, 0.99%, 0, 0, 3, 3.04, 21, 111, 0
1770231846, 1, 0, 263, 261, 4, 0.99%, 0, 0, 3, 3.42, 21, 111, 0
1770231862, 1, 0, 264, 262, 4, 0.99%, 0, 0, 3, 3.20, 21, 111, 0
1770231867, 1, 0, 265, 263, 4, 0.99%, 0, 0, 3, 3.00, 21, 112, 0
1770231903, 1, 0, 266, 264, 4, 0.99%, 0, 0, 3, 3.17, 21, 112, 0
1770231908, 1, 0, 267, 265, 4, 0.99%, 0, 0, 3, 3.07, 21, 112, 0
1770231939, 1, 0, 268, 266, 4, 0.99%, 0, 0, 3, 2.69, 21, 113, 0
1770231966, 1, 0, 269, 267, 4, 0.99%, 0, 0, 3, 2.74, 21, 113, 0
1770231971, 1, 0, 270, 268, 4, 0.99%, 0, 0, 3, 2.54, 21, 113, 0
1770232023, 1, 0, 271, 269, 4, 0.99%, 0, 0, 3, 5.48, 21, 115, 0
1770232033, 1, 0, 272, 270, 4, 0.99%, 0, 0, 3, 4.48, 21, 115, 0
1770232043, 1, 0, 273, 271, 4, 0.99%, 0, 0, 3, 4.18, 21, 115, 0
1770232049, 1, 0, 274, 272, 4, 0.99%, 0, 0, 3, 3.55, 21, 115, 0
1770232054, 1, 0, 275, 273, 4, 0.99%, 0, 0, 3, 3.00, 21, 117, 0
1770232100, 1, 0, 276, 274, 4, 0.99%, 0, 0, 3, 4.15, 21, 117, 0
1770232116, 1, 0, 277, 275, 4, 0.99%, 0, 0, 3, 7.18, 21, 117, 0
1770232121, 1, 0, 278, 276, 4, 1.03%, 0, 0, 3, 5.59, 21, 117, 0
1770232137, 1, 0, 279, 277, 4, 1.03%, 0, 0, 3, 4.49, 21, 117, 0
1770232147, 1, 0, 281, 279, 4, 1.03%, 0, 0, 3, 5.17, 22, 119, 0
1770232162, 1, 0, 282, 280, 4, 1.03%, 0, 0, 3, 5.86, 22, 119, 0
1770232167, 1, 0, 283, 281, 4, 1.03%, 0, 0, 3, 5.46, 22, 119, 0
1770232188, 1, 0, 285, 283, 4, 1.03%, 0, 0, 3, 4.47, 22, 119, 0
1770232239, 1, 0, 286, 284, 4, 1.04%, 0, 0, 3, 5.47, 22, 119, 0
1770232260, 1, 0, 287, 285, 4, 1.04%, 0, 0, 3, 5.81, 22, 119, 0
1770232270, 1, 0, 289, 287, 4, 1.04%, 0, 0, 3, 4.11, 22, 119, 0
1770232286, 1, 0, 290, 288, 4, 1.04%, 0, 0, 3, 3.84, 22, 119, 0
1770232296, 1, 0, 291, 289, 4, 1.04%, 0, 0, 3, 3.28, 22, 119, 0
1770232301, 1, 0, 292, 290, 4, 1.04%, 0, 0, 3, 3.39, 22, 121, 0
1770232327, 1, 0, 293, 291, 4, 1.04%, 0, 0, 3, 3.62, 22, 123, 0
1770232347, 1, 0, 294, 292, 4, 1.04%, 0, 0, 3, 3.70, 22, 124, 0
1770232358, 1, 0, 295, 293, 4, 1.04%, 0, 0, 3, 3.55, 22, 125, 0
1770232363, 1, 0, 296, 294, 4, 1.04%, 0, 0, 3, 3.05, 22, 125, 0
1770232383, 1, 0, 297, 295, 4, 1.04%, 0, 0, 3, 4.03, 22, 125, 0
1770232388, 1, 0, 298, 296, 4, 1.04%, 0, 0, 3, 3.64, 22, 125, 0
1770232393, 1, 0, 299, 297, 4, 1.04%, 0, 0, 3, 3.54, 22, 125, 0
1770232424, 1, 0, 300, 298, 4, 1.04%, 0, 0, 3, 3.50, 22, 126, 0
1770232435, 1, 0, 301, 299, 4, 1.04%, 0, 0, 3, 2.97, 22, 129, 0
1770232450, 1, 0, 302, 300, 4, 1.04%, 0, 0, 3, 3.31, 22, 129, 0
1770232471, 1, 0, 303, 301, 4, 1.04%, 0, 0, 3, 5.20, 22, 129, 0
1770232476, 1, 0, 303, 301, 3, 1.04%, 0, 0, 3, 5.98, 22, 129, 0
1770232481, 1, 0, 304, 302, 3, 1.04%, 0, 0, 3, 6.62, 22, 130, 0
1770232496, 1, 0, 305, 303, 3, 1.04%, 0, 0, 3, 5.07, 22, 130, 0
1770232507, 1, 0, 306, 304, 3, 1.04%, 0, 0, 3, 3.07, 22, 131, 0
1770232527, 1, 0, 307, 305, 3, 1.04%, 0, 0, 3, 3.19, 22, 131, 0
1770232568, 1, 0, 308, 306, 3, 1.04%, 0, 0, 3, 4.16, 22, 131, 0
1770232579, 1, 0, 309, 307, 3, 1.04%, 0, 0, 3, 3.46, 22, 131, 0
1770232584, 1, 0, 310, 308, 3, 1.04%, 0, 0, 3, 3.10, 22, 132, 0
1770232605, 1, 0, 311, 309, 3, 1.04%, 0, 0, 3, 2.81, 22, 133, 0
1770232615, 1, 0, 312, 310, 3, 1.04%, 0, 0, 3, 3.20, 22, 133, 0
1770232636, 1, 0, 313, 311, 3, 1.04%, 0, 0, 3, 3.03, 22, 133, 0
1770232641, 1, 0, 314, 312, 3, 1.04%, 0, 0, 3, 2.77, 22, 135, 0
1770232646, 1, 0, 315, 313, 3, 1.04%, 0, 0, 3, 2.77, 22, 135, 0
1770232651, 1, 0, 317, 315, 3, 1.04%, 0, 0, 3, 2.48, 22, 135, 0
1770232703, 1, 0, 318, 316, 3, 1.05%, 0, 0, 3, 2.95, 22, 136, 0
1770232744, 1, 0, 319, 317, 3, 1.05%, 0, 0, 3, 3.17, 22, 136, 0
1770232755, 1, 0, 320, 318, 3, 1.05%, 0, 0, 3, 3.27, 22, 137, 0
1770232801, 1, 0, 321, 319, 3, 1.05%, 0, 0, 3, 6.35, 22, 137, 0
1770232822, 1, 0, 323, 321, 3, 1.05%, 0, 0, 3, 3.33, 22, 137, 0
1770232837, 1, 0, 324, 322, 3, 1.05%, 0, 0, 3, 2.96, 22, 137, 0
1770232863, 1, 0, 325, 323, 3, 1.05%, 0, 0, 3, 2.69, 22, 137, 0
1770232904, 1, 0, 326, 324, 3, 1.05%, 0, 0, 3, 2.58, 22, 137, 0
1770232982, 1, 0, 327, 325, 3, 1.05%, 0, 0, 3, 2.65, 22, 138, 0
1770233065, 1, 0, 328, 326, 3, 1.05%, 0, 0, 3, 5.06, 22, 138, 0
1770233085, 1, 0, 329, 327, 3, 1.05%, 0, 0, 3, 4.74, 22, 138, 0
1770233101, 1, 0, 331, 329, 3, 1.05%, 0, 0, 3, 3.61, 22, 138, 0
1770233112, 1, 0, 332, 330, 3, 1.05%, 0, 0, 3, 4.28, 22, 138, 0
1770233117, 1, 0, 333, 331, 3, 1.05%, 0, 0, 3, 4.42, 22, 138, 0
1770233122, 1, 0, 334, 332, 3, 1.05%, 0, 0, 3, 3.99, 22, 138, 0
1770233133, 1, 0, 335, 333, 3, 1.05%, 0, 0, 3, 3.67, 22, 138, 0
1770233184, 1, 0, 336, 334, 3, 1.05%, 0, 0, 3, 4.05, 22, 138, 0
1770233261, 1, 0, 337, 335, 3, 1.05%, 0, 0, 3, 4.05, 22, 139, 0
1770233266, 1, 0, 338, 336, 3, 1.05%, 0, 0, 3, 4.59, 22, 139, 0
1770233292, 1, 0, 339, 337, 3, 1.05%, 0, 0, 3, 3.16, 22, 139, 0
1770233302, 1, 0, 339, 337, 2, 1.05%, 0, 0, 3, 4.34, 22, 139, 0
1770233307, 1, 0, 340, 338, 2, 1.05%, 0, 0, 3, 5.74, 22, 140, 0
1770233328, 1, 0, 342, 340, 2, 1.05%, 0, 0, 3, 4.18, 22, 140, 0
1770233379, 1, 0, 342, 340, 1, 1.05%, 0, 0, 3, 5.61, 22, 140, 0
1770233389, 1, 0, 343, 341, 1, 1.05%, 0, 0, 3, 4.14, 22, 141, 0
1770233426, 1, 0, 344, 342, 1, 1.05%, 0, 0, 3, 3.43, 22, 141, 0
1770233431, 1, 0, 345, 343, 1, 1.06%, 0, 0, 3, 3.61, 22, 141, 0
1770233462, 1, 0, 346, 344, 1, 1.06%, 0, 0, 3, 3.47, 22, 141, 0
1770233467, 1, 0, 347, 345, 1, 1.06%, 0, 0, 3, 3.18, 22, 141, 0
1770233499, 1, 25, 347, 345, 0, 1.06%, 0, 0, 3, 6.51, 22, 141, 0
1770233519, 1, 25, 348, 346, 0, 1.06%, 0, 0, 3, 3.86, 22, 141, 0
