1777018815, 24, 782, 1095, 1068, 9, 8.13%, 0, 0, 3, 5.42, 17, 146, 18, 382, 123340, 41749, 0, 0.461, 642, 1117, 0.896743, 1.000000, 246504, 0, 0, 0, 0, 0, 1143, 0
1777018820, 24, 782, 1095, 1068, 9, 8.13%, 0, 0, 3, 5.25, 17, 146, 18, 382, 123340, 41749, 0, 0.461, 642, 1117, 0.896753, 1.000000, 246529, 0, 0, 0, 0, 0, 1143, 0
1777018825, 24, 782, 1095, 1068, 9, 8.13%, 0, 0, 3, 5.35, 17, 146, 18, 382, 123340, 41749, 0, 0.461, 642, 1117, 0.896763, 1.000000, 246557, 0, 0, 0, 0, 0, 1143, 0
1777018830, 24, 782, 1095, 1068, 9, 8.13%, 0, 0, 3, 5.25, 17, 146, 18, 382, 123340, 41749, 0, 0.461, 642, 1117, 0.896772, 1.000000, 246581, 0, 0, 0, 0, 0, 1143, 0
1777018835, 24, 782, 1095, 1068, 9, 8.13%, 0, 0, 3, 5.55, 17, 146, 18, 382, 123340, 41749, 0, 0.461, 642, 1117, 0.896784, 1.000000, 246611, 0, 0, 0, 0, 0, 1144, 0
1777018841, 24, 782, 1095, 1068, 9, 8.13%, 0, 0, 3, 5.14, 17, 146, 18, 382, 123340, 41749, 0, 0.461, 642, 1117, 0.896792, 1.000000, 246633, 0, 0, 0, 0, 0, 1144, 0
1777018846, 24, 782, 1095, 1068, 9, 8.13%, 0, 0, 3, 5.23, 17, 146, 18, 382, 123340, 41749, 0, 0.461, 642, 1117, 0.896802, 1.000000, 246661, 0, 0, 0, 0, 0, 1144, 0
1777018851, 24, 782, 1095, 1068, 9, 8.13%, 0, 0, 3, 5.13, 17, 146, 18, 382, 123340, 41749, 0, 0.461, 642, 1117, 0.896811, 1.000000, 246685, 0, 0, 0, 0, 0, 1144, 0
1777018856, 24, 782, 1095, 1068, 9, 8.13%, 0, 0, 3, 5.29, 17, 146, 18, 382, 123340, 41749, 0, 0.461, 642, 1117, 0.896822, 1.000000, 246713, 0, 0, 0, 0, 0, 1144, 0
1777018861, 24, 782, 1095, 1068, 9, 8.13%, 0, 0, 3, 5.15, 17, 146, 18, 382, 123340, 41749, 0, 0.461, 642, 1117, 0.896831, 1.000000, 246737, 0, 0, 0, 0, 0, 1144, 0
1777018867, 24, 782, 1095, 1068, 9, 8.13%, 0, 0, 3, 1.06, 17, 146, 18, 382, 123340, 41749, 0, 0.461, 642, 1117, 0.896841, 1.000000, 246764, 0, 0, 0, 0, 0, 1144, 0
1777018872, 24, 782, 1095, 1068, 9, 8.13%, 0, 0, 3, 6.28, 17, 146, 18, 382, 123340, 41749, 0, 0.461, 642, 1117, 0.896851, 1.000000, 246791, 0, 0, 0, 0, 0, 1145, 0
1777018877, 24, 782, 1095, 1068, 9, 8.13%, 0, 0, 3, 0.66, 17, 146, 18, 382, 123340, 41749, 0, 0.461, 642, 1117, 0.896860, 1.000000, 246814, 0, 0, 0, 0, 0, 1145, 0
1777018883, 24, 782, 1095, 1068, 9, 8.13%, 0, 0, 3, 4.99, 17, 146, 18, 382, 123340, 41749, 0, 0.461, 642, 1117, 0.896870, 1.000000, 246841, 0, 0, 0, 0, 0, 1145, 0
1777018888, 24, 782, 1095, 1068, 9, 8.13%, 0, 0, 3, 4.93, 17, 146, 18, 382, 123340, 41749, 0, 0.461, 643, 1117, 0.896879, 1.000000, 246866, 0, 0, 0, 0, 0, 1145, 0
1777018893, 24, 782, 1095, 1068, 9, 8.13%, 0, 0, 3, 5.33, 17, 146, 18, 382, 123340, 41749, 0, 0.461, 643, 1117, 0.896890, 1.000000, 246895, 0, 0, 0, 0, 0, 1145, 0
1777018898, 24, 782, 1095, 1068, 9, 8.13%, 0, 0, 3, 5.22, 17, 146, 18, 382, 123340, 41749, 0, 0.461, 643, 1117, 0.896899, 1.000000, 246920, 0, 0, 0, 0, 0, 1145, 0
1777018903, 24, 782, 1095, 1068, 9, 8.13%, 0, 0, 3, 5.16, 17, 146, 18, 382, 123340, 41749, 0, 0.461, 643, 1117, 0.896910, 1.000000, 246947, 0, 0, 0, 0, 0, 1145, 0
1777018909, 24, 782, 1095, 1068, 9, 8.13%, 0, 0, 3, 5.62, 17, 146, 18, 382, 123340, 41749, 0, 0.461, 643, 1117, 0.896919, 1.000000, 246973, 0, 0, 0, 0, 0, 1145, 0
1777018914, 24, 782, 1095, 1068, 9, 8.13%, 0, 0, 3, 5.68, 17, 146, 18, 382, 123340, 41749, 0, 0.461, 643, 1117, 0.896931, 1.000000, 247003, 0, 0, 0, 0, 0, 1146, 0
1777018919, 24, 782, 1095, 1068, 9, 8.13%, 0, 0, 3, 5.23, 17, 146, 18, 382, 123340, 41749, 0, 0.461, 643, 1117, 0.896938, 1.000000, 247023, 0, 0, 0, 0, 0, 1146, 0
1777018924, 24, 782, 1095, 1068, 9, 8.13%, 0, 0, 3, 5.43, 17, 146, 18, 382, 123340, 41749, 0, 0.461, 643, 1117, 0.896948, 1.000000, 247051, 0, 0, 0, 0, 0, 1146, 0
1777018929, 24, 782, 1095, 1068, 9, 8.13%, 0, 0, 3, 5.26, 17, 146, 18, 382, 123340, 41749, 0, 0.461, 643, 1117, 0.896958, 1.000000, 247077, 0, 0, 0, 0, 0, 1146, 0
1777018934, 24, 782, 1095, 1068, 9, 8.13%, 0, 0, 3, 5.35, 17, 146, 18, 382, 123340, 41749, 0, 0.461, 643, 1117, 0.896968, 1.000000, 247104, 0, 0, 0, 0, 0, 1146, 0
1777018939, 24, 782, 1095, 1068, 9, 8.13%, 0, 0, 3, 5.24, 17, 146, 18, 382, 123340, 41749, 0, 0.461, 643, 1117, 0.896978, 1.000000, 247129, 0, 0, 0, 0, 0, 1146, 0
1777018945, 24, 782, 1095, 1068, 9, 8.13%, 0, 0, 3, 5.38, 17, 146, 18, 382, 123340, 41749, 0, 0.461, 643, 1117, 0.896988, 1.000000, 247158, 0, 0, 0, 0, 0, 1146, 0
1777018950, 24, 782, 1095, 1068, 9, 8.13%, 0, 0, 3, 5.35, 17, 146, 18, 382, 123340, 41749, 0, 0.461, 643, 1117, 0.896998, 1.000000, 247183, 0, 0, 0, 0, 0, 1146, 0
1777018955, 24, 782, 1095, 1068, 9, 8.13%, 0, 0, 3, 5.28, 17, 146, 18, 382, 123340, 41749, 0, 0.461, 643, 1117, 0.897008, 1.000000, 247211, 0, 0, 0, 0, 0, 1147, 0
1777018960, 24, 782, 1095, 1068, 9, 8.13%, 0, 0, 3, 4.93, 17, 146, 18, 382, 123340, 41749, 0, 0.461, 643, 1117, 0.897016, 1.000000, 247231, 0, 0, 0, 0, 0, 1147, 0
1777018965, 24, 782, 1095, 1068, 9, 8.13%, 0, 0, 3, 5.27, 17, 146, 18, 382, 123340, 41749, 0, 0.461, 643, 1117, 0.897026, 1.000000, 247259, 0, 0, 0, 0, 0, 1147, 0
1777018971, 24, 782, 1095, 1068, 9, 8.13%, 0, 0, 3, 5.19, 17, 146, 18, 382, 123340, 41749, 0, 0.461, 643, 1117, 0.897035, 1.000000, 247283, 0, 0, 0, 0, 0, 1147, 0
1777018976, 24, 782, 1095, 1068, 9, 8.13%, 0, 0, 3, 5.35, 17, 146, 18, 382, 123340, 41749, 0, 0.461, 643, 1117, 0.897046, 1.000000, 247311, 0, 0, 0, 0, 0, 1147, 0
1777018981, 24, 782, 1095, 1068, 9, 8.13%, 0, 0, 3, 5.23, 17, 146, 18, 382, 123340, 41749, 0, 0.461, 643, 1117, 0.897055, 1.000000, 247337, 0, 0, 0, 0, 0, 1147, 0
1777018987, 24, 782, 1096, 1069, 9, 8.13%, 0, 0, 3, 0.98, 17, 146, 18, 382, 123340, 41749, 0, 0.461, 643, 1118, 0.897062, 1.000000, 247356, 0, 0, 0, 0, 0, 1147, 0
1777018992, 24, 782, 1096, 1069, 9, 8.13%, 0, 0, 3, 3.87, 17, 146, 18, 382, 123340, 41749, 0, 0.461, 643, 1118, 0.897073, 1.000000, 247383, 0, 0, 0, 0, 0, 1147, 0
1777018997, 24, 782, 1096, 1069, 9, 8.13%, 0, 0, 3, 0.65, 17, 146, 18, 382, 123340, 41749, 0, 0.461, 643, 1118, 0.897081, 1.000000, 247406, 0, 0, 0, 0, 0, 1147, 0
1777019002, 24, 782, 1096, 1069, 9, 8.13%, 0, 0, 3, 5.06, 17, 146, 18, 382, 123340, 41749, 0, 0.461, 643, 1118, 0.897091, 1.000000, 247433, 0, 0, 0, 0, 0, 1147, 0
1777019008, 24, 782, 1096, 1069, 9, 8.13%, 0, 0, 3, 5.03, 17, 146, 18, 382, 123340, 41749, 0, 0.461, 643, 1118, 0.897101, 1.000000, 247458, 0, 0, 0, 0, 0, 1147, 0
1777019013, 24, 782, 1096, 1069, 9, 8.13%, 0, 0, 3, 5.43, 17, 146, 18, 382, 123340, 41749, 0, 0.461, 643, 1118, 0.897111, 1.000000, 247487, 0, 0, 0, 0, 0, 1147, 0
1777019018, 24, 782, 1096, 1069, 9, 8.13%, 0, 0, 3, 5.45, 17, 146, 18, 382, 123340, 41749, 0, 0.461, 643, 1118, 0.897121, 1.000000, 247513, 0, 0, 0, 0, 0, 1147, 0
1777019023, 24, 782, 1096, 1069, 9, 8.13%, 0, 0, 3, 5.55, 17, 146, 18, 382, 123340, 41749, 0, 0.461, 643, 1118, 0.897131, 1.000000, 247541, 0, 0, 0, 0, 0, 1147, 0
1777019028, 24, 782, 1096, 1069, 9, 8.13%, 0, 0, 3, 2.31, 17, 146, 18, 382, 123340, 41749, 0, 0.461, 643, 1118, 0.897140, 1.000000, 247565, 0, 0, 0, 0, 0, 1148, 0
1777019033, 24, 782, 1096, 1069, 9, 8.13%, 0, 0, 3, 4.29, 17, 146, 18, 382, 123340, 41749, 0, 0.461, 643, 1118, 0.897151, 1.000000, 247593, 0, 0, 0, 0, 0, 1148, 0
1777019038, 24, 782, 1096, 1069, 9, 8.13%, 0, 0, 3, 5.47, 17, 146, 18, 382, 123340, 41749, 0, 0.461, 643, 1118, 0.897158, 1.000000, 247613, 0, 0, 0, 0, 0, 1148, 0
1777019043, 24, 782, 1096, 1069, 9, 8.13%, 0, 0, 3, 5.50, 17, 146, 18, 382, 123340, 41749, 0, 0.461, 643, 1118, 0.897169, 1.000000, 247641, 0, 0, 0, 0, 0, 1148, 0
1777019049, 24, 782, 1096, 1069, 9, 8.13%, 0, 0, 3, 5.42, 17, 146, 18, 382, 123340, 41749, 0, 0.461, 643, 1118, 0.897178, 1.000000, 247667, 0, 0, 0, 0, 0, 1148, 0
1777019054, 24, 782, 1096, 1069, 9, 8.13%, 0, 0, 3, 5.56, 17, 146, 18, 382, 123340, 41749, 0, 0.461, 643, 1118, 0.897189, 1.000000, 247695, 0, 0, 0, 0, 0, 1148, 0
1777019059, 24, 782, 1096, 1069, 9, 8.13%, 0, 0, 3, 5.45, 17, 146, 18, 382, 123340, 41749, 0, 0.461, 643, 1118, 0.897199, 1.000000, 247721, 0, 0, 0, 0, 0, 1148, 0
1777019064, 24, 782, 1096, 1069, 9, 8.13%, 0, 0, 3, 5.45, 17, 146, 18, 382, 123340, 41749, 0, 0.461, 643, 1118, 0.897209, 1.000000, 247749, 0, 0, 0, 0, 0, 1149, 0
1777019069, 24, 782, 1096, 1069, 9, 8.13%, 0, 0, 3, 5.72, 17, 146, 18, 382, 123340, 41749, 0, 0.461, 643, 1118, 0.897218, 1.000000, 247773, 0, 0, 0, 0, 0, 1149, 0
1777019074, 24, 782, 1096, 1069, 9, 8.13%, 0, 0, 3, 5.56, 17, 146, 18, 382, 123340, 41749, 0, 0.461, 643, 1118, 0.897228, 1.000000, 247801, 0, 0, 0, 0, 0, 1149, 0
1777019079, 24, 782, 1096, 1069, 9, 8.13%, 0, 0, 3, 4.91, 17, 146, 18, 382, 123340, 41749, 0, 0.461, 643, 1118, 0.897236, 1.000000, 247821, 0, 0, 0, 0, 0, 1149, 0
1777019084, 24, 782, 1096, 1069, 9, 8.13%, 0, 0, 3, 5.06, 17, 146, 18, 382, 123340, 41749, 0, 0.461, 643, 1118, 0.897245, 1.000000, 247847, 0, 0, 0, 0, 0, 1149, 0
1777019090, 24, 782, 1096, 1069, 9, 8.13%, 0, 0, 3, 5.27, 17, 146, 18, 382, 123340, 41749, 0, 0.461, 643, 1118, 0.897255, 1.000000, 247873, 0, 0, 0, 0, 0, 1149, 0
1777019095, 24, 782, 1096, 1069, 9, 8.13%, 0, 0, 3, 5.60, 17, 146, 18, 382, 123340, 41749, 0, 0.461, 643, 1118, 0.897266, 1.000000, 247903, 0, 0, 0, 0, 0, 1149, 0
1777019100, 24, 782, 1096, 1069, 9, 8.13%, 0, 0, 3, 5.32, 17, 146, 18, 382, 123340, 41749, 0, 0.461, 643, 1118, 0.897276, 1.000000, 247929, 0, 0, 0, 0, 0, 1149, 0
1777019106, 24, 782, 1096, 1069, 9, 8.13%, 0, 0, 3, 1.00, 17, 146, 18, 382, 123340, 41749, 0, 0.461, 643, 1118, 0.897286, 1.000000, 247956, 0, 0, 0, 0, 0, 1150, 0
1777019111, 24, 782, 1096, 1069, 9, 8.13%, 0, 0, 3, 5.99, 17, 146, 18, 382, 123340, 41749, 0, 0.461, 643, 1118, 0.897296, 1.000000, 247983, 0, 0, 0, 0, 0, 1150, 0
1777019117, 24, 782, 1096, 1069, 9, 8.13%, 0, 0, 3, 0.67, 17, 146, 18, 382, 123340, 41749, 0, 0.461, 643, 1118, 0.897305, 1.000000, 248006, 0, 0, 0, 0, 0, 1150, 0
1777019122, 24, 782, 1096, 1069, 9, 8.13%, 0, 0, 3, 6.10, 17, 146, 18, 382, 123340, 41749, 0, 0.461, 643, 1118, 0.897316, 1.000000, 248037, 0, 0, 0, 0, 0, 1150, 0
1777019127, 24, 782, 1096, 1069, 9, 8.13%, 0, 0, 3, 5.28, 17, 146, 18, 382, 123340, 41749, 0, 0.461, 643, 1118, 0.897325, 1.000000, 248061, 0, 0, 0, 0, 0, 1150, 0
1777019132, 24, 782, 1096, 1069, 9, 8.13%, 0, 0, 3, 5.32, 17, 146, 18, 382, 123340, 41749, 0, 0.461, 643, 1118, 0.897335, 1.000000, 248089, 0, 0, 0, 0, 0, 1150, 0
1777019138, 24, 782, 1096, 1069, 9, 8.13%, 0, 0, 3, 5.14, 17, 146, 18, 382, 123340, 41749, 0, 0.461, 643, 1118, 0.897345, 1.000000, 248115, 0, 0, 0, 0, 0, 1150, 0
1777019143, 24, 782, 1096, 1069, 9, 8.13%, 0, 0, 3, 5.61, 17, 146, 18, 382, 123340, 41749, 0, 0.461, 643, 1118, 0.897356, 1.000000, 248145, 0, 0, 0, 0, 0, 1150, 0
1777019148, 24, 782, 1096, 1069, 9, 8.13%, 0, 0, 3, 2.97, 17, 146, 18, 382, 123340, 41749, 0, 0.461, 643, 1118, 0.897366, 1.000000, 248171, 0, 0, 0, 0, 0, 1151, 0
1777019154, 24, 782, 1096, 1069, 9, 8.13%, 0, 0, 3, 4.46, 17, 146, 18, 382, 123340, 41749, 0, 0.461, 643, 1118, 0.897376, 1.000000, 248199, 0, 0, 0, 0, 0, 1151, 0
1777019159, 24, 782, 1096, 1069, 9, 8.13%, 0, 0, 3, 5.39, 17, 146, 18, 382, 123340, 41749, 0, 0.461, 643, 1118, 0.897384, 1.000000, 248219, 0, 0, 0, 0, 0, 1151, 0
1777019164, 24, 782, 1096, 1069, 9, 8.13%, 0, 0, 3, 5.39, 17, 146, 18, 382, 123340, 41749, 0, 0.461, 643, 1118, 0.897394, 1.000000, 248247, 0, 0, 0, 0, 0, 1151, 0
1777019169, 24, 782, 1096, 1069, 9, 8.13%, 0, 0, 3, 5.37, 17, 146, 18, 382, 123340, 41749, 0, 0.461, 643, 1118, 0.897404, 1.000000, 248273, 0, 0, 0, 0, 0, 1151, 0
1777019175, 24, 782, 1096, 1069, 9, 8.13%, 0, 0, 3, 5.54, 17, 146, 18, 382, 123340, 41749, 0, 0.461, 643, 1118, 0.897415, 1.000000, 248303, 0, 0, 0, 0, 0, 1151, 0
1777019180, 24, 782, 1096, 1069, 9, 8.13%, 0, 0, 3, 5.44, 17, 146, 18, 382, 123340, 41749, 0, 0.461, 643, 1118, 0.897424, 1.000000, 248329, 0, 0, 0, 0, 0, 1151, 0
1777019186, 24, 782, 1096, 1069, 9, 8.13%, 0, 0, 3, 0.98, 17, 146, 18, 382, 123340, 41749, 0, 0.461, 643, 1119, 0.897434, 1.000000, 248356, 0, 0, 0, 0, 0, 1152, 0
1777019191, 24, 782, 1096, 1069, 9, 8.13%, 0, 0, 3, 5.64, 17, 146, 18, 382, 123340, 41749, 0, 0.461, 643, 1119, 0.897444, 1.000000, 248383, 0, 0, 0, 0, 0, 1152, 0
1777019196, 24, 782, 1096, 1069, 9, 8.13%, 0, 0, 3, 0.66, 17, 146, 18, 382, 123340, 41749, 0, 0.461, 643, 1119, 0.897453, 1.000000, 248406, 0, 0, 0, 0, 0, 1152, 0
1777019201, 24, 782, 1096, 1069, 9, 8.13%, 0, 0, 3, 6.02, 17, 146, 18, 382, 123340, 41749, 0, 0.461, 643, 1119, 0.897464, 1.000000, 248435, 0, 0, 0, 0, 0, 1152, 0
1777019207, 24, 782, 1096, 1069, 9, 8.13%, 0, 0, 3, 5.45, 17, 146, 18, 382, 123340, 41749, 0, 0.461, 643, 1119, 0.897473, 1.000000, 248461, 0, 0, 0, 0, 0, 1152, 0
1777019212, 24, 782, 1096, 1069, 9, 8.13%, 0, 0, 3, 5.64, 17, 146, 18, 382, 123340, 41749, 0, 0.461, 643, 1119, 0.897484, 1.000000, 248490, 0, 0, 0, 0, 0, 1152, 0
1777019217, 24, 782, 1096, 1069, 9, 8.13%, 0, 0, 3, 5.42, 17, 146, 18, 382, 123340, 41749, 0, 0.461, 643, 1119, 0.897494, 1.000000, 248516, 0, 0, 0, 0, 0, 1152, 0
1777019222, 24, 782, 1096, 1069, 9, 8.13%, 0, 0, 3, 5.39, 17, 146, 18, 382, 123340, 41749, 0, 0.461, 643, 1119, 0.897504, 1.000000, 248543, 0, 0, 0, 0, 0, 1152, 0
1777019227, 24, 782, 1096, 1069, 9, 8.13%, 0, 0, 3, 2.87, 17, 146, 18, 382, 123340, 41749, 0, 0.461, 643, 1119, 0.897513, 1.000000, 248569, 0, 0, 0, 0, 0, 1153, 0
1777019232, 24, 782, 1096, 1069, 9, 8.13%, 0, 0, 3, 4.54, 17, 146, 18, 382, 123340, 41749, 0, 0.461, 643, 1119, 0.897524, 1.000000, 248597, 0, 0, 0, 0, 0, 1153, 0
1777019238, 24, 782, 1096, 1069, 9, 8.13%, 0, 0, 3, 4.83, 17, 146, 18, 382, 123340, 41749, 0, 0.461, 643, 1119, 0.897532, 1.000000, 248619, 0, 0, 0, 0, 0, 1153, 0
1777019243, 24, 782, 1096, 1069, 9, 8.13%, 0, 0, 3, 5.26, 17, 146, 18, 382, 123340, 41749, 0, 0.461, 643, 1119, 0.897542, 1.000000, 248647, 0, 0, 0, 0, 0, 1153, 0
1777019248, 24, 782, 1096, 1069, 9, 8.13%, 0, 0, 3, 5.18, 17, 146, 18, 382, 123340, 41749, 0, 0.461, 643, 1119, 0.897551, 1.000000, 248671, 0, 0, 0, 0, 0, 1153, 0
1777019253, 24, 782, 1096, 1069, 9, 8.13%, 0, 0, 3, 5.41, 17, 146, 18, 382, 123340, 41749, 0, 0.461, 643, 1119, 0.897561, 1.000000, 248699, 0, 0, 0, 0, 0, 1153, 0
1777019258, 24, 782, 1096, 1069, 9, 8.13%, 0, 0, 3, 5.22, 17, 146, 18, 382, 123340, 41749, 0, 0.461, 643, 1119, 0.897571, 1.000000, 248724, 0, 0, 0, 0, 0, 1153, 0
1777019263, 24, 782, 1096, 1069, 9, 8.13%, 0, 0, 3, 5.51, 17, 146, 18, 382, 123340, 41749, 0, 0.461, 643, 1119, 0.897581, 1.000000, 248753, 0, 0, 0, 0, 0, 1154, 0
1777019268, 24, 782, 1096, 1069, 9, 8.13%, 0, 0, 3, 3.37, 17, 146, 18, 382, 123340, 41749, 0, 0.461, 643, 1119, 0.897590, 1.000000, 248776, 0, 0, 0, 0, 0, 1154, 0
1777019273, 24, 782, 1096, 1069, 9, 8.13%, 0, 0, 3, 4.62, 17, 146, 18, 382, 123340, 41749, 0, 0.461, 643, 1119, 0.897600, 1.000000, 248803, 0, 0, 0, 0, 0, 1154, 0
1777019278, 24, 782, 1096, 1069, 9, 8.13%, 0, 0, 3, 5.42, 17, 146, 18, 382, 123340, 41749, 0, 0.461, 643, 1119, 0.897607, 1.000000, 248823, 0, 0, 0, 0, 0, 1154, 0
1777019284, 24, 782, 1096, 1069, 9, 8.13%, 0, 0, 3, 5.29, 17, 146, 18, 382, 123340, 41749, 0, 0.461, 643, 1119, 0.897618, 1.000000, 248851, 0, 0, 0, 0, 0, 1154, 0
1777019289, 24, 782, 1096, 1069, 9, 8.13%, 0, 0, 3, 5.16, 17, 146, 18, 382, 123340, 41749, 0, 0.461, 653, 1135, 0.897626, 1.000000, 248875, 0, 0, 0, 0, 0, 1154, 0
1777019294, 24, 782, 1096, 1069, 9, 8.13%, 0, 0, 3, 5.28, 17, 146, 18, 382, 123340, 41749, 0, 0.461, 653, 1135, 0.897636, 1.000000, 248902, 0, 0, 0, 0, 0, 1154, 0
1777019299, 24, 782, 1096, 1069, 9, 8.13%, 0, 0, 3, 5.18, 17, 146, 18, 382, 123340, 41749, 0, 0.461, 653, 1135, 0.897646, 1.000000, 248927, 0, 0, 0, 0, 0, 1154, 0
1777019304, 24, 782, 1096, 1069, 9, 8.13%, 0, 0, 3, 5.21, 17, 146, 18, 382, 123340, 41749, 0, 0.461, 653, 1135, 0.897656, 1.000000, 248955, 0, 0, 0, 0, 0, 1155, 0
1777019310, 24, 782, 1096, 1069, 9, 8.13%, 0, 0, 3, 5.18, 17, 146, 18, 382, 123340, 41749, 0, 0.461, 653, 1135, 0.897665, 1.000000, 248979, 0, 0, 0, 0, 0, 1155, 0
1777019316, 24, 782, 1096, 1069, 9, 8.13%, 0, 0, 3, 4.92, 17, 146, 18, 382, 123340, 41749, 0, 0.461, 653, 1135, 0.897675, 1.000000, 249006, 0, 0, 0, 0, 0, 1155, 0
1777019321, 24, 782, 1096, 1069, 9, 8.13%, 0, 0, 3, 5.13, 17, 146, 18, 382, 123340, 41749, 0, 0.461, 653, 1135, 0.897685, 1.000000, 249033, 0, 0, 0, 0, 0, 1155, 0
1777019326, 24, 782, 1096, 1069, 9, 8.13%, 0, 0, 3, 4.93, 17, 146, 18, 382, 123340, 41749, 0, 0.461, 653, 1135, 0.897693, 1.000000, 249056, 0, 0, 0, 0, 0, 1155, 0
1777019332, 24, 782, 1096, 1069, 9, 8.13%, 0, 0, 3, 5.24, 17, 146, 18, 382, 123340, 41749, 0, 0.461, 653, 1135, 0.897704, 1.000000, 249085, 0, 0, 0, 0, 0, 1155, 0
1777019337, 24, 782, 1096, 1069, 9, 8.13%, 0, 0, 3, 5.05, 17, 146, 18, 382, 123340, 41749, 0, 0.461, 653, 1135, 0.897713, 1.000000, 249109, 0, 0, 0, 0, 0, 1155, 0
1777019342, 24, 782, 1096, 1069, 9, 8.13%, 0, 0, 3, 5.21, 17, 146, 18, 382, 123340, 41749, 0, 0.461, 653, 1135, 0.897723, 1.000000, 249137, 0, 0, 0, 0, 0, 1155, 0
1777019347, 24, 782, 1096, 1069, 9, 8.13%, 0, 0, 3, 1.72, 17, 146, 18, 382, 123340, 41749, 0, 0.461, 653, 1135, 0.897732, 1.000000, 249161, 0, 0, 0, 0, 0, 1156, 0
1777019352, 24, 782, 1096, 1069, 9, 8.13%, 0, 0, 3, 3.86, 17, 146, 18, 382, 123340, 41749, 0, 0.461, 653, 1135, 0.897742, 1.000000, 249189, 0, 0, 0, 0, 0, 1156, 0
1777019358, 24, 782, 1096, 1069, 9, 8.13%, 0, 0, 3, 5.25, 17, 146, 18, 382, 123340, 41749, 0, 0.461, 653, 1135, 0.897750, 1.000000, 249210, 0, 0, 0, 0, 0, 1156, 0
1777019363, 24, 782, 1096, 1069, 9, 8.13%, 0, 0, 3, 5.17, 17, 146, 18, 382, 123340, 41749, 0, 0.461, 653, 1135, 0.897760, 1.000000, 249237, 0, 0, 0, 0, 0, 1156, 0
1777019368, 24, 782, 1096, 1069, 9, 8.13%, 0, 0, 3, 4.95, 17, 146, 18, 382, 123340, 41749, 0, 0.461, 653, 1135, 0.897769, 1.000000, 249261, 0, 0, 0, 0, 0, 1156, 0
1777019373, 24, 782, 1096, 1069, 9, 8.13%, 0, 0, 3, 5.22, 17, 146, 18, 382, 123340, 41749, 0, 0.461, 653, 1135, 0.897779, 1.000000, 249289, 0, 0, 0, 0, 0, 1156, 0
1777019379, 24, 782, 1096, 1069, 9, 8.13%, 0, 0, 3, 4.90, 17, 146, 18, 382, 123340, 41749, 0, 0.461, 653, 1135, 0.897788, 1.000000, 249313, 0, 0, 0, 0, 0, 1156, 0
1777019384, 24, 782, 1096, 1069, 9, 8.13%, 0, 0, 3, 5.10, 17, 146, 18, 382, 123340, 41749, 0, 0.461, 653, 1135, 0.897798, 1.000000, 249341, 0, 0, 0, 0, 0, 1156, 0
1777019389, 24, 782, 1096, 1069, 9, 8.13%, 0, 0, 3, 5.37, 17, 146, 18, 382, 123340, 41749, 0, 0.461, 656, 1141, 0.897806, 1.000000, 249363, 0, 0, 0, 0, 0, 1157, 0
1777019394, 24, 782, 1096, 1069, 9, 8.13%, 0, 0, 3, 5.36, 17, 146, 18, 382, 123340, 41749, 0, 0.461, 656, 1141, 0.897816, 1.000000, 249390, 0, 0, 0, 0, 0, 1157, 0
1777019399, 24, 782, 1096, 1069, 9, 8.13%, 0, 0, 3, 5.84, 17, 146, 18, 382, 123340, 41749, 0, 0.461, 656, 1141, 0.897824, 1.000000, 249411, 0, 0, 0, 0, 0, 1157, 0
1777019404, 24, 782, 1096, 1069, 9, 8.13%, 0, 0, 3, 5.54, 17, 146, 18, 382, 123340, 41749, 0, 0.461, 656, 1141, 0.897834, 1.000000, 249439, 0, 0, 0, 0, 0, 1157, 0
1777019409, 24, 782, 1096, 1069, 9, 8.13%, 0, 0, 3, 5.12, 17, 146, 18, 382, 123340, 41749, 0, 0.461, 656, 1141, 0.897843, 1.000000, 249463, 0, 0, 0, 0, 0, 1157, 0
1777019415, 24, 782, 1096, 1069, 9, 8.13%, 0, 0, 3, 5.31, 17, 146, 18, 382, 123340, 41749, 0, 0.461, 656, 1141, 0.897853, 1.000000, 249491, 0, 0, 0, 0, 0, 1157, 0
1777019420, 24, 782, 1096, 1069, 9, 8.13%, 0, 0, 3, 5.18, 17, 146, 18, 382, 123340, 41749, 0, 0.461, 656, 1141, 0.897863, 1.000000, 249516, 0, 0, 0, 0, 0, 1157, 0
1777019425, 24, 782, 1096, 1069, 9, 8.13%, 0, 0, 3, 5.32, 17, 146, 18, 382, 123340, 41749, 0, 0.461, 656, 1141, 0.897873, 1.000000, 249545, 0, 0, 0, 0, 0, 1157, 0
1777019430, 24, 782, 1096, 1069, 9, 8.13%, 0, 0, 3, 5.46, 17, 146, 18, 382, 123340, 41749, 0, 0.461, 656, 1141, 0.897882, 1.000000, 249569, 0, 0, 0, 0, 0, 1158, 0
1777019436, 24, 782, 1096, 1069, 9, 8.13%, 0, 0, 3, 5.44, 17, 146, 18, 382, 123340, 41749, 0, 0.461, 656, 1141, 0.897892, 1.000000, 249596, 0, 0, 0, 0, 0, 1158, 0
1777019441, 24, 782, 1096, 1069, 9, 8.13%, 0, 0, 3, 4.77, 17, 146, 18, 382, 123340, 41749, 0, 0.461, 656, 1141, 0.897899, 1.000000, 249616, 0, 0, 0, 0, 0, 1158, 0
1777019446, 24, 782, 1096, 1069, 9, 8.13%, 0, 0, 3, 5.10, 17, 146, 18, 382, 123340, 41749, 0, 0.461, 656, 1141, 0.897909, 1.000000, 249643, 0, 0, 0, 0, 0, 1158, 0
1777019451, 24, 782, 1096, 1069, 9, 8.13%, 0, 0, 3, 5.00, 17, 146, 18, 382, 123340, 41749, 0, 0.461, 656, 1141, 0.897918, 1.000000, 249666, 0, 0, 0, 0, 0, 1158, 0
1777019456, 24, 782, 1096, 1069, 9, 8.13%, 0, 0, 3, 5.00, 17, 146, 18, 382, 123340, 41749, 0, 0.461, 656, 1141, 0.897928, 1.000000, 249693, 0, 0, 0, 0, 0, 1158, 0
1777019461, 24, 782, 1096, 1069, 9, 8.13%, 0, 0, 3, 5.10, 17, 146, 18, 382, 123340, 41749, 0, 0.461, 656, 1141, 0.897937, 1.000000, 249719, 0, 0, 0, 0, 0, 1158, 0
1777019467, 24, 782, 1096, 1069, 9, 8.13%, 0, 0, 3, 5.27, 17, 146, 18, 382, 123340, 41749, 0, 0.461, 656, 1141, 0.897947, 1.000000, 249747, 0, 0, 0, 0, 0, 1158, 0
1777019472, 24, 782, 1096, 1069, 9, 8.13%, 0, 0, 3, 5.56, 17, 146, 18, 382, 123340, 41749, 0, 0.461, 656, 1141, 0.897956, 1.000000, 249771, 0, 0, 0, 0, 0, 1159, 0
1777019477, 24, 782, 1096, 1069, 9, 8.13%, 0, 0, 3, 5.33, 17, 146, 18, 382, 123340, 41749, 0, 0.461, 656, 1141, 0.897966, 1.000000, 249798, 0, 0, 0, 0, 0, 1159, 0
1777019482, 24, 782, 1096, 1069, 9, 8.13%, 0, 0, 3, 5.04, 17, 146, 18, 382, 123340, 41749, 0, 0.461, 656, 1141, 0.897974, 1.000000, 249819, 0, 0, 0, 0, 0, 1159, 0
1777019488, 24, 782, 1096, 1069, 9, 8.13%, 0, 0, 3, 5.16, 17, 146, 18, 382, 123340, 41749, 0, 0.461, 656, 1141, 0.897984, 1.000000, 249847, 0, 0, 0, 0, 0, 1159, 0
1777019493, 24, 782, 1096, 1069, 9, 8.13%, 0, 0, 3, 4.99, 17, 146, 18, 382, 123340, 41749, 0, 0.461, 664, 1155, 0.897993, 1.000000, 249871, 0, 0, 0, 0, 0, 1159, 0
1777019498, 24, 782, 1096, 1069, 9, 8.13%, 0, 0, 3, 5.15, 17, 146, 18, 382, 123340, 41749, 0, 0.461, 664, 1155, 0.898003, 1.000000, 249899, 0, 0, 0, 0, 0, 1159, 0
1777019503, 24, 782, 1096, 1069, 9, 8.13%, 0, 0, 3, 5.12, 17, 146, 18, 382, 123340, 41749, 0, 0.461, 664, 1155, 0.898012, 1.000000, 249923, 0, 0, 0, 0, 0, 1159, 0
1777019508, 24, 782, 1096, 1069, 9, 8.13%, 0, 0, 3, 5.43, 17, 146, 18, 382, 123340, 41749, 0, 0.461, 664, 1155, 0.898022, 1.000000, 249951, 0, 0, 0, 0, 0, 1160, 0
1777019514, 24, 782, 1096, 1069, 9, 8.13%, 0, 0, 3, 5.27, 17, 146, 18, 382, 123340, 41749, 0, 0.461, 664, 1155, 0.898031, 1.000000, 249975, 0, 0, 0, 0, 0, 1160, 0
1777019519, 24, 782, 1096, 1069, 9, 8.13%, 0, 0, 3, 5.32, 17, 146, 18, 382, 123340, 41749, 0, 0.461, 664, 1155, 0.898041, 1.000000, 250003, 0, 0, 0, 0, 0, 1160, 0
1777019524, 24, 782, 1096, 1069, 9, 8.13%, 0, 0, 3, 5.48, 17, 146, 18, 382, 123340, 41749, 0, 0.461, 664, 1155, 0.898049, 1.000000, 250023, 0, 0, 0, 0, 0, 1160, 0
1777019529, 24, 782, 1096, 1069, 9, 8.13%, 0, 0, 3, 5.52, 17, 146, 18, 382, 123340, 41749, 0, 0.461, 664, 1155, 0.898059, 1.000000, 250051, 0, 0, 0, 0, 0, 1160, 0
1777019534, 24, 782, 1096, 1069, 9, 8.13%, 0, 0, 3, 5.23, 17, 146, 18, 382, 123340, 41749, 0, 0.461, 664, 1155, 0.898068, 1.000000, 250075, 0, 0, 0, 0, 0, 1160, 0
1777019539, 24, 782, 1096, 1069, 9, 8.13%, 0, 0, 3, 5.25, 17, 146, 18, 382, 123340, 41749, 0, 0.461, 664, 1155, 0.898078, 1.000000, 250103, 0, 0, 0, 0, 0, 1160, 0
1777019544, 24, 782, 1096, 1069, 9, 8.13%, 0, 0, 3, 5.10, 17, 146, 18, 382, 123340, 41749, 0, 0.461, 664, 1155, 0.898087, 1.000000, 250127, 0, 0, 0, 0, 0, 1160, 0
1777019550, 24, 782, 1096, 1069, 9, 8.13%, 0, 0, 3, 5.21, 17, 146, 18, 382, 123340, 41749, 0, 0.461, 664, 1155, 0.898096, 1.000000, 250154, 0, 0, 0, 0, 0, 1161, 0
1777019555, 24, 782, 1096, 1069, 9, 8.13%, 0, 0, 3, 5.14, 17, 146, 18, 382, 123340, 41749, 0, 0.461, 664, 1155, 0.898105, 1.000000, 250177, 0, 0, 0, 0, 0, 1161, 0
1777019560, 24, 782, 1096, 1069, 9, 8.13%, 0, 0, 3, 5.27, 17, 146, 18, 382, 123340, 41749, 0, 0.461, 664, 1155, 0.898115, 1.000000, 250205, 0, 0, 0, 0, 0, 1161, 0
1777019565, 24, 782, 1096, 1069, 9, 8.13%, 0, 0, 3, 4.84, 17, 146, 18, 382, 123340, 41749, 0, 0.461, 664, 1155, 0.898122, 1.000000, 250225, 0, 0, 0, 0, 0, 1161, 0
1777019570, 24, 782, 1096, 1069, 9, 8.13%, 0, 0, 3, 5.17, 17, 146, 18, 382, 123340, 41749, 0, 0.461, 664, 1155, 0.898133, 1.000000, 250253, 0, 0, 0, 0, 0, 1161, 0
1777019576, 24, 782, 1096, 1069, 9, 8.13%, 0, 0, 3, 5.20, 17, 146, 18, 382, 123340, 41749, 0, 0.461, 664, 1155, 0.898142, 1.000000, 250278, 0, 0, 0, 0, 0, 1161, 0
1777019581, 24, 782, 1096, 1069, 9, 8.13%, 0, 0, 3, 5.18, 17, 146, 18, 382, 123340, 41749, 0, 0.461, 664, 1155, 0.898152, 1.000000, 250305, 0, 0, 0, 0, 0, 1161, 0
1777019586, 24, 782, 1096, 1069, 9, 8.13%, 0, 0, 3, 5.19, 17, 146, 18, 382, 123340, 41749, 0, 0.461, 664, 1155, 0.898161, 1.000000, 250331, 0, 0, 0, 0, 0, 1161, 0
1777019591, 24, 782, 1096, 1069, 9, 8.13%, 0, 0, 3, 4.95, 17, 146, 18, 382, 123340, 41749, 0, 0.461, 666, 1159, 0.898170, 1.000000, 250356, 0, 0, 0, 0, 0, 1162, 0
1777019597, 24, 782, 1096, 1069, 9, 8.13%, 0, 0, 3, 5.12, 17, 146, 18, 382, 123340, 41749, 0, 0.461, 666, 1159, 0.898180, 1.000000, 250383, 0, 0, 0, 0, 0, 1162, 0
1777019602, 24, 782, 1096, 1069, 9, 8.13%, 0, 0, 3, 0.67, 17, 146, 18, 382, 123340, 41749, 0, 0.461, 666, 1159, 0.898189, 1.000000, 250406, 0, 0, 0, 0, 0, 1162, 0
1777019607, 24, 782, 1096, 1069, 9, 8.13%, 0, 0, 3, 5.28, 17, 146, 18, 382, 123340, 41749, 0, 0.461, 666, 1159, 0.898198, 1.000000, 250433, 0, 0, 0, 0, 0, 1162, 0
1777019613, 24, 782, 1096, 1069, 9, 8.13%, 0, 0, 3, 4.98, 17, 146, 18, 382, 123340, 41749, 0, 0.461, 666, 1159, 0.898207, 1.000000, 250456, 0, 0, 0, 0, 0, 1162, 0
1777019618, 24, 782, 1096, 1069, 9, 8.13%, 0, 0, 3, 5.09, 17, 146, 18, 382, 123340, 41749, 0, 0.461, 666, 1159, 0.898217, 1.000000, 250483, 0, 0, 0, 0, 0, 1162, 0
1777019623, 24, 782, 1096, 1069, 9, 8.13%, 0, 0, 3, 5.01, 17, 146, 18, 382, 123340, 41749, 0, 0.461, 666, 1159, 0.898226, 1.000000, 250508, 0, 0, 0, 0, 0, 1162, 0
1777019628, 24, 782, 1096, 1069, 9, 8.13%, 0, 0, 3, 5.33, 17, 146, 18, 382, 123340, 41749, 0, 0.461, 666, 1159, 0.898236, 1.000000, 250537, 0, 0, 0, 0, 0, 1162, 0
1777019633, 24, 782, 1096, 1069, 9, 8.13%, 0, 0, 3, 5.21, 17, 146, 18, 382, 123340, 41749, 0, 0.461, 666, 1159, 0.898245, 1.000000, 250561, 0, 0, 0, 0, 0, 1163, 0
1777019638, 24, 782, 1096, 1069, 9, 8.13%, 0, 0, 3, 5.45, 17, 146, 18, 382, 123340, 41749, 0, 0.461, 666, 1159, 0.898255, 1.000000, 250589, 0, 0, 0, 0, 0, 1163, 0
1777019644, 24, 782, 1096, 1069, 9, 8.13%, 0, 0, 3, 5.00, 17, 146, 18, 382, 123340, 41749, 0, 0.461, 666, 1159, 0.898263, 1.000000, 250609, 0, 0, 0, 0, 0, 1163, 0
1777019649, 24, 782, 1096, 1069, 9, 8.13%, 0, 0, 3, 5.17, 17, 146, 18, 382, 123340, 41749, 0, 0.461, 666, 1159, 0.898273, 1.000000, 250636, 0, 0, 0, 0, 0, 1163, 0
1777019654, 24, 782, 1096, 1069, 9, 8.13%, 0, 0, 3, 5.08, 17, 146, 18, 382, 123340, 41749, 0, 0.461, 666, 1159, 0.898282, 1.000000, 250661, 0, 0, 0, 0, 0, 1163, 0
1777019659, 24, 782, 1096, 1069, 9, 8.13%, 0, 0, 3, 5.21, 17, 146, 18, 382, 123340, 41749, 0, 0.461, 666, 1159, 0.898292, 1.000000, 250689, 0, 0, 0, 0, 0, 1163, 0
1777019664, 24, 782, 1096, 1069, 9, 8.13%, 0, 0, 3, 5.15, 17, 146, 18, 382, 123340, 41749, 0, 0.461, 666, 1159, 0.898301, 1.000000, 250715, 0, 0, 0, 0, 0, 1163, 0
1777019670, 24, 782, 1096, 1069, 9, 8.13%, 0, 0, 3, 5.18, 17, 146, 18, 382, 123340, 41749, 0, 0.461, 666, 1159, 0.898312, 1.000000, 250743, 0, 0, 0, 0, 0, 1163, 0
1777019675, 24, 849, 1096, 1068, 0, 8.13%, 0, 0, 3, 5.69, 17, 146, 19, 382, 123340, 41749, 0, 0.461, 666, 1159, 0.898320, 1.000000, 250767, 0, 0, 0, 0, 0, 1164, 0
1777019680, 24, 849, 1097, 1069, 0, 8.13%, 0, 0, 3, 5.03, 17, 146, 19, 382, 123340, 41749, 0, 0.461, 666, 1159, 0.898326, 1.000000, 250784, 0, 0, 0, 0, 0, 1164, 0
1777019685, 24, 849, 1097, 1069, 0, 8.13%, 0, 0, 3, 4.93, 17, 146, 19, 382, 123340, 41749, 0, 0.461, 666, 1159, 0.898333, 1.000000, 250803, 0, 0, 0, 0, 0, 1164, 0
1777019690, 24, 849, 1097, 1069, 0, 8.13%, 0, 0, 3, 5.68, 17, 146, 19, 382, 123340, 41749, 0, 0.461, 666, 1159, 0.898345, 1.000000, 250834, 0, 0, 0, 0, 0, 1164, 0
1777019696, 24, 849, 1097, 1069, 0, 8.13%, 0, 0, 3, 5.41, 17, 146, 19, 382, 123340, 41749, 0, 0.461, 666, 1159, 0.898354, 1.000000, 250859, 0, 0, 0, 0, 0, 1164, 0
1777019701, 24, 849, 1097, 1069, 0, 8.13%, 0, 0, 3, 5.53, 17, 146, 19, 382, 123340, 41749, 0, 0.461, 666, 1159, 0.898364, 1.000000, 250888, 0, 0, 0, 0, 0, 1164, 0
1777019706, 24, 849, 1097, 1069, 0, 8.13%, 0, 0, 3, 5.49, 17, 146, 19, 382, 123340, 41749, 0, 0.461, 666, 1159, 0.898374, 1.000000, 250915, 0, 0, 0, 0, 0, 1164, 0
1777019711, 24, 849, 1097, 1069, 0, 8.13%, 0, 0, 3, 5.43, 17, 146, 19, 382, 123340, 41749, 0, 0.461, 666, 1159, 0.898384, 1.000000, 250943, 0, 0, 0, 0, 0, 1164, 0
1777019716, 24, 849, 1097, 1069, 0, 8.13%, 0, 0, 3, 5.24, 17, 146, 19, 382, 123340, 41749, 0, 0.461, 666, 1159, 0.898393, 1.000000, 250966, 0, 0, 0, 0, 0, 1164, 0
1777019721, 24, 849, 1097, 1069, 0, 8.13%, 0, 0, 3, 5.39, 17, 146, 19, 382, 123340, 41749, 0, 0.461, 666, 1159, 0.898403, 1.000000, 250993, 0, 0, 0, 0, 0, 1165, 0
1777019726, 24, 849, 1097, 1069, 0, 8.13%, 0, 0, 3, 4.66, 17, 146, 19, 382, 123340, 41749, 0, 0.461, 666, 1159, 0.898410, 1.000000, 251014, 0, 0, 0, 0, 0, 1165, 0
1777019731, 24, 849, 1097, 1069, 0, 8.13%, 0, 0, 3, 4.87, 17, 146, 19, 382, 123340, 41749, 0, 0.461, 666, 1159, 0.898420, 1.000000, 251040, 0, 0, 0, 0, 0, 1165, 0
1777019737, 24, 849, 1097, 1069, 0, 8.13%, 0, 0, 3, 5.21, 17, 146, 19, 382, 123340, 41749, 0, 0.461, 666, 1159, 0.898429, 1.000000, 251065, 0, 0, 0, 0, 0, 1165, 0
1777019742, 24, 849, 1097, 1069, 0, 8.13%, 0, 0, 3, 5.33, 17, 146, 19, 382, 123340, 41749, 0, 0.461, 666, 1159, 0.898439, 1.000000, 251093, 0, 0, 0, 0, 0, 1165, 0
1777019747, 24, 849, 1097, 1069, 0, 8.13%, 0, 0, 3, 5.13, 17, 146, 19, 382, 123340, 41749, 0, 0.461, 666, 1159, 0.898448, 1.000000, 251117, 0, 0, 0, 0, 0, 1165, 0
1777019752, 24, 849, 1097, 1069, 0, 8.13%, 0, 0, 3, 5.28, 17, 146, 19, 382, 123340, 41749, 0, 0.461, 666, 1159, 0.898458, 1.000000, 251145, 0, 0, 0, 0, 0, 1165, 0
1777019757, 24, 849, 1097, 1069, 0, 8.13%, 0, 0, 3, 5.43, 17, 146, 19, 382, 123340, 41749, 0, 0.461, 666, 1159, 0.898467, 1.000000, 251171, 0, 0, 0, 0, 0, 1165, 0
1777019764, 24, 849, 1097, 1069, 0, 8.13%, 0, 0, 3, 0.66, 17, 146, 19, 382, 123340, 41749, 0, 0.461, 666, 1159, 0.898477, 1.000000, 251198, 0, 0, 0, 0, 0, 1166, 0
1777019769, 24, 849, 1097, 1069, 0, 8.13%, 0, 0, 3, 5.37, 17, 146, 19, 382, 123340, 41749, 0, 0.461, 666, 1159, 0.898487, 1.000000, 251225, 0, 0, 0, 0, 0, 1166, 0
1777019774, 24, 849, 1097, 1069, 0, 8.13%, 0, 0, 3, 5.06, 17, 146, 19, 382, 123340, 41749, 0, 0.461, 666, 1159, 0.898495, 1.000000, 251248, 0, 0, 0, 0, 0, 1166, 0
1777019779, 24, 849, 1097, 1069, 0, 8.13%, 0, 0, 3, 5.14, 17, 146, 19, 382, 123340, 41749, 0, 0.461, 666, 1159, 0.898505, 1.000000, 251275, 0, 0, 0, 0, 0, 1166, 0
1777019784, 24, 849, 1097, 1069, 0, 8.13%, 0, 0, 3, 5.03, 17, 146, 19, 382, 123340, 41749, 0, 0.461, 666, 1159, 0.898514, 1.000000, 251300, 0, 0, 0, 0, 0, 1166, 0
1777019790, 24, 849, 1097, 1069, 0, 8.13%, 0, 0, 3, 5.06, 17, 146, 19, 382, 123340, 41749, 0, 0.461, 666, 1159, 0.898524, 1.000000, 251327, 0, 0, 0, 0, 0, 1166, 0
1777019795, 24, 849, 1097, 1069, 0, 8.13%, 0, 0, 3, 5.92, 17, 146, 19, 382, 123340, 41749, 0, 0.461, 667, 1159, 0.898533, 1.000000, 251351, 0, 0, 0, 0, 0, 1166, 0
1777019800, 24, 849, 1097, 1069, 0, 8.13%, 0, 0, 3, 5.78, 17, 146, 19, 382, 123340, 41749, 0, 0.461, 667, 1159, 0.898543, 1.000000, 251381, 0, 0, 0, 0, 0, 1167, 0
1777019805, 24, 849, 1097, 1069, 0, 8.13%, 0, 0, 3, 4.00, 17, 146, 19, 382, 123340, 41749, 0, 0.461, 667, 1159, 0.898551, 1.000000, 251403, 0, 0, 0, 0, 0, 1167, 0
1777019810, 24, 849, 1097, 1069, 0, 8.13%, 0, 0, 3, 5.03, 17, 146, 19, 382, 123340, 41749, 0, 0.461, 667, 1159, 0.898562, 1.000000, 251431, 0, 0, 0, 0, 0, 1167, 0
1777019815, 24, 849, 1097, 1069, 0, 8.13%, 0, 0, 3, 5.14, 17, 146, 19, 382, 123340, 41749, 0, 0.461, 667, 1159, 0.898571, 1.000000, 251457, 0, 0, 0, 0, 0, 1167, 0
1777019821, 24, 849, 1097, 1069, 0, 8.13%, 0, 0, 3, 5.15, 17, 146, 19, 382, 123340, 41749, 0, 0.461, 667, 1159, 0.898581, 1.000000, 251484, 0, 0, 0, 0, 0, 1167, 0
1777019826, 24, 849, 1097, 1069, 0, 8.13%, 0, 0, 3, 5.02, 17, 146, 19, 382, 123340, 41749, 0, 0.461, 667, 1159, 0.898590, 1.000000, 251509, 0, 0, 0, 0, 0, 1167, 0
1777019831, 24, 849, 1097, 1069, 0, 8.13%, 0, 0, 3, 5.32, 17, 146, 19, 382, 123340, 41749, 0, 0.461, 667, 1159, 0.898600, 1.000000, 251537, 0, 0, 0, 0, 0, 1167, 0
1777019836, 24, 849, 1097, 1069, 0, 8.13%, 0, 0, 3, 2.50, 17, 146, 19, 382, 123340, 41749, 0, 0.461, 667, 1159, 0.898608, 1.000000, 251560, 0, 0, 0, 0, 0, 1167, 0
1777019841, 24, 849, 1097, 1069, 0, 8.13%, 0, 0, 3, 4.52, 17, 146, 19, 382, 123340, 41749, 0, 0.461, 667, 1159, 0.898619, 1.000000, 251589, 0, 0, 0, 0, 0, 1168, 0
1777019846, 24, 849, 1097, 1069, 0, 8.13%, 0, 0, 3, 5.13, 17, 146, 19, 382, 123340, 41749, 0, 0.461, 667, 1159, 0.898626, 1.000000, 251609, 0, 0, 0, 0, 0, 1168, 0
1777019852, 24, 849, 1097, 1069, 0, 8.13%, 0, 0, 3, 5.53, 17, 146, 19, 382, 123340, 41749, 0, 0.461, 667, 1159, 0.898637, 1.000000, 251639, 0, 0, 0, 0, 0, 1168, 0
