# unix_time, cycles_done, cur_path, paths_total, pending_total, pending_favs, map_size, unique_crashes, unique_hangs, max_depth, execs_per_sec, n_nodes, n_edges, chat_times, llm_calls, llm_prompt_tok, llm_compl_tok, llm_dedup, hyp_fitness, hyp_success, hyp_failure, mqtt_diff_avg, mqtt_diff_last, mqtt_diff_pos
1787644338, 0, 0, 4, 4, 2, 0.02%, 0, 0, 2, 3.53, 4, 4, 0, 0, 0, 0, 0, 0.000, 0, 0, 0.000000, 0.000000, 0, 0, 0, 0, 0, 0, 0, 0
1787644343, 0, 0, 5, 5, 2, 0.02%, 0, 0, 2, 3.52, 4, 5, 0, 0, 0, 0, 0, 0.000, 0, 0, 0.000000, 0.000000, 0, 0, 0, 0, 0, 0, 0, 0
1787644348, 0, 0, 7, 7, 2, 0.02%, 0, 0, 2, 3.45, 4, 5, 0, 0, 0, 0, 0, 0.000, 0, 0, 0.000000, 0.000000, 0, 0, 0, 0, 0, 0, 0, 0
1787644353, 0, 0, 8, 8, 2, 0.02%, 0, 0, 2, 3.38, 4, 5, 0, 0, 0, 0, 0, 0.000, 0, 0, 0.000000, 0.000000, 0, 0, 0, 0, 0, 0, 0, 0
1787644358, 0, 0, 9, 9, 2, 0.02%, 0, 0, 2, 3.34, 4, 5, 0, 0, 0, 0, 0, 0.000, 0, 0, 0.000000, 0.000000, 0, 0, 0, 0, 0, 0, 0, 0
1787644364, 0, 0, 10, 10, 2, 0.02%, 0, 0, 2, 3.31, 4, 7, 0, 0, 0, 0, 0, 0.000, 0, 0, 0.000000, 0.000000, 0, 0, 0, 0, 0, 0, 0, 0
1787644369, 0, 0, 11, 11, 2, 0.02%, 0, 0, 2, 3.24, 4, 7, 0, 0, 0, 0, 0, 0.000, 0, 0, 0.000000, 0.000000, 0, 0, 0, 0, 0, 0, 0, 0
1787644379, 0, 0, 12, 12, 2, 0.02%, 0, 0, 2, 3.25, 4, 7, 0, 0, 0, 0, 0, 0.000, 0, 0, 0.000000, 0.000000, 0, 0, 0, 0, 0, 0, 0, 0
1787644394, 0, 0, 13, 13, 2, 0.02%, 0, 0, 2, 3.52, 4, 7, 0, 0, 0, 0, 0, 0.000, 0, 0, 0.000000, 0.000000, 0, 0, 0, 0, 0, 0, 0, 0
1787644400, 0, 0, 14, 14, 2, 0.02%, 0, 0, 2, 3.31, 4, 7, 0, 0, 0, 0, 0, 0.000, 0, 0, 0.000000, 0.000000, 0, 0, 0, 0, 0, 0, 0, 0
