# unix_time, cycles_done, cur_path, paths_total, pending_total, pending_favs, map_size, unique_crashes, unique_hangs, max_depth, execs_per_sec, n_nodes, n_edges, chat_times
1769334577, 0, 0, 2, 2, 1, 15.55%, 0, 0, 2, 5.42, 4, 4, 0
1769334588, 0, 0, 5, 5, 1, 15.82%, 0, 0, 2, 5.60, 4, 4, 0
1769334593, 0, 0, 8, 8, 1, 15.93%, 0, 0, 2, 5.51, 4, 4, 0
1769334603, 0, 0, 9, 9, 1, 16.04%, 0, 0, 2, 5.51, 4, 4, 0
1769334608, 0, 0, 10, 10, 1, 16.04%, 0, 0, 2, 5.51, 4, 4, 0
1769334613, 0, 0, 11, 11, 1, 16.11%, 0, 0, 2, 5.51, 4, 4, 0
1769334618, 0, 0, 12, 12, 1, 16.12%, 0, 0, 2, 5.51, 4, 4, 0
1769334628, 0, 0, 15, 15, 1, 16.26%, 0, 0, 2, 5.50, 4, 4, 0
1769334633, 0, 0, 18, 18, 1, 16.34%, 0, 0, 2, 5.53, 4, 4, 0
1769334638, 0, 0, 21, 21, 1, 16.36%, 0, 0, 2, 5.52, 4, 4, 0
1769334643, 0, 0, 24, 24, 1, 16.40%, 0, 0, 2, 5.50, 4, 4, 0
1769334649, 0, 0, 27, 27, 1, 16.46%, 0, 0, 2, 5.42, 4, 4, 0
1769334654, 0, 0, 30, 30, 1, 16.88%, 0, 0, 2, 5.42, 5, 7, 0
1769334659, 0, 0, 32, 32, 1, 16.89%, 0, 0, 2, 5.46, 5, 7, 0
1769334664, 0, 0, 35, 35, 1, 16.92%, 0, 0, 2, 5.48, 6, 9, 0
1769334669, 0, 0, 37, 37, 1, 16.92%, 0, 0, 2, 5.44, 6, 9, 0
1769334674, 0, 0, 40, 40, 1, 16.95%, 0, 0, 2, 5.45, 6, 9, 0
1769334680, 0, 0, 42, 42, 1, 17.01%, 0, 0, 2, 5.41, 6, 9, 0
1769334685, 0, 0, 44, 44, 1, 17.03%, 0, 0, 2, 5.51, 6, 9, 0
1769334690, 0, 0, 46, 46, 1, 17.04%, 0, 0, 2, 5.49, 6, 9, 0
1769334695, 0, 0, 49, 49, 1, 17.07%, 0, 0, 2, 5.42, 7, 11, 0
1769334700, 0, 0, 52, 52, 1, 17.08%, 0, 0, 2, 5.46, 7, 11, 0
1769334705, 0, 0, 54, 54, 1, 17.09%, 0, 0, 2, 5.48, 7, 11, 0
1769334710, 0, 0, 57, 57, 1, 17.11%, 0, 0, 2, 5.42, 7, 11, 0
1769334715, 0, 0, 60, 60, 1, 17.14%, 0, 0, 2, 5.49, 7, 11, 0
1769334720, 0, 0, 63, 63, 1, 17.14%, 0, 0, 2, 5.49, 7, 11, 0
1769334725, 0, 0, 64, 64, 1, 17.14%, 0, 0, 2, 5.52, 7, 11, 0
1769334731, 0, 0, 66, 66, 1, 17.15%, 0, 0, 2, 5.51, 7, 11, 0
1769334736, 0, 0, 68, 68, 1, 17.18%, 0, 0, 2, 5.51, 7, 11, 0
1769334741, 0, 0, 70, 70, 1, 17.21%, 0, 0, 2, 5.54, 7, 11, 0
1769334746, 0, 0, 73, 73, 1, 17.23%, 0, 0, 2, 5.56, 7, 11, 0
1769334751, 0, 0, 75, 75, 1, 17.23%, 0, 0, 2, 5.55, 7, 11, 0
1769334756, 0, 0, 78, 78, 1, 17.24%, 0, 0, 2, 5.52, 7, 11, 0
1769334761, 0, 0, 80, 80, 1, 17.24%, 0, 0, 2, 5.50, 7, 11, 0
1769334766, 0, 0, 83, 83, 1, 17.24%, 0, 0, 2, 5.43, 7, 11, 0
1769334771, 0, 0, 84, 84, 1, 17.32%, 0, 0, 2, 5.42, 7, 11, 0
1769334776, 0, 0, 87, 87, 1, 17.39%, 0, 0, 2, 5.35, 7, 11, 0
1769334782, 0, 0, 89, 89, 1, 17.41%, 0, 0, 2, 5.43, 7, 11, 0
1769334787, 0, 0, 92, 92, 1, 17.42%, 0, 0, 2, 5.49, 7, 11, 0
1769334792, 0, 0, 94, 94, 1, 17.45%, 0, 0, 2, 5.48, 7, 11, 0
1769334797, 0, 0, 96, 96, 1, 17.48%, 0, 0, 2, 5.48, 7, 11, 0
1769334802, 0, 0, 99, 99, 1, 17.49%, 0, 0, 2, 5.51, 7, 11, 0
1769334807, 0, 0, 101, 101, 1, 17.50%, 0, 0, 2, 5.40, 7, 11, 0
1769334812, 0, 0, 103, 103, 1, 17.50%, 0, 0, 2, 5.43, 7, 11, 0
1769334817, 0, 0, 106, 106, 1, 17.53%, 0, 0, 2, 5.48, 7, 11, 0
1769334822, 0, 0, 108, 108, 1, 17.56%, 0, 0, 2, 5.50, 7, 11, 0
1769334827, 0, 0, 111, 111, 1, 17.58%, 0, 0, 2, 5.50, 7, 11, 0
1769334832, 0, 0, 113, 113, 1, 17.58%, 0, 0, 2, 5.51, 7, 11, 0
1769334837, 0, 0, 116, 116, 1, 17.60%, 0, 0, 2, 5.51, 7, 11, 0
1769334843, 0, 0, 118, 118, 1, 17.63%, 0, 0, 2, 5.54, 7, 11, 0
1769334848, 0, 0, 121, 121, 1, 17.68%, 0, 0, 2, 5.50, 7, 11, 0
1769334853, 0, 0, 122, 122, 1, 17.68%, 0, 0, 2, 5.48, 7, 11, 0
1769334858, 0, 0, 124, 124, 1, 18.02%, 0, 0, 2, 5.50, 8, 14, 0
1769334863, 0, 0, 126, 126, 1, 18.02%, 0, 0, 2, 5.54, 8, 14, 0
1769334868, 0, 0, 127, 127, 1, 18.04%, 0, 0, 2, 5.50, 8, 14, 0
1769334873, 0, 0, 128, 128, 1, 18.06%, 0, 0, 2, 5.49, 8, 14, 0
1769334878, 0, 0, 129, 129, 1, 18.07%, 0, 0, 2, 5.52, 8, 14, 0
1769334883, 0, 0, 131, 131, 1, 18.07%, 0, 0, 2, 5.48, 8, 14, 0
1769334888, 0, 0, 132, 132, 1, 18.07%, 0, 0, 2, 5.49, 8, 14, 0
1769334894, 0, 0, 135, 135, 1, 18.09%, 0, 0, 2, 5.47, 8, 14, 0
1769334899, 0, 0, 136, 136, 1, 18.09%, 0, 0, 2, 5.39, 8, 14, 0
1769334909, 0, 0, 138, 138, 1, 18.10%, 0, 0, 2, 5.45, 8, 14, 0
1769334919, 0, 0, 140, 140, 1, 18.13%, 0, 0, 2, 5.50, 8, 14, 0
1769334924, 0, 0, 142, 142, 1, 18.14%, 0, 0, 2, 5.55, 8, 14, 0
1769334929, 0, 0, 143, 143, 1, 18.14%, 0, 0, 2, 5.56, 8, 14, 0
1769334934, 0, 0, 145, 145, 1, 18.14%, 0, 0, 2, 5.54, 8, 14, 0
1769334939, 0, 0, 147, 147, 1, 18.16%, 0, 0, 2, 5.55, 8, 14, 0
1769334944, 0, 0, 149, 149, 1, 18.16%, 0, 0, 2, 5.51, 8, 14, 0
1769334949, 0, 0, 151, 151, 1, 18.17%, 0, 0, 2, 5.51, 8, 14, 0
1769334955, 0, 0, 152, 152, 1, 18.19%, 0, 0, 2, 5.44, 8, 14, 0
1769334960, 0, 0, 154, 154, 1, 18.19%, 0, 0, 2, 5.43, 8, 14, 0
1769334965, 0, 0, 156, 156, 1, 18.19%, 0, 0, 2, 5.45, 8, 14, 0
1769334970, 0, 0, 157, 157, 1, 18.21%, 0, 0, 2, 5.47, 8, 14, 0
1769334975, 0, 0, 159, 159, 1, 18.21%, 0, 0, 2, 5.51, 8, 14, 0
1769334980, 0, 0, 160, 160, 1, 18.23%, 0, 0, 2, 5.50, 8, 14, 0
1769334985, 0, 0, 161, 161, 1, 18.23%, 0, 0, 2, 5.54, 8, 14, 0
1769334991, 0, 0, 163, 163, 1, 18.24%, 0, 0, 2, 5.48, 8, 14, 0
1769334996, 0, 0, 165, 165, 1, 18.25%, 0, 0, 2, 5.51, 8, 14, 0
1769335001, 0, 0, 167, 167, 1, 18.25%, 0, 0, 2, 5.51, 8, 14, 0
1769335006, 0, 0, 168, 168, 1, 18.25%, 0, 0, 2, 5.53, 8, 14, 0
1769335011, 0, 0, 169, 169, 1, 18.26%, 0, 0, 2, 5.54, 8, 14, 0
1769335016, 0, 0, 172, 172, 1, 18.27%, 0, 0, 2, 5.53, 8, 14, 0
1769335021, 0, 0, 174, 174, 1, 18.27%, 0, 0, 2, 5.52, 8, 14, 0
1769335026, 0, 0, 177, 177, 1, 18.62%, 0, 0, 2, 5.50, 8, 14, 0
1769335031, 0, 0, 180, 180, 1, 18.64%, 0, 0, 2, 5.36, 9, 19, 0
1769335036, 0, 0, 183, 183, 1, 18.69%, 0, 0, 2, 5.43, 9, 19, 0
1769335042, 0, 0, 186, 186, 1, 18.69%, 0, 0, 2, 5.36, 9, 19, 0
1769335047, 0, 0, 187, 187, 1, 18.69%, 0, 0, 2, 5.29, 9, 19, 0
1769335052, 0, 0, 189, 189, 1, 18.69%, 0, 0, 2, 5.36, 9, 19, 0
1769335057, 0, 0, 192, 192, 1, 18.69%, 0, 0, 2, 5.40, 9, 19, 0
1769335062, 0, 0, 195, 195, 1, 18.72%, 0, 0, 2, 5.40, 9, 19, 0
1769335067, 0, 0, 197, 197, 1, 18.72%, 0, 0, 2, 5.43, 9, 19, 0
1769335072, 0, 0, 200, 200, 1, 18.77%, 0, 0, 2, 5.48, 9, 19, 0
1769335078, 0, 0, 202, 202, 1, 18.77%, 0, 0, 2, 5.44, 9, 19, 0
1769335083, 0, 0, 205, 205, 1, 18.77%, 0, 0, 2, 5.37, 9, 19, 0
1769335088, 0, 0, 207, 207, 1, 18.78%, 0, 0, 2, 5.33, 9, 19, 0
1769335093, 0, 0, 210, 210, 1, 18.80%, 0, 0, 2, 5.33, 9, 19, 0
1769335098, 0, 0, 213, 213, 1, 18.84%, 0, 0, 2, 5.34, 9, 19, 0
1769335103, 0, 0, 216, 216, 1, 18.85%, 0, 0, 2, 5.38, 9, 19, 0
1769335108, 0, 0, 218, 218, 1, 18.88%, 0, 0, 2, 5.42, 9, 19, 0
1769335114, 0, 0, 221, 221, 1, 18.91%, 0, 0, 2, 5.37, 9, 20, 0
1769335119, 0, 0, 224, 224, 1, 18.91%, 0, 0, 2, 5.46, 9, 20, 0
1769335124, 0, 0, 227, 227, 1, 18.95%, 0, 0, 2, 5.43, 9, 20, 0
1769335129, 0, 0, 230, 230, 1, 18.95%, 0, 0, 2, 5.43, 9, 20, 0
1769335134, 0, 0, 232, 232, 1, 18.97%, 0, 0, 2, 5.39, 9, 20, 0
1769335140, 0, 0, 235, 235, 1, 18.99%, 0, 0, 2, 5.34, 9, 20, 0
1769335145, 0, 0, 238, 238, 1, 18.99%, 0, 0, 2, 5.40, 9, 20, 0
1769335150, 0, 0, 240, 240, 1, 18.99%, 0, 0, 2, 5.39, 9, 20, 0
1769335155, 0, 0, 243, 243, 1, 19.01%, 0, 0, 2, 5.42, 9, 20, 0
