# unix_time, cycles_done, cur_path, paths_total, pending_total, pending_favs, map_size, unique_crashes, unique_hangs, max_depth, execs_per_sec, n_nodes, n_edges, chat_times
1768673833, 0, 0, 2, 2, 2, 0.57%, 0, 0, 1, 12.77, 10, 11, 0
1768673839, 0, 0, 6, 6, 2, 0.59%, 0, 0, 2, 13.21, 12, 19, 0
1768673844, 0, 0, 11, 11, 2, 0.60%, 0, 0, 2, 12.69, 13, 22, 0
1768673851, 0, 0, 14, 14, 2, 0.61%, 0, 0, 2, 12.59, 13, 22, 0
1768673857, 0, 0, 15, 15, 2, 0.62%, 0, 0, 2, 12.61, 13, 22, 0
1768673862, 0, 0, 17, 17, 2, 0.63%, 0, 0, 2, 12.67, 13, 22, 0
1768673868, 0, 0, 18, 18, 2, 0.63%, 0, 0, 2, 15.46, 13, 22, 0
1768673885, 0, 0, 19, 19, 2, 0.63%, 0, 0, 2, 12.69, 13, 22, 0
1768673890, 0, 0, 20, 20, 2, 0.65%, 0, 0, 2, 12.58, 13, 22, 0
1768673896, 0, 0, 21, 21, 2, 0.65%, 0, 0, 2, 12.08, 13, 23, 0
1768673901, 0, 0, 24, 24, 2, 0.66%, 0, 0, 2, 12.43, 13, 25, 0
1768673912, 0, 0, 25, 25, 2, 0.66%, 0, 0, 2, 12.47, 13, 25, 0
1768673927, 0, 0, 26, 26, 2, 0.66%, 0, 0, 2, 12.36, 13, 25, 0
1768673943, 0, 0, 27, 27, 2, 0.66%, 0, 0, 2, 12.46, 13, 25, 0
1768673949, 0, 0, 28, 28, 2, 0.66%, 0, 0, 2, 12.88, 13, 26, 0
1768673954, 0, 0, 32, 32, 2, 0.66%, 0, 0, 2, 12.96, 13, 30, 0
1768673959, 0, 0, 35, 35, 2, 0.66%, 0, 0, 2, 11.33, 13, 31, 0
1768673986, 0, 0, 39, 39, 2, 0.66%, 0, 0, 2, 13.81, 13, 32, 0
1768673999, 0, 0, 40, 40, 2, 0.66%, 0, 0, 2, 14.27, 13, 32, 0
