1777056908, 6, 877, 912, 907, 0, 7.84%, 0, 0, 3, 5.55, 17, 123, 4, 373, 107869, 38493, 0, 0.000, 0, 0, 0.836127, 1.000000, 60799, 0, 0, 0, 0, 0, 219, 0
1777056913, 6, 877, 912, 907, 0, 7.84%, 0, 0, 3, 6.05, 17, 123, 4, 373, 107869, 38493, 0, 0.000, 0, 0, 0.836199, 1.000000, 60831, 0, 0, 0, 0, 0, 219, 0
1777056918, 6, 877, 913, 908, 0, 7.84%, 0, 0, 3, 5.82, 17, 123, 4, 373, 107869, 38493, 0, 0.000, 0, 0, 0.836242, 1.000000, 60850, 0, 0, 0, 0, 0, 219, 0
1777056924, 6, 877, 913, 908, 0, 7.84%, 0, 0, 3, 5.95, 17, 123, 4, 373, 107869, 38493, 0, 0.000, 0, 0, 0.836310, 1.000000, 60880, 0, 0, 0, 0, 0, 219, 0
1777056929, 6, 877, 914, 909, 0, 7.84%, 0, 0, 3, 8.65, 17, 123, 4, 373, 107869, 38493, 0, 0.000, 0, 0, 0.836357, 1.000000, 60901, 0, 0, 0, 0, 0, 219, 0
1777056934, 6, 877, 914, 909, 0, 7.84%, 0, 0, 3, 0.65, 17, 123, 4, 373, 107869, 38493, 0, 0.000, 0, 0, 0.836406, 1.000000, 60923, 0, 0, 0, 0, 0, 219, 0
1777056939, 6, 877, 914, 909, 0, 7.84%, 0, 0, 3, 5.57, 17, 123, 4, 373, 107869, 38493, 0, 0.000, 0, 0, 0.836474, 1.000000, 60953, 0, 0, 0, 0, 0, 219, 0
1777056944, 6, 877, 914, 909, 0, 7.84%, 0, 0, 3, 5.52, 17, 123, 4, 373, 107869, 38493, 0, 0.000, 0, 0, 0.836534, 1.000000, 60980, 0, 0, 0, 0, 0, 219, 0
1777056950, 6, 877, 914, 909, 0, 7.84%, 0, 0, 3, 5.79, 17, 123, 4, 373, 107869, 38493, 0, 0.000, 0, 0, 0.836604, 1.000000, 61011, 0, 0, 0, 0, 0, 219, 0
1777056955, 6, 877, 914, 909, 0, 7.84%, 0, 0, 3, 5.53, 17, 123, 4, 373, 107869, 38493, 0, 0.000, 0, 0, 0.836664, 1.000000, 61038, 0, 0, 0, 0, 0, 219, 0
1777056960, 6, 877, 914, 909, 0, 7.84%, 0, 0, 3, 6.04, 17, 123, 4, 373, 107869, 38493, 0, 0.000, 0, 0, 0.836738, 1.000000, 61071, 0, 0, 0, 0, 0, 219, 0
1777056965, 6, 877, 914, 909, 0, 7.84%, 0, 0, 3, 6.13, 17, 123, 4, 373, 107869, 38493, 0, 0.000, 0, 0, 0.836798, 1.000000, 61098, 0, 0, 0, 0, 0, 220, 0
1777056971, 6, 877, 915, 910, 0, 7.84%, 0, 0, 3, 0.66, 17, 123, 4, 373, 107869, 38493, 0, 0.000, 0, 0, 0.836854, 1.000000, 61123, 0, 0, 0, 0, 0, 220, 0
1777056976, 6, 877, 915, 910, 0, 7.84%, 0, 0, 3, 5.72, 17, 123, 4, 373, 107869, 38493, 0, 0.000, 0, 0, 0.836901, 1.000000, 61144, 0, 0, 0, 0, 0, 220, 0
1777056981, 6, 877, 915, 910, 0, 7.84%, 0, 0, 3, 5.57, 17, 123, 4, 373, 107869, 38493, 0, 0.000, 0, 0, 0.836961, 1.000000, 61171, 0, 0, 0, 0, 0, 220, 0
1777056986, 6, 877, 915, 910, 0, 7.84%, 0, 0, 3, 6.08, 17, 123, 4, 373, 107869, 38493, 0, 0.000, 0, 0, 0.837033, 1.000000, 61203, 0, 0, 0, 0, 0, 220, 0
1777056991, 6, 877, 915, 910, 0, 7.84%, 0, 0, 3, 5.41, 17, 123, 4, 373, 107869, 38493, 0, 0.000, 0, 0, 0.837091, 1.000000, 61229, 0, 0, 0, 0, 0, 220, 0
1777056997, 6, 877, 915, 910, 0, 7.84%, 0, 0, 3, 5.94, 17, 123, 4, 373, 107869, 38493, 0, 0.000, 0, 0, 0.837162, 1.000000, 61261, 0, 0, 0, 0, 0, 220, 0
1777057002, 6, 877, 915, 910, 0, 7.84%, 0, 0, 3, 5.71, 17, 123, 4, 373, 107869, 38493, 0, 0.000, 0, 0, 0.837220, 1.000000, 61287, 0, 0, 0, 0, 0, 220, 0
1777057008, 6, 877, 915, 910, 0, 7.84%, 0, 0, 3, 1.17, 17, 123, 4, 373, 107869, 38493, 0, 0.000, 0, 0, 0.837282, 1.000000, 61315, 0, 0, 0, 0, 0, 220, 0
1777057013, 6, 877, 915, 910, 0, 7.84%, 0, 0, 3, 6.67, 17, 123, 4, 373, 107869, 38493, 0, 0.000, 0, 0, 0.837349, 1.000000, 61345, 0, 0, 0, 0, 0, 221, 0
1777057018, 6, 877, 915, 910, 0, 7.84%, 0, 0, 3, 5.73, 17, 123, 4, 373, 107869, 38493, 0, 0.000, 0, 0, 0.837404, 1.000000, 61370, 0, 0, 0, 0, 0, 221, 0
1777057023, 6, 877, 915, 910, 0, 7.84%, 0, 0, 3, 5.95, 17, 123, 4, 373, 107869, 38493, 0, 0.000, 0, 0, 0.837473, 1.000000, 61401, 0, 0, 0, 0, 0, 221, 0
1777057028, 6, 877, 915, 910, 0, 7.84%, 0, 0, 3, 6.08, 17, 123, 4, 373, 107869, 38493, 0, 0.000, 0, 0, 0.837537, 1.000000, 61430, 0, 0, 0, 0, 0, 221, 0
1777057033, 6, 877, 915, 910, 0, 7.84%, 0, 0, 3, 6.01, 17, 123, 4, 373, 107869, 38493, 0, 0.000, 0, 0, 0.837601, 1.000000, 61459, 0, 0, 0, 0, 0, 221, 0
1777057038, 6, 877, 915, 910, 0, 7.84%, 0, 0, 3, 5.63, 17, 123, 4, 373, 107869, 38493, 0, 0.000, 0, 0, 0.837654, 1.000000, 61483, 0, 0, 0, 0, 0, 221, 0
1777057045, 6, 877, 915, 910, 0, 7.84%, 0, 0, 3, 1.18, 17, 123, 4, 373, 107869, 38493, 0, 0.000, 0, 0, 0.837725, 1.000000, 61515, 0, 0, 0, 0, 0, 221, 0
1777057050, 6, 877, 915, 910, 0, 7.84%, 0, 0, 3, 6.80, 17, 123, 4, 373, 107869, 38493, 0, 0.000, 0, 0, 0.837796, 1.000000, 61547, 0, 0, 0, 0, 0, 222, 0
1777057056, 6, 877, 915, 910, 0, 7.84%, 0, 0, 3, 6.02, 17, 123, 4, 373, 107869, 38493, 0, 0.000, 0, 0, 0.837855, 1.000000, 61574, 0, 0, 0, 0, 0, 222, 0
1777057061, 6, 877, 915, 910, 0, 7.84%, 0, 0, 3, 6.00, 17, 123, 4, 373, 107869, 38493, 0, 0.000, 0, 0, 0.837922, 1.000000, 61604, 0, 0, 0, 0, 0, 222, 0
1777057066, 6, 877, 915, 910, 0, 7.84%, 0, 0, 3, 5.97, 17, 123, 4, 373, 107869, 38493, 0, 0.000, 0, 0, 0.837986, 1.000000, 61633, 0, 0, 0, 0, 0, 222, 0
1777057071, 6, 877, 915, 910, 0, 7.84%, 0, 0, 3, 6.07, 17, 123, 4, 373, 107869, 38493, 0, 0.000, 0, 0, 0.838054, 1.000000, 61664, 0, 0, 0, 0, 0, 222, 0
1777057076, 6, 877, 915, 910, 0, 7.84%, 0, 0, 3, 5.74, 17, 123, 4, 373, 107869, 38493, 0, 0.000, 0, 0, 0.838107, 1.000000, 61688, 0, 0, 0, 0, 0, 222, 0
1777057082, 6, 877, 915, 910, 0, 7.84%, 0, 0, 3, 1.19, 17, 123, 4, 373, 107869, 38493, 0, 0.000, 0, 0, 0.838166, 1.000000, 61715, 0, 0, 0, 0, 0, 222, 0
1777057087, 6, 877, 915, 910, 0, 7.84%, 0, 0, 3, 5.96, 17, 123, 4, 373, 107869, 38493, 0, 0.000, 0, 0, 0.838232, 1.000000, 61745, 0, 0, 0, 0, 0, 223, 0
1777057092, 6, 877, 915, 910, 0, 7.84%, 0, 0, 3, 2.06, 17, 123, 4, 373, 107869, 38493, 0, 0.000, 0, 0, 0.838289, 1.000000, 61771, 0, 0, 0, 0, 0, 223, 0
1777057097, 6, 877, 915, 910, 0, 7.84%, 0, 0, 3, 4.48, 17, 123, 4, 373, 107869, 38493, 0, 0.000, 0, 0, 0.838355, 1.000000, 61801, 0, 0, 0, 0, 0, 223, 0
1777057102, 6, 877, 915, 910, 0, 7.84%, 0, 0, 3, 5.37, 17, 123, 4, 373, 107869, 38493, 0, 0.000, 0, 0, 0.838414, 1.000000, 61828, 0, 0, 0, 0, 0, 223, 0
1777057107, 6, 877, 915, 910, 0, 7.84%, 0, 0, 3, 5.67, 17, 123, 4, 373, 107869, 38493, 0, 0.000, 0, 0, 0.838480, 1.000000, 61858, 0, 0, 0, 0, 0, 223, 0
1777057112, 6, 877, 915, 910, 0, 7.84%, 0, 0, 3, 5.55, 17, 123, 4, 373, 107869, 38493, 0, 0.000, 0, 0, 0.838530, 1.000000, 61881, 0, 0, 0, 0, 0, 223, 0
1777057117, 6, 877, 915, 910, 0, 7.84%, 0, 0, 3, 5.78, 17, 123, 4, 373, 107869, 38493, 0, 0.000, 0, 0, 0.838596, 1.000000, 61911, 0, 0, 0, 0, 0, 223, 0
1777057123, 6, 877, 915, 910, 0, 7.84%, 0, 0, 3, 5.52, 17, 123, 4, 373, 107869, 38493, 0, 0.000, 0, 0, 0.838648, 1.000000, 61935, 0, 0, 0, 0, 0, 224, 0
1777057128, 6, 877, 915, 910, 0, 7.84%, 0, 0, 3, 5.35, 17, 123, 4, 373, 107869, 38493, 0, 0.000, 0, 0, 0.838707, 1.000000, 61962, 0, 0, 0, 0, 0, 224, 0
1777057133, 6, 877, 915, 910, 0, 7.84%, 0, 0, 3, 5.82, 17, 123, 4, 373, 107869, 38493, 0, 0.000, 0, 0, 0.838768, 1.000000, 61990, 0, 0, 0, 0, 0, 224, 0
1777057138, 6, 877, 915, 910, 0, 7.84%, 0, 0, 3, 5.54, 17, 123, 4, 373, 107869, 38493, 0, 0.000, 0, 0, 0.838827, 1.000000, 62017, 0, 0, 0, 0, 0, 224, 0
1777057143, 6, 877, 915, 910, 0, 7.84%, 0, 0, 3, 5.95, 17, 123, 4, 373, 107869, 38493, 0, 0.000, 0, 0, 0.838897, 1.000000, 62049, 0, 0, 0, 0, 0, 224, 0
1777057148, 6, 877, 915, 910, 0, 7.84%, 0, 0, 3, 5.48, 17, 123, 4, 373, 107869, 38493, 0, 0.000, 0, 0, 0.838947, 1.000000, 62072, 0, 0, 0, 0, 0, 224, 0
1777057153, 6, 877, 915, 910, 0, 7.84%, 0, 0, 3, 6.01, 17, 123, 4, 373, 107869, 38493, 0, 0.000, 0, 0, 0.839014, 1.000000, 62103, 0, 0, 0, 0, 0, 224, 0
1777057158, 6, 877, 915, 910, 0, 7.84%, 0, 0, 3, 2.43, 17, 123, 4, 373, 107869, 38493, 0, 0.000, 0, 0, 0.839062, 1.000000, 62125, 0, 0, 0, 0, 0, 225, 0
1777057164, 6, 877, 915, 910, 0, 7.84%, 0, 0, 3, 4.90, 17, 123, 4, 373, 107869, 38493, 0, 0.000, 0, 0, 0.839129, 1.000000, 62156, 0, 0, 0, 0, 0, 225, 0
1777057169, 6, 877, 915, 910, 0, 7.84%, 0, 0, 3, 5.70, 17, 123, 4, 373, 107869, 38493, 0, 0.000, 0, 0, 0.839190, 1.000000, 62184, 0, 0, 0, 0, 0, 225, 0
1777057174, 6, 877, 915, 910, 0, 7.84%, 0, 0, 3, 5.88, 17, 123, 4, 373, 107869, 38493, 0, 0.000, 0, 0, 0.839255, 1.000000, 62214, 0, 0, 0, 0, 0, 225, 0
1777057179, 6, 877, 915, 910, 0, 7.84%, 0, 0, 3, 5.79, 17, 123, 4, 373, 107869, 38493, 0, 0.000, 0, 0, 0.839312, 1.000000, 62240, 0, 0, 0, 0, 0, 225, 0
1777057184, 6, 877, 915, 910, 0, 7.84%, 0, 0, 3, 1.09, 17, 123, 4, 373, 107869, 38493, 0, 0.000, 0, 0, 0.839366, 1.000000, 62265, 0, 0, 0, 0, 0, 225, 0
1777057189, 6, 877, 915, 910, 0, 7.84%, 0, 0, 3, 6.18, 17, 123, 4, 373, 107869, 38493, 0, 0.000, 0, 0, 0.839439, 1.000000, 62299, 0, 0, 0, 0, 0, 225, 0
1777057194, 6, 877, 915, 910, 0, 7.84%, 0, 0, 3, 5.59, 17, 123, 4, 373, 107869, 38493, 0, 0.000, 0, 0, 0.839487, 1.000000, 62321, 0, 0, 0, 0, 0, 225, 0
1777057199, 6, 877, 915, 910, 0, 7.84%, 0, 0, 3, 5.87, 17, 123, 4, 373, 107869, 38493, 0, 0.000, 0, 0, 0.839554, 1.000000, 62352, 0, 0, 0, 0, 0, 226, 0
1777057205, 6, 877, 915, 910, 0, 7.84%, 0, 0, 3, 3.01, 17, 123, 4, 373, 107869, 38493, 0, 0.000, 0, 0, 0.839612, 1.000000, 62379, 0, 0, 0, 0, 0, 226, 0
1777057210, 6, 877, 915, 910, 0, 7.84%, 0, 0, 3, 4.68, 17, 123, 4, 373, 107869, 38493, 0, 0.000, 0, 0, 0.839677, 1.000000, 62409, 0, 0, 0, 0, 0, 226, 0
1777057215, 6, 877, 915, 910, 0, 7.84%, 0, 0, 3, 5.49, 17, 123, 4, 373, 107869, 38493, 0, 0.000, 0, 0, 0.839740, 1.000000, 62438, 0, 0, 0, 0, 0, 226, 0
1777057221, 6, 877, 915, 910, 0, 7.84%, 0, 0, 3, 5.27, 17, 123, 4, 373, 107869, 38493, 0, 0.000, 0, 0, 0.839798, 1.000000, 62465, 0, 0, 0, 0, 0, 226, 0
1777057226, 6, 877, 915, 910, 0, 7.84%, 0, 0, 3, 5.80, 17, 123, 4, 373, 107869, 38493, 0, 0.000, 0, 0, 0.839867, 1.000000, 62497, 0, 0, 0, 0, 0, 226, 0
1777057232, 6, 877, 915, 910, 0, 7.84%, 0, 0, 3, 5.55, 17, 123, 4, 373, 107869, 38493, 0, 0.000, 0, 0, 0.839914, 1.000000, 62519, 0, 0, 0, 0, 0, 226, 0
1777057237, 6, 877, 915, 910, 0, 7.84%, 0, 0, 3, 5.92, 17, 123, 4, 373, 107869, 38493, 0, 0.000, 0, 0, 0.839981, 1.000000, 62550, 0, 0, 0, 0, 0, 227, 0
1777057242, 6, 877, 915, 910, 0, 7.84%, 0, 0, 3, 6.00, 17, 123, 4, 373, 107869, 38493, 0, 0.000, 0, 0, 0.840039, 1.000000, 62577, 0, 0, 0, 0, 0, 227, 0
1777057247, 6, 877, 915, 910, 0, 7.84%, 0, 0, 3, 5.97, 17, 123, 4, 373, 107869, 38493, 0, 0.000, 0, 0, 0.840103, 1.000000, 62607, 0, 0, 0, 0, 0, 227, 0
1777057252, 6, 877, 915, 910, 0, 7.84%, 0, 0, 3, 5.63, 17, 123, 4, 373, 107869, 38493, 0, 0.000, 0, 0, 0.840159, 1.000000, 62633, 0, 0, 0, 0, 0, 227, 0
1777057258, 6, 877, 915, 910, 0, 7.84%, 0, 0, 3, 5.93, 17, 123, 4, 373, 107869, 38493, 0, 0.000, 0, 0, 0.840227, 1.000000, 62665, 0, 0, 0, 0, 0, 227, 0
1777057263, 6, 877, 915, 910, 0, 7.84%, 0, 0, 3, 5.62, 17, 123, 4, 373, 107869, 38493, 0, 0.000, 0, 0, 0.840290, 1.000000, 62694, 0, 0, 0, 0, 0, 227, 0
1777057268, 6, 877, 916, 911, 0, 7.84%, 0, 0, 3, 5.15, 17, 123, 4, 373, 107869, 38493, 0, 0.000, 0, 0, 0.840334, 1.000000, 62715, 0, 0, 0, 0, 0, 227, 0
1777057274, 6, 877, 916, 911, 0, 7.84%, 0, 0, 3, 5.64, 17, 123, 4, 373, 107869, 38493, 0, 0.000, 0, 0, 0.840381, 1.000000, 62737, 0, 0, 0, 0, 0, 227, 0
1777057279, 6, 877, 916, 911, 0, 7.84%, 0, 0, 3, 7.30, 17, 123, 4, 373, 107869, 38493, 0, 0.000, 0, 0, 0.840443, 1.000000, 62766, 0, 0, 0, 0, 0, 227, 0
1777057284, 6, 877, 916, 911, 0, 7.84%, 0, 0, 3, 6.17, 17, 123, 4, 373, 107869, 38493, 0, 0.000, 0, 0, 0.840503, 1.000000, 62794, 0, 0, 0, 0, 0, 227, 0
1777057289, 6, 877, 916, 911, 0, 7.84%, 0, 0, 3, 6.03, 17, 123, 4, 373, 107869, 38493, 0, 0.000, 0, 0, 0.840565, 1.000000, 62823, 0, 0, 0, 0, 0, 227, 0
1777057294, 6, 877, 916, 911, 0, 7.84%, 0, 0, 3, 6.05, 17, 123, 4, 373, 107869, 38493, 0, 0.000, 0, 0, 0.840633, 1.000000, 62855, 0, 0, 0, 0, 0, 227, 0
1777057299, 6, 877, 916, 911, 0, 7.84%, 0, 0, 3, 6.04, 17, 123, 4, 373, 107869, 38493, 0, 0.000, 0, 0, 0.840691, 1.000000, 62882, 0, 0, 0, 0, 0, 227, 0
1777057305, 6, 877, 916, 911, 0, 7.84%, 0, 0, 3, 5.64, 17, 123, 4, 373, 107869, 38493, 0, 0.000, 0, 0, 0.840744, 1.000000, 62907, 0, 0, 0, 0, 0, 227, 0
1777057310, 6, 877, 916, 911, 0, 7.84%, 0, 0, 3, 5.90, 17, 123, 4, 373, 107869, 38493, 0, 0.000, 0, 0, 0.840810, 1.000000, 62938, 0, 0, 0, 0, 0, 228, 0
1777057315, 6, 877, 916, 911, 0, 7.84%, 0, 0, 3, 5.81, 17, 123, 4, 373, 107869, 38493, 0, 0.000, 0, 0, 0.840870, 1.000000, 62966, 0, 0, 0, 0, 0, 228, 0
1777057321, 6, 877, 916, 911, 0, 7.84%, 0, 0, 3, 5.73, 17, 123, 4, 373, 107869, 38493, 0, 0.000, 0, 0, 0.840931, 1.000000, 62995, 0, 0, 0, 0, 0, 228, 0
1777057326, 6, 877, 916, 911, 0, 7.84%, 0, 0, 3, 5.47, 17, 123, 4, 373, 107869, 38493, 0, 0.000, 0, 0, 0.840986, 1.000000, 63021, 0, 0, 0, 0, 0, 228, 0
1777057331, 6, 877, 916, 911, 0, 7.84%, 0, 0, 3, 6.02, 17, 123, 4, 373, 107869, 38493, 0, 0.000, 0, 0, 0.841056, 1.000000, 63054, 0, 0, 0, 0, 0, 228, 0
1777057336, 6, 877, 916, 911, 0, 7.84%, 0, 0, 3, 6.73, 17, 123, 4, 373, 107869, 38493, 0, 0.000, 0, 0, 0.841112, 1.000000, 63080, 0, 0, 0, 0, 0, 228, 0
1777057342, 6, 877, 917, 912, 0, 7.84%, 0, 0, 3, 0.65, 17, 123, 4, 373, 107869, 38493, 0, 0.000, 0, 0, 0.841169, 1.000000, 63107, 0, 0, 0, 0, 0, 228, 0
1777057347, 6, 877, 917, 912, 0, 7.84%, 0, 0, 3, 5.53, 17, 123, 4, 373, 107869, 38493, 0, 0.000, 0, 0, 0.841215, 1.000000, 63129, 0, 0, 0, 0, 0, 228, 0
1777057352, 6, 877, 917, 912, 0, 7.84%, 0, 0, 3, 8.70, 17, 123, 4, 373, 107869, 38493, 0, 0.000, 0, 0, 0.841277, 1.000000, 63158, 0, 0, 0, 0, 0, 228, 0
1777057357, 6, 877, 917, 912, 0, 7.84%, 0, 0, 3, 6.84, 17, 123, 4, 373, 107869, 38493, 0, 0.000, 0, 0, 0.841342, 1.000000, 63189, 0, 0, 0, 0, 0, 228, 0
1777057362, 6, 877, 917, 912, 0, 7.84%, 0, 0, 3, 6.20, 17, 123, 4, 373, 107869, 38493, 0, 0.000, 0, 0, 0.841401, 1.000000, 63217, 0, 0, 0, 0, 0, 228, 0
1777057368, 6, 877, 917, 912, 0, 7.84%, 0, 0, 3, 6.09, 17, 123, 4, 373, 107869, 38493, 0, 0.000, 0, 0, 0.841465, 1.000000, 63247, 0, 0, 0, 0, 0, 228, 0
1777057373, 6, 877, 917, 912, 0, 7.84%, 0, 0, 3, 6.05, 17, 123, 4, 373, 107869, 38493, 0, 0.000, 0, 0, 0.841521, 1.000000, 63274, 0, 0, 0, 0, 0, 228, 0
1777057379, 6, 877, 917, 912, 0, 7.84%, 0, 0, 3, 0.65, 17, 123, 4, 373, 107869, 38493, 0, 0.000, 0, 0, 0.841574, 1.000000, 63299, 0, 0, 0, 0, 0, 228, 0
1777057384, 6, 877, 917, 912, 0, 7.84%, 0, 0, 3, 5.78, 17, 123, 4, 373, 107869, 38493, 0, 0.000, 0, 0, 0.841637, 1.000000, 63329, 0, 0, 0, 0, 0, 229, 0
1777057389, 6, 877, 918, 913, 0, 7.84%, 0, 0, 3, 5.81, 17, 123, 4, 373, 107869, 38493, 0, 0.000, 0, 0, 0.841677, 1.000000, 63348, 0, 0, 0, 0, 0, 229, 0
1777057394, 6, 877, 918, 913, 0, 7.84%, 0, 0, 3, 6.01, 17, 123, 4, 373, 107869, 38493, 0, 0.000, 0, 0, 0.841742, 1.000000, 63379, 0, 0, 0, 0, 0, 229, 0
1777057399, 6, 877, 918, 913, 0, 7.84%, 0, 0, 3, 5.92, 17, 123, 4, 373, 107869, 38493, 0, 0.000, 0, 0, 0.841803, 1.000000, 63408, 0, 0, 0, 0, 0, 229, 0
1777057404, 6, 877, 918, 913, 0, 7.84%, 0, 0, 3, 5.63, 17, 123, 4, 373, 107869, 38493, 0, 0.000, 0, 0, 0.841862, 1.000000, 63436, 0, 0, 0, 0, 0, 229, 0
1777057410, 6, 877, 918, 913, 0, 7.84%, 0, 0, 3, 5.72, 17, 123, 4, 373, 107869, 38493, 0, 0.000, 0, 0, 0.841917, 1.000000, 63462, 0, 0, 0, 0, 0, 229, 0
1777057416, 6, 877, 918, 913, 0, 7.84%, 0, 0, 3, 5.54, 17, 123, 4, 373, 107869, 38493, 0, 0.000, 0, 0, 0.841978, 1.000000, 63491, 0, 0, 0, 0, 0, 229, 0
1777057421, 6, 877, 918, 913, 0, 7.84%, 0, 0, 3, 6.07, 17, 123, 4, 373, 107869, 38493, 0, 0.000, 0, 0, 0.842045, 1.000000, 63523, 0, 0, 0, 0, 0, 229, 0
1777057426, 6, 877, 918, 913, 0, 7.84%, 0, 0, 3, 6.03, 17, 123, 4, 373, 107869, 38493, 0, 0.000, 0, 0, 0.842103, 1.000000, 63551, 0, 0, 0, 0, 0, 230, 0
1777057431, 6, 877, 918, 913, 0, 7.84%, 0, 0, 3, 6.01, 17, 123, 4, 373, 107869, 38493, 0, 0.000, 0, 0, 0.842166, 1.000000, 63581, 0, 0, 0, 0, 0, 230, 0
1777057437, 6, 877, 918, 913, 0, 7.84%, 0, 0, 3, 5.83, 17, 123, 4, 373, 107869, 38493, 0, 0.000, 0, 0, 0.842224, 1.000000, 63609, 0, 0, 0, 0, 0, 230, 0
1777057442, 6, 877, 918, 913, 0, 7.84%, 0, 0, 3, 5.66, 17, 123, 4, 373, 107869, 38493, 0, 0.000, 0, 0, 0.842283, 1.000000, 63637, 0, 0, 0, 0, 0, 230, 0
1777057447, 6, 877, 918, 913, 0, 7.84%, 0, 0, 3, 6.03, 17, 123, 4, 373, 107869, 38493, 0, 0.000, 0, 0, 0.842341, 1.000000, 63665, 0, 0, 0, 0, 0, 230, 0
1777057453, 6, 877, 918, 913, 0, 7.84%, 0, 0, 3, 0.66, 17, 123, 4, 373, 107869, 38493, 0, 0.000, 0, 0, 0.842396, 1.000000, 63691, 0, 0, 0, 0, 0, 230, 0
1777057458, 6, 877, 918, 913, 0, 7.84%, 0, 0, 3, 5.44, 17, 123, 4, 373, 107869, 38493, 0, 0.000, 0, 0, 0.842456, 1.000000, 63720, 0, 0, 0, 0, 0, 230, 0
1777057463, 6, 877, 918, 913, 0, 7.84%, 0, 0, 3, 6.10, 17, 123, 4, 373, 107869, 38493, 0, 0.000, 0, 0, 0.842516, 1.000000, 63749, 0, 0, 0, 0, 0, 231, 0
1777057468, 6, 877, 918, 913, 0, 7.84%, 0, 0, 3, 6.13, 17, 123, 4, 373, 107869, 38493, 0, 0.000, 0, 0, 0.842585, 1.000000, 63782, 0, 0, 0, 0, 0, 231, 0
1777057473, 6, 877, 918, 913, 0, 7.84%, 0, 0, 3, 6.03, 17, 123, 4, 373, 107869, 38493, 0, 0.000, 0, 0, 0.842643, 1.000000, 63810, 0, 0, 0, 0, 0, 231, 0
1777057478, 6, 877, 918, 913, 0, 7.84%, 0, 0, 3, 5.87, 17, 123, 4, 373, 107869, 38493, 0, 0.000, 0, 0, 0.842703, 1.000000, 63839, 0, 0, 0, 0, 0, 231, 0
1777057483, 6, 877, 918, 913, 0, 7.84%, 0, 0, 3, 5.92, 17, 123, 4, 373, 107869, 38493, 0, 0.000, 0, 0, 0.842757, 1.000000, 63865, 0, 0, 0, 0, 0, 231, 0
1777057489, 6, 877, 918, 913, 0, 7.84%, 0, 0, 3, 0.65, 17, 123, 4, 373, 107869, 38493, 0, 0.000, 0, 0, 0.842811, 1.000000, 63891, 0, 0, 0, 0, 0, 231, 0
1777057494, 6, 877, 918, 913, 0, 7.84%, 0, 0, 3, 5.75, 17, 123, 4, 373, 107869, 38493, 0, 0.000, 0, 0, 0.842871, 1.000000, 63920, 0, 0, 0, 0, 0, 231, 0
1777057499, 6, 877, 918, 913, 0, 7.84%, 0, 0, 3, 5.96, 17, 123, 4, 373, 107869, 38493, 0, 0.000, 0, 0, 0.842932, 1.000000, 63949, 0, 0, 0, 0, 0, 232, 0
1777057504, 6, 877, 918, 913, 0, 7.84%, 0, 0, 3, 5.85, 17, 123, 4, 373, 107869, 38493, 0, 0.000, 0, 0, 0.842992, 1.000000, 63978, 0, 0, 0, 0, 0, 232, 0
1777057509, 6, 877, 918, 913, 0, 7.84%, 0, 0, 3, 5.85, 17, 123, 4, 373, 107869, 38493, 0, 0.000, 0, 0, 0.843047, 1.000000, 64005, 0, 0, 0, 0, 0, 232, 0
1777057515, 6, 877, 918, 913, 0, 7.84%, 0, 0, 3, 5.74, 17, 123, 4, 373, 107869, 38493, 0, 0.000, 0, 0, 0.843109, 1.000000, 64035, 0, 0, 0, 0, 0, 232, 0
1777057520, 6, 877, 918, 913, 0, 7.84%, 0, 0, 3, 5.59, 17, 123, 4, 373, 107869, 38493, 0, 0.000, 0, 0, 0.843161, 1.000000, 64060, 0, 0, 0, 0, 0, 232, 0
1777057526, 6, 877, 918, 913, 0, 7.84%, 0, 0, 3, 0.66, 17, 123, 4, 373, 107869, 38493, 0, 0.000, 0, 0, 0.843225, 1.000000, 64091, 0, 0, 0, 0, 0, 232, 0
1777057532, 6, 877, 918, 913, 0, 7.84%, 0, 0, 3, 5.79, 17, 123, 4, 373, 107869, 38493, 0, 0.000, 0, 0, 0.843289, 1.000000, 64122, 0, 0, 0, 0, 0, 232, 0
1777057537, 6, 877, 918, 913, 0, 7.84%, 0, 0, 3, 5.49, 17, 123, 4, 373, 107869, 38493, 0, 0.000, 0, 0, 0.843340, 1.000000, 64147, 0, 0, 0, 0, 0, 233, 0
1777057542, 6, 877, 918, 913, 0, 7.84%, 0, 0, 3, 5.64, 17, 123, 4, 373, 107869, 38493, 0, 0.000, 0, 0, 0.843402, 1.000000, 64177, 0, 0, 0, 0, 0, 233, 0
1777057547, 6, 877, 918, 913, 0, 7.84%, 0, 0, 3, 5.79, 17, 123, 4, 373, 107869, 38493, 0, 0.000, 0, 0, 0.843460, 1.000000, 64205, 0, 0, 0, 0, 0, 233, 0
1777057552, 6, 877, 918, 913, 0, 7.84%, 0, 0, 3, 5.78, 17, 123, 4, 373, 107869, 38493, 0, 0.000, 0, 0, 0.843519, 1.000000, 64234, 0, 0, 0, 0, 0, 233, 0
1777057557, 6, 877, 918, 913, 0, 7.84%, 0, 0, 3, 6.83, 17, 123, 4, 373, 107869, 38493, 0, 0.000, 0, 0, 0.843571, 1.000000, 64259, 0, 0, 0, 0, 0, 233, 0
1777057563, 6, 877, 918, 913, 0, 7.84%, 0, 0, 3, 6.13, 17, 123, 4, 373, 107869, 38493, 0, 0.000, 0, 0, 0.843632, 1.000000, 64289, 0, 0, 0, 0, 0, 233, 0
1777057568, 6, 877, 919, 914, 0, 7.84%, 0, 0, 3, 6.73, 17, 123, 4, 373, 107869, 38493, 0, 0.000, 0, 0, 0.843665, 1.000000, 64305, 0, 0, 0, 0, 0, 233, 0
1777057573, 6, 877, 919, 914, 0, 7.84%, 0, 0, 3, 6.38, 17, 123, 4, 373, 107869, 38493, 0, 0.000, 0, 0, 0.843723, 1.000000, 64333, 0, 0, 0, 0, 0, 233, 0
1777057578, 6, 877, 919, 914, 0, 7.84%, 0, 0, 3, 5.94, 17, 123, 4, 373, 107869, 38493, 0, 0.000, 0, 0, 0.843786, 1.000000, 64364, 0, 0, 0, 0, 0, 233, 0
1777057583, 6, 877, 919, 914, 0, 7.84%, 0, 0, 3, 5.59, 17, 123, 4, 373, 107869, 38493, 0, 0.000, 0, 0, 0.843839, 1.000000, 64390, 0, 0, 0, 0, 0, 233, 0
1777057588, 6, 877, 919, 914, 0, 7.84%, 0, 0, 3, 5.93, 17, 123, 4, 373, 107869, 38493, 0, 0.000, 0, 0, 0.843905, 1.000000, 64422, 0, 0, 0, 0, 0, 233, 0
1777057594, 6, 877, 919, 914, 0, 7.84%, 0, 0, 3, 5.86, 17, 123, 4, 373, 107869, 38493, 0, 0.000, 0, 0, 0.843956, 1.000000, 64447, 0, 0, 0, 0, 0, 233, 0
1777057599, 6, 877, 919, 914, 0, 7.84%, 0, 0, 3, 5.77, 17, 123, 4, 373, 107869, 38493, 0, 0.000, 0, 0, 0.844013, 1.000000, 64475, 0, 0, 0, 0, 0, 233, 0
1777057604, 6, 877, 919, 914, 0, 7.84%, 0, 0, 3, 5.74, 17, 123, 4, 373, 107869, 38493, 0, 0.000, 0, 0, 0.844058, 1.000000, 64497, 0, 0, 0, 0, 0, 234, 0
1777057609, 6, 877, 919, 914, 0, 7.84%, 0, 0, 3, 6.09, 17, 123, 4, 373, 107869, 38493, 0, 0.000, 0, 0, 0.844121, 1.000000, 64528, 0, 0, 0, 0, 0, 234, 0
1777057614, 6, 877, 919, 914, 0, 7.84%, 0, 0, 3, 5.62, 17, 123, 4, 373, 107869, 38493, 0, 0.000, 0, 0, 0.844174, 1.000000, 64554, 0, 0, 0, 0, 0, 234, 0
1777057620, 6, 877, 919, 914, 0, 7.84%, 0, 0, 3, 5.34, 17, 123, 4, 373, 107869, 38493, 0, 0.000, 0, 0, 0.844233, 1.000000, 64583, 0, 0, 0, 0, 0, 234, 0
1777057625, 6, 877, 919, 914, 0, 7.84%, 0, 0, 3, 5.83, 17, 123, 4, 373, 107869, 38493, 0, 0.000, 0, 0, 0.844294, 1.000000, 64613, 0, 0, 0, 0, 0, 234, 0
1777057630, 6, 877, 919, 914, 0, 7.84%, 0, 0, 3, 5.55, 17, 123, 4, 373, 107869, 38493, 0, 0.000, 0, 0, 0.844343, 1.000000, 64637, 0, 0, 0, 0, 0, 234, 0
1777057635, 6, 877, 919, 914, 0, 7.84%, 0, 0, 3, 5.77, 17, 123, 4, 373, 107869, 38493, 0, 0.000, 0, 0, 0.844406, 1.000000, 64668, 0, 0, 0, 0, 0, 234, 0
1777057641, 6, 877, 919, 914, 0, 7.84%, 0, 0, 3, 5.67, 17, 123, 4, 373, 107869, 38493, 0, 0.000, 0, 0, 0.844453, 1.000000, 64691, 0, 0, 0, 0, 0, 235, 0
1777057646, 6, 877, 919, 914, 0, 7.84%, 0, 0, 3, 6.01, 17, 123, 4, 373, 107869, 38493, 0, 0.000, 0, 0, 0.844518, 1.000000, 64723, 0, 0, 0, 0, 0, 235, 0
1777057651, 6, 877, 919, 914, 0, 7.84%, 0, 0, 3, 5.57, 17, 123, 4, 373, 107869, 38493, 0, 0.000, 0, 0, 0.844569, 1.000000, 64748, 0, 0, 0, 0, 0, 235, 0
1777057656, 6, 877, 919, 914, 0, 7.84%, 0, 0, 3, 5.67, 17, 123, 4, 373, 107869, 38493, 0, 0.000, 0, 0, 0.844625, 1.000000, 64776, 0, 0, 0, 0, 0, 235, 0
1777057661, 6, 877, 919, 914, 0, 7.84%, 0, 0, 3, 5.63, 17, 123, 4, 373, 107869, 38493, 0, 0.000, 0, 0, 0.844680, 1.000000, 64803, 0, 0, 0, 0, 0, 235, 0
1777057666, 6, 877, 919, 914, 0, 7.84%, 0, 0, 3, 5.70, 17, 123, 4, 373, 107869, 38493, 0, 0.000, 0, 0, 0.844739, 1.000000, 64832, 0, 0, 0, 0, 0, 235, 0
1777057671, 6, 877, 919, 914, 0, 7.84%, 0, 0, 3, 5.53, 17, 123, 4, 373, 107869, 38493, 0, 0.000, 0, 0, 0.844787, 1.000000, 64856, 0, 0, 0, 0, 0, 235, 0
1777057677, 6, 877, 919, 914, 0, 7.84%, 0, 0, 3, 0.64, 17, 123, 4, 373, 107869, 38493, 0, 0.000, 0, 0, 0.844842, 1.000000, 64883, 0, 0, 0, 0, 0, 235, 0
1777057682, 6, 877, 919, 914, 0, 7.84%, 0, 0, 3, 5.74, 17, 123, 4, 373, 107869, 38493, 0, 0.000, 0, 0, 0.844904, 1.000000, 64914, 0, 0, 0, 0, 0, 236, 0
1777057688, 6, 877, 919, 914, 0, 7.84%, 0, 0, 3, 5.46, 17, 123, 4, 373, 107869, 38493, 0, 0.000, 0, 0, 0.844955, 1.000000, 64939, 0, 0, 0, 0, 0, 236, 0
1777057693, 6, 877, 919, 914, 0, 7.84%, 0, 0, 3, 5.55, 17, 123, 4, 373, 107869, 38493, 0, 0.000, 0, 0, 0.845013, 1.000000, 64968, 0, 0, 0, 0, 0, 236, 0
1777057698, 6, 877, 919, 914, 0, 7.84%, 0, 0, 3, 5.62, 17, 123, 4, 373, 107869, 38493, 0, 0.000, 0, 0, 0.845068, 1.000000, 64995, 0, 0, 0, 0, 0, 236, 0
1777057703, 6, 877, 919, 914, 0, 7.84%, 0, 0, 3, 5.66, 17, 123, 4, 373, 107869, 38493, 0, 0.000, 0, 0, 0.845128, 1.000000, 65025, 0, 0, 0, 0, 0, 236, 0
1777057708, 6, 877, 919, 914, 0, 7.84%, 0, 0, 3, 5.59, 17, 123, 4, 373, 107869, 38493, 0, 0.000, 0, 0, 0.845180, 1.000000, 65051, 0, 0, 0, 0, 0, 236, 0
1777057713, 6, 877, 919, 914, 0, 7.84%, 0, 0, 3, 5.54, 17, 123, 4, 373, 107869, 38493, 0, 0.000, 0, 0, 0.845237, 1.000000, 65079, 0, 0, 0, 0, 0, 236, 0
1777057719, 6, 877, 919, 914, 0, 7.84%, 0, 0, 3, 5.34, 17, 123, 4, 373, 107869, 38493, 0, 0.000, 0, 0, 0.845281, 1.000000, 65101, 0, 0, 0, 0, 0, 237, 0
1777057724, 6, 877, 919, 914, 0, 7.84%, 0, 0, 3, 5.76, 17, 123, 4, 373, 107869, 38493, 0, 0.000, 0, 0, 0.845341, 1.000000, 65131, 0, 0, 0, 0, 0, 237, 0
1777057729, 6, 877, 919, 914, 0, 7.84%, 0, 0, 3, 5.57, 17, 123, 4, 373, 107869, 38493, 0, 0.000, 0, 0, 0.845391, 1.000000, 65156, 0, 0, 0, 0, 0, 237, 0
1777057734, 6, 877, 919, 914, 0, 7.84%, 0, 0, 3, 5.68, 17, 123, 4, 373, 107869, 38493, 0, 0.000, 0, 0, 0.845445, 1.000000, 65183, 0, 0, 0, 0, 0, 237, 0
1777057739, 6, 877, 919, 914, 0, 7.84%, 0, 0, 3, 5.59, 17, 123, 4, 373, 107869, 38493, 0, 0.000, 0, 0, 0.845506, 1.000000, 65213, 0, 0, 0, 0, 0, 237, 0
1777057744, 6, 877, 919, 914, 0, 7.84%, 0, 0, 3, 1.87, 17, 123, 4, 373, 107869, 38493, 0, 0.000, 0, 0, 0.845558, 1.000000, 65239, 0, 0, 0, 0, 0, 237, 0
1777057749, 6, 877, 919, 914, 0, 7.84%, 0, 0, 3, 4.21, 17, 123, 4, 373, 107869, 38493, 0, 0.000, 0, 0, 0.845616, 1.000000, 65268, 0, 0, 0, 0, 0, 237, 0
1777057755, 6, 877, 919, 914, 0, 7.84%, 0, 0, 3, 4.65, 17, 123, 4, 373, 107869, 38493, 0, 0.000, 0, 0, 0.845658, 1.000000, 65289, 0, 0, 0, 0, 0, 237, 0
1777057760, 6, 877, 919, 914, 0, 7.84%, 0, 0, 3, 5.63, 17, 123, 4, 373, 107869, 38493, 0, 0.000, 0, 0, 0.845720, 1.000000, 65320, 0, 0, 0, 0, 0, 238, 0
1777057765, 6, 877, 920, 915, 0, 7.84%, 0, 0, 3, 5.85, 17, 123, 4, 373, 107869, 38493, 0, 0.000, 0, 0, 0.845774, 0.884450, 65347, 0, 0, 0, 0, 0, 238, 0
1777057770, 6, 877, 920, 915, 0, 7.84%, 0, 0, 3, 5.54, 17, 123, 4, 373, 107869, 38493, 0, 0.000, 0, 0, 0.845819, 1.000000, 65370, 0, 0, 0, 0, 0, 238, 0
1777057775, 6, 877, 920, 915, 0, 7.84%, 0, 0, 3, 5.88, 17, 123, 4, 373, 107869, 38493, 0, 0.000, 0, 0, 0.845875, 1.000000, 65398, 0, 0, 0, 0, 0, 238, 0
1777057781, 6, 877, 920, 915, 0, 7.84%, 0, 0, 3, 6.01, 17, 123, 4, 373, 107869, 38493, 0, 0.000, 0, 0, 0.845933, 1.000000, 65427, 0, 0, 0, 0, 0, 238, 0
1777057786, 6, 877, 920, 915, 0, 7.84%, 0, 0, 3, 6.07, 17, 123, 4, 373, 107869, 38493, 0, 0.000, 0, 0, 0.845995, 1.000000, 65458, 0, 0, 0, 0, 0, 238, 0
1777057791, 6, 877, 920, 915, 0, 7.84%, 0, 0, 3, 1.71, 17, 123, 4, 373, 107869, 38493, 0, 0.000, 0, 0, 0.846037, 1.000000, 65479, 0, 0, 0, 0, 0, 238, 0
1777057796, 6, 877, 920, 915, 0, 7.84%, 0, 0, 3, 4.30, 17, 123, 4, 373, 107869, 38493, 0, 0.000, 0, 0, 0.846096, 1.000000, 65509, 0, 0, 0, 0, 0, 238, 0
1777057801, 6, 877, 920, 915, 0, 7.84%, 0, 0, 3, 4.84, 17, 123, 4, 373, 107869, 38493, 0, 0.000, 0, 0, 0.846148, 1.000000, 65535, 0, 0, 0, 0, 0, 238, 0
1777057807, 6, 877, 920, 915, 0, 7.84%, 0, 0, 3, 5.44, 17, 123, 4, 373, 107869, 38493, 0, 0.000, 0, 0, 0.846207, 1.000000, 65565, 0, 0, 0, 0, 0, 239, 0
1777057812, 6, 877, 920, 915, 0, 7.84%, 0, 0, 3, 5.50, 17, 123, 4, 373, 107869, 38493, 0, 0.000, 0, 0, 0.846259, 1.000000, 65591, 0, 0, 0, 0, 0, 239, 0
1777057817, 6, 877, 920, 915, 0, 7.84%, 0, 0, 3, 5.52, 17, 123, 4, 373, 107869, 38493, 0, 0.000, 0, 0, 0.846315, 1.000000, 65619, 0, 0, 0, 0, 0, 239, 0
1777057822, 6, 877, 921, 916, 0, 7.84%, 0, 0, 3, 5.75, 17, 123, 4, 373, 107869, 38493, 0, 0.000, 0, 0, 0.846350, 0.587686, 65637, 0, 0, 0, 0, 0, 239, 0
1777057827, 6, 877, 921, 916, 0, 7.84%, 0, 0, 3, 5.54, 17, 123, 4, 373, 107869, 38493, 0, 0.000, 0, 0, 0.846406, 1.000000, 65665, 0, 0, 0, 0, 0, 239, 0
1777057832, 6, 877, 921, 916, 0, 7.84%, 0, 0, 3, 5.60, 17, 123, 4, 373, 107869, 38493, 0, 0.000, 0, 0, 0.846449, 1.000000, 65687, 0, 0, 0, 0, 0, 239, 0
1777057838, 6, 877, 922, 917, 0, 7.85%, 0, 0, 3, 5.60, 17, 123, 4, 373, 107869, 38493, 0, 0.000, 0, 0, 0.846493, 1.000000, 65709, 0, 0, 0, 0, 0, 239, 0
1777057843, 6, 877, 922, 917, 0, 7.85%, 0, 0, 3, 6.43, 17, 123, 4, 373, 107869, 38493, 0, 0.000, 0, 0, 0.846558, 1.000000, 65742, 0, 0, 0, 0, 0, 239, 0
1777057848, 6, 877, 922, 917, 0, 7.85%, 0, 0, 3, 6.07, 17, 123, 4, 373, 107869, 38493, 0, 0.000, 0, 0, 0.846615, 1.000000, 65771, 0, 0, 0, 0, 0, 239, 0
1777057853, 6, 877, 922, 917, 0, 7.85%, 0, 0, 3, 5.70, 17, 123, 4, 373, 107869, 38493, 0, 0.000, 0, 0, 0.846672, 1.000000, 65800, 0, 0, 0, 0, 0, 239, 0
1777057858, 6, 877, 922, 917, 0, 7.85%, 0, 0, 3, 5.58, 17, 123, 4, 373, 107869, 38493, 0, 0.000, 0, 0, 0.846724, 1.000000, 65826, 0, 0, 0, 0, 0, 239, 0
1777057864, 6, 877, 922, 917, 0, 7.85%, 0, 0, 3, 5.52, 17, 123, 4, 373, 107869, 38493, 0, 0.000, 0, 0, 0.846781, 1.000000, 65855, 0, 0, 0, 0, 0, 239, 0
1777057869, 6, 877, 923, 918, 0, 7.85%, 0, 0, 3, 5.64, 17, 123, 4, 373, 107869, 38493, 0, 0.000, 0, 0, 0.846810, 1.000000, 65870, 0, 0, 0, 0, 0, 239, 0
1777057874, 6, 877, 923, 918, 0, 7.85%, 0, 0, 3, 5.70, 17, 123, 4, 373, 107869, 38493, 0, 0.000, 0, 0, 0.846868, 1.000000, 65899, 0, 0, 0, 0, 0, 239, 0
1777057879, 6, 877, 923, 918, 0, 7.85%, 0, 0, 3, 5.48, 17, 123, 4, 373, 107869, 38493, 0, 0.000, 0, 0, 0.846919, 1.000000, 65925, 0, 0, 0, 0, 0, 239, 0
1777057884, 6, 877, 923, 918, 0, 7.85%, 0, 0, 3, 5.40, 17, 123, 4, 373, 107869, 38493, 0, 0.000, 0, 0, 0.846970, 1.000000, 65951, 0, 0, 0, 0, 0, 239, 0
1777057890, 6, 877, 923, 918, 0, 7.85%, 0, 0, 3, 5.55, 17, 123, 4, 373, 107869, 38493, 0, 0.000, 0, 0, 0.847029, 1.000000, 65981, 0, 0, 0, 0, 0, 239, 0
1777057895, 6, 877, 923, 918, 0, 7.85%, 0, 0, 3, 2.04, 17, 123, 4, 373, 107869, 38493, 0, 0.000, 0, 0, 0.847082, 1.000000, 66008, 0, 0, 0, 0, 0, 239, 0
1777057900, 6, 877, 923, 918, 0, 7.85%, 0, 0, 3, 4.45, 17, 123, 4, 373, 107869, 38493, 0, 0.000, 0, 0, 0.847139, 1.000000, 66037, 0, 0, 0, 0, 0, 239, 0
1777057905, 6, 877, 923, 918, 0, 7.85%, 0, 0, 3, 4.87, 17, 123, 4, 373, 107869, 38493, 0, 0.000, 0, 0, 0.847182, 1.000000, 66059, 0, 0, 0, 0, 0, 240, 0
1777057910, 6, 877, 923, 918, 0, 7.85%, 0, 0, 3, 5.35, 17, 123, 4, 373, 107869, 38493, 0, 0.000, 0, 0, 0.847239, 1.000000, 66088, 0, 0, 0, 0, 0, 240, 0
1777057916, 6, 877, 923, 918, 0, 7.85%, 0, 0, 3, 5.42, 17, 123, 4, 373, 107869, 38493, 0, 0.000, 0, 0, 0.847291, 1.000000, 66115, 0, 0, 0, 0, 0, 240, 0
1777057921, 6, 877, 923, 918, 0, 7.85%, 0, 0, 3, 5.82, 17, 123, 4, 373, 107869, 38493, 0, 0.000, 0, 0, 0.847352, 1.000000, 66146, 0, 0, 0, 0, 0, 240, 0
1777057926, 6, 877, 923, 918, 0, 7.85%, 0, 0, 3, 5.57, 17, 123, 4, 373, 107869, 38493, 0, 0.000, 0, 0, 0.847403, 1.000000, 66172, 0, 0, 0, 0, 0, 240, 0
1777057931, 6, 877, 923, 918, 0, 7.85%, 0, 0, 3, 5.53, 17, 123, 4, 373, 107869, 38493, 0, 0.000, 0, 0, 0.847458, 1.000000, 66200, 0, 0, 0, 0, 0, 240, 0
1777057936, 6, 877, 923, 918, 0, 7.85%, 0, 0, 3, 5.48, 17, 123, 4, 373, 107869, 38493, 0, 0.000, 0, 0, 0.847506, 1.000000, 66225, 0, 0, 0, 0, 0, 240, 0
1777057942, 6, 877, 923, 918, 0, 7.85%, 0, 0, 3, 0.65, 17, 123, 4, 373, 107869, 38493, 0, 0.000, 0, 0, 0.847557, 1.000000, 66251, 0, 0, 0, 0, 0, 240, 0
1777057947, 6, 877, 923, 918, 0, 7.85%, 0, 0, 3, 5.65, 17, 123, 4, 373, 107869, 38493, 0, 0.000, 0, 0, 0.847614, 1.000000, 66280, 0, 0, 0, 0, 0, 241, 0
