# unix_time, cycles_done, cur_path, paths_total, pending_total, pending_favs, map_size, unique_crashes, unique_hangs, max_depth, execs_per_sec, n_nodes, n_edges, chat_times, llm_calls, llm_prompt_tok, llm_compl_tok, llm_dedup, hyp_fitness, hyp_success, hyp_failure, mqtt_diff_avg, mqtt_diff_last, mqtt_diff_pos
1776654620, 0, 1, 461, 461, 29, 6.94%, 0, 0, 2, 4.77, 14, 91, 0, 370, 103509, 39705, 0, 0.000, 0, 0, 0.000000, 0.000000, 0, 0, 0, 0, 0, 0, 0, 0
1776654625, 0, 1, 463, 463, 29, 7.15%, 0, 0, 2, 4.88, 15, 94, 0, 370, 103509, 39705, 0, 0.000, 0, 0, 0.000000, 0.000000, 0, 0, 0, 0, 0, 0, 0, 0
1776654630, 0, 1, 466, 466, 29, 7.17%, 0, 0, 2, 5.52, 15, 95, 0, 370, 103509, 39705, 0, 0.000, 0, 0, 0.000000, 0.000000, 0, 0, 0, 0, 0, 0, 0, 0
1776654635, 0, 1, 469, 469, 29, 7.24%, 0, 0, 2, 4.69, 15, 95, 0, 370, 103509, 39705, 0, 0.000, 0, 0, 0.000000, 0.000000, 0, 0, 0, 0, 0, 0, 0, 0
1776654641, 0, 1, 471, 471, 29, 7.26%, 0, 0, 2, 5.59, 15, 95, 0, 370, 103509, 39705, 0, 0.000, 0, 0, 0.000000, 0.000000, 0, 0, 0, 0, 0, 0, 0, 0
1776654646, 0, 1, 474, 474, 29, 7.28%, 0, 0, 2, 5.46, 15, 97, 0, 370, 103509, 39705, 0, 0.000, 0, 0, 0.000000, 0.000000, 0, 0, 0, 0, 0, 0, 0, 0
1776654651, 0, 1, 476, 476, 29, 7.29%, 0, 0, 2, 6.08, 15, 97, 0, 370, 103509, 39705, 0, 0.000, 0, 0, 0.000000, 0.000000, 0, 0, 0, 0, 0, 0, 0, 0
1776654656, 0, 1, 479, 479, 29, 7.31%, 0, 0, 2, 5.83, 16, 99, 0, 370, 103509, 39705, 0, 0.000, 0, 0, 0.000000, 0.000000, 0, 0, 0, 0, 0, 0, 0, 0
1776654661, 0, 1, 481, 481, 29, 7.31%, 0, 0, 2, 1.12, 16, 99, 0, 370, 103509, 39705, 0, 0.000, 0, 0, 0.000000, 0.000000, 0, 0, 0, 0, 0, 0, 0, 0
1776654666, 0, 1, 484, 484, 29, 7.32%, 0, 0, 2, 7.81, 16, 101, 0, 370, 103509, 39705, 0, 0.000, 0, 0, 0.000000, 0.000000, 0, 0, 0, 0, 0, 0, 0, 0
1776654672, 0, 1, 485, 485, 29, 7.32%, 0, 0, 2, 5.10, 16, 101, 0, 370, 103509, 39705, 0, 0.000, 0, 0, 0.000000, 0.000000, 0, 0, 0, 0, 0, 0, 0, 0
1776654677, 0, 1, 486, 486, 29, 7.32%, 0, 0, 2, 5.81, 16, 103, 0, 370, 103509, 39705, 0, 0.000, 0, 0, 0.000000, 0.000000, 0, 0, 0, 0, 0, 0, 0, 0
1776654682, 0, 1, 489, 489, 29, 7.32%, 0, 0, 2, 6.05, 16, 104, 0, 370, 103509, 39705, 0, 0.000, 0, 0, 0.000000, 0.000000, 0, 0, 0, 0, 0, 0, 0, 0
1776654687, 0, 1, 491, 491, 29, 7.32%, 0, 0, 2, 6.03, 16, 104, 0, 370, 103509, 39705, 0, 0.000, 0, 0, 0.000000, 0.000000, 0, 0, 0, 0, 0, 0, 0, 0
1776654692, 0, 1, 494, 494, 29, 7.33%, 0, 0, 2, 5.72, 16, 104, 0, 370, 103509, 39705, 0, 0.000, 0, 0, 0.000000, 0.000000, 0, 0, 0, 0, 0, 0, 0, 0
1776654697, 0, 1, 496, 496, 29, 7.33%, 0, 0, 2, 1.83, 16, 104, 0, 370, 103509, 39705, 0, 0.000, 0, 0, 0.000000, 0.000000, 0, 0, 0, 0, 0, 0, 0, 0
1776654703, 0, 1, 498, 498, 29, 7.33%, 0, 0, 2, 4.81, 16, 104, 0, 370, 103509, 39705, 0, 0.000, 0, 0, 0.000000, 0.000000, 0, 0, 0, 0, 0, 0, 0, 0
1776654708, 0, 1, 500, 500, 29, 7.33%, 0, 0, 2, 6.43, 16, 104, 0, 370, 103509, 39705, 0, 0.000, 0, 0, 0.000000, 0.000000, 0, 0, 0, 0, 0, 0, 0, 0
1776654713, 0, 1, 502, 502, 29, 7.34%, 0, 0, 2, 6.09, 16, 104, 0, 370, 103509, 39705, 0, 0.000, 0, 0, 0.000000, 0.000000, 0, 0, 0, 0, 0, 0, 0, 0
1776654718, 0, 1, 503, 503, 29, 7.34%, 0, 0, 2, 6.39, 16, 104, 0, 370, 103509, 39705, 0, 0.000, 0, 0, 0.000000, 0.000000, 0, 0, 0, 0, 0, 0, 0, 0
1776654723, 0, 1, 504, 504, 29, 7.34%, 0, 0, 2, 6.03, 16, 104, 0, 370, 103509, 39705, 0, 0.000, 0, 0, 0.000000, 0.000000, 0, 0, 0, 0, 0, 0, 0, 0
1776654728, 0, 1, 505, 505, 29, 7.34%, 0, 0, 2, 6.00, 16, 104, 0, 370, 103509, 39705, 0, 0.000, 0, 0, 0.000000, 0.000000, 0, 0, 0, 0, 0, 0, 0, 0
1776654734, 0, 1, 506, 506, 29, 7.34%, 0, 0, 2, 10.77, 16, 104, 0, 370, 103509, 39705, 0, 0.000, 0, 0, 0.000000, 0.000000, 0, 0, 0, 0, 0, 0, 0, 0
1776654739, 0, 1, 508, 508, 29, 7.36%, 0, 0, 2, 7.71, 16, 104, 0, 370, 103509, 39705, 0, 0.000, 0, 0, 0.000000, 0.000000, 0, 0, 0, 0, 0, 0, 0, 0
1776654744, 0, 1, 509, 509, 29, 7.36%, 0, 0, 2, 5.16, 16, 104, 0, 370, 103509, 39705, 0, 0.000, 0, 0, 0.000000, 0.000000, 0, 0, 0, 0, 0, 0, 0, 0
1776654754, 0, 1, 512, 512, 29, 7.37%, 0, 0, 2, 6.50, 16, 104, 0, 370, 103509, 39705, 0, 0.000, 0, 0, 0.000000, 0.000000, 0, 0, 0, 0, 0, 0, 0, 0
1776654759, 0, 1, 513, 513, 29, 7.38%, 0, 0, 2, 6.05, 16, 104, 0, 370, 103509, 39705, 0, 0.000, 0, 0, 0.000000, 0.000000, 0, 0, 0, 0, 0, 0, 0, 0
1776654764, 0, 1, 514, 514, 29, 7.38%, 0, 0, 2, 6.02, 16, 104, 0, 370, 103509, 39705, 0, 0.000, 0, 0, 0.000000, 0.000000, 0, 0, 0, 0, 0, 0, 0, 0
1776654770, 0, 1, 515, 515, 29, 7.39%, 0, 0, 2, 1.19, 16, 104, 0, 370, 103509, 39705, 0, 0.000, 0, 0, 0.000000, 0.000000, 0, 0, 0, 0, 0, 0, 0, 0
1776654775, 0, 1, 517, 517, 29, 7.39%, 0, 0, 2, 6.66, 16, 104, 0, 370, 103509, 39705, 0, 0.000, 0, 0, 0.000000, 0.000000, 0, 0, 0, 0, 0, 0, 0, 0
1776654780, 0, 1, 518, 518, 29, 7.40%, 0, 0, 2, 5.62, 16, 104, 0, 370, 103509, 39705, 0, 0.000, 0, 0, 0.000000, 0.000000, 0, 0, 0, 0, 0, 0, 0, 0
1776654785, 0, 1, 519, 519, 29, 7.41%, 0, 0, 2, 5.70, 16, 105, 0, 370, 103509, 39705, 0, 0.000, 0, 0, 0.000000, 0.000000, 0, 0, 0, 0, 0, 0, 0, 0
1776654790, 0, 1, 521, 521, 29, 7.41%, 0, 0, 2, 5.56, 16, 105, 0, 370, 103509, 39705, 0, 0.000, 0, 0, 0.000000, 0.000000, 0, 0, 0, 0, 0, 0, 0, 0
1776654795, 0, 1, 523, 523, 29, 7.42%, 0, 0, 2, 5.87, 16, 105, 0, 370, 103509, 39705, 0, 0.000, 0, 0, 0.000000, 0.000000, 0, 0, 0, 0, 0, 0, 0, 0
1776654800, 0, 1, 524, 524, 29, 7.42%, 0, 0, 2, 6.02, 16, 105, 0, 370, 103509, 39705, 0, 0.000, 0, 0, 0.000000, 0.000000, 0, 0, 0, 0, 0, 0, 0, 0
1776654806, 0, 1, 526, 526, 29, 7.43%, 0, 0, 2, 0.99, 16, 106, 0, 370, 103509, 39705, 0, 0.000, 0, 0, 0.000000, 0.000000, 0, 0, 0, 0, 0, 0, 0, 0
1776654822, 0, 1, 528, 528, 29, 7.43%, 0, 0, 2, 6.76, 16, 106, 0, 370, 103509, 39705, 0, 0.000, 0, 0, 0.000000, 0.000000, 0, 0, 0, 0, 0, 0, 0, 0
1776654827, 0, 1, 530, 530, 29, 7.43%, 0, 0, 2, 6.01, 16, 106, 0, 370, 103509, 39705, 0, 0.000, 0, 0, 0.000000, 0.000000, 0, 0, 0, 0, 0, 0, 0, 0
1776654832, 0, 1, 531, 531, 29, 7.44%, 0, 0, 2, 6.21, 16, 106, 0, 370, 103509, 39705, 0, 0.000, 0, 0, 0.000000, 0.000000, 0, 0, 0, 0, 0, 0, 0, 0
1776654843, 0, 1, 534, 534, 29, 7.44%, 0, 0, 2, 5.58, 16, 106, 0, 370, 103509, 39705, 0, 0.000, 0, 0, 0.000000, 0.000000, 0, 0, 0, 0, 0, 0, 0, 0
1776654854, 0, 1, 536, 536, 29, 7.45%, 0, 0, 2, 0.66, 16, 106, 0, 370, 103509, 39705, 0, 0.000, 0, 0, 0.000000, 0.000000, 0, 0, 0, 0, 0, 0, 0, 0
1776654859, 0, 1, 537, 537, 29, 7.46%, 0, 0, 2, 5.43, 16, 106, 0, 370, 103509, 39705, 0, 0.000, 0, 0, 0.000000, 0.000000, 0, 0, 0, 0, 0, 0, 0, 0
1776654864, 0, 1, 538, 538, 29, 7.46%, 0, 0, 2, 5.38, 16, 106, 0, 370, 103509, 39705, 0, 0.000, 0, 0, 0.000000, 0.000000, 0, 0, 0, 0, 0, 0, 0, 0
1776654875, 0, 1, 539, 539, 29, 7.46%, 0, 0, 2, 5.80, 16, 106, 0, 370, 103509, 39705, 0, 0.000, 0, 0, 0.000000, 0.000000, 0, 0, 0, 0, 0, 0, 0, 0
1776654880, 0, 1, 540, 540, 29, 7.46%, 0, 0, 2, 6.24, 16, 106, 0, 370, 103509, 39705, 0, 0.000, 0, 0, 0.000000, 0.000000, 0, 0, 0, 0, 0, 0, 0, 0
1776654885, 0, 1, 541, 541, 29, 7.46%, 0, 0, 2, 7.44, 16, 106, 0, 370, 103509, 39705, 0, 0.000, 0, 0, 0.000000, 0.000000, 0, 0, 0, 0, 0, 0, 0, 0
1776654891, 0, 1, 542, 542, 29, 7.49%, 0, 0, 2, 0.66, 16, 106, 0, 370, 103509, 39705, 0, 0.000, 0, 0, 0.000000, 0.000000, 0, 0, 0, 0, 0, 0, 0, 0
1776654896, 0, 1, 543, 543, 29, 7.50%, 0, 0, 2, 6.37, 16, 106, 0, 370, 103509, 39705, 0, 0.000, 0, 0, 0.000000, 0.000000, 0, 0, 0, 0, 0, 0, 0, 0
1776654901, 0, 1, 544, 544, 29, 7.50%, 0, 0, 2, 5.96, 16, 106, 0, 370, 103509, 39705, 0, 0.000, 0, 0, 0.000000, 0.000000, 0, 0, 0, 0, 0, 0, 0, 0
1776654912, 0, 1, 545, 545, 29, 7.50%, 0, 0, 2, 5.90, 16, 106, 0, 370, 103509, 39705, 0, 0.000, 0, 0, 0.000000, 0.000000, 0, 0, 0, 0, 0, 0, 0, 0
1776654917, 0, 1, 546, 546, 29, 7.50%, 0, 0, 2, 5.97, 16, 106, 0, 370, 103509, 39705, 0, 0.000, 0, 0, 0.000000, 0.000000, 0, 0, 0, 0, 0, 0, 0, 0
1776654922, 0, 1, 548, 548, 29, 7.50%, 0, 0, 2, 6.25, 16, 106, 0, 370, 103509, 39705, 0, 0.000, 0, 0, 0.000000, 0.000000, 0, 0, 0, 0, 0, 0, 0, 0
1776654927, 0, 1, 549, 549, 29, 7.52%, 0, 0, 2, 6.51, 16, 106, 0, 370, 103509, 39705, 0, 0.000, 0, 0, 0.000000, 0.000000, 0, 0, 0, 0, 0, 0, 0, 0
1776654938, 0, 1, 551, 551, 29, 7.53%, 0, 0, 2, 6.07, 16, 106, 0, 370, 103509, 39705, 0, 0.000, 0, 0, 0.000000, 0.000000, 0, 0, 0, 0, 0, 0, 0, 0
1776654943, 0, 1, 552, 552, 29, 7.53%, 0, 0, 2, 5.81, 16, 106, 0, 370, 103509, 39705, 0, 0.000, 0, 0, 0.000000, 0.000000, 0, 0, 0, 0, 0, 0, 0, 0
1776654953, 0, 1, 553, 553, 29, 7.53%, 0, 0, 2, 1.10, 16, 106, 0, 370, 103509, 39705, 0, 0.000, 0, 0, 0.000000, 0.000000, 0, 0, 0, 0, 0, 0, 0, 0
1776654959, 0, 1, 554, 554, 29, 7.53%, 0, 0, 2, 6.15, 16, 106, 0, 370, 103509, 39705, 0, 0.000, 0, 0, 0.000000, 0.000000, 0, 0, 0, 0, 0, 0, 0, 0
1776654964, 0, 1, 555, 555, 29, 7.53%, 0, 0, 2, 4.60, 16, 106, 0, 370, 103509, 39705, 0, 0.000, 0, 0, 0.000000, 0.000000, 0, 0, 0, 0, 0, 0, 0, 0
1776654969, 0, 1, 557, 557, 29, 7.54%, 0, 0, 2, 5.36, 16, 106, 0, 370, 103509, 39705, 0, 0.000, 0, 0, 0.000000, 0.000000, 0, 0, 0, 0, 0, 0, 0, 0
1776654984, 0, 1, 558, 558, 29, 7.54%, 0, 0, 2, 5.57, 16, 106, 0, 370, 103509, 39705, 0, 0.000, 0, 0, 0.000000, 0.000000, 0, 0, 0, 0, 0, 0, 0, 0
1776654989, 0, 1, 559, 559, 29, 7.54%, 0, 0, 2, 5.89, 16, 106, 0, 370, 103509, 39705, 0, 0.000, 0, 0, 0.000000, 0.000000, 0, 0, 0, 0, 0, 0, 0, 0
1776654995, 0, 1, 560, 560, 29, 7.54%, 0, 0, 2, 3.21, 16, 106, 0, 370, 103509, 39705, 0, 0.000, 0, 0, 0.000000, 0.000000, 0, 0, 0, 0, 0, 0, 0, 0
1776655001, 0, 1, 561, 561, 29, 7.54%, 0, 0, 2, 0.66, 16, 106, 0, 370, 103509, 39705, 0, 0.000, 0, 0, 0.000000, 0.000000, 0, 0, 0, 0, 0, 0, 0, 0
1776655006, 0, 1, 562, 562, 29, 7.54%, 0, 0, 2, 5.52, 16, 106, 0, 370, 103509, 39705, 0, 0.000, 0, 0, 0.000000, 0.000000, 0, 0, 0, 0, 0, 0, 0, 0
1776655017, 0, 1, 563, 563, 29, 7.55%, 0, 0, 2, 5.74, 16, 106, 0, 370, 103509, 39705, 0, 0.000, 0, 0, 0.000000, 0.000000, 0, 0, 0, 0, 0, 0, 0, 0
1776655038, 0, 1, 564, 564, 29, 7.56%, 0, 0, 2, 0.66, 16, 106, 0, 370, 103509, 39705, 0, 0.000, 0, 0, 0.000000, 0.000000, 0, 0, 0, 0, 0, 0, 0, 0
1776655049, 0, 1, 566, 566, 29, 7.58%, 0, 0, 2, 5.70, 16, 106, 0, 370, 103509, 39705, 0, 0.000, 0, 0, 0.000000, 0.000000, 0, 0, 0, 0, 0, 0, 0, 0
1776655069, 0, 1, 567, 567, 29, 7.58%, 0, 0, 2, 6.03, 16, 106, 0, 370, 103509, 39705, 0, 0.000, 0, 0, 0.000000, 0.000000, 0, 0, 0, 0, 0, 0, 0, 0
1776655080, 0, 1, 568, 568, 29, 7.59%, 0, 0, 2, 6.40, 16, 106, 0, 370, 103509, 39705, 0, 0.000, 0, 0, 0.000000, 0.000000, 0, 0, 0, 0, 0, 0, 0, 0
1776655085, 0, 1, 569, 569, 29, 7.59%, 0, 0, 2, 5.80, 16, 106, 0, 370, 103509, 39705, 0, 0.000, 0, 0, 0.000000, 0.000000, 0, 0, 0, 0, 0, 0, 0, 0
1776655096, 0, 1, 570, 570, 29, 7.59%, 0, 0, 2, 5.85, 16, 106, 0, 370, 103509, 39705, 0, 0.000, 0, 0, 0.000000, 0.000000, 0, 0, 0, 0, 0, 0, 0, 0
1776655113, 0, 1, 571, 571, 29, 7.59%, 0, 0, 2, 0.66, 16, 106, 0, 370, 103509, 39705, 0, 0.000, 0, 0, 0.000000, 0.000000, 0, 0, 0, 0, 0, 0, 0, 0
1776655118, 0, 1, 572, 572, 29, 7.59%, 0, 0, 2, 5.39, 16, 106, 0, 370, 103509, 39705, 0, 0.000, 0, 0, 0.000000, 0.000000, 0, 0, 0, 0, 0, 0, 0, 0
1776655128, 0, 1, 573, 573, 29, 7.59%, 0, 0, 2, 5.62, 16, 106, 0, 370, 103509, 39705, 0, 0.000, 0, 0, 0.000000, 0.000000, 0, 0, 0, 0, 0, 0, 0, 0
1776655133, 0, 1, 574, 574, 29, 7.60%, 0, 0, 2, 5.87, 16, 106, 0, 370, 103509, 39705, 0, 0.000, 0, 0, 0.000000, 0.000000, 0, 0, 0, 0, 0, 0, 0, 0
1776655153, 0, 1, 575, 575, 29, 7.60%, 0, 0, 2, 5.89, 16, 106, 0, 370, 103509, 39705, 0, 0.000, 0, 0, 0.000000, 0.000000, 0, 0, 0, 0, 0, 0, 0, 0
1776655158, 0, 1, 576, 576, 29, 7.60%, 0, 0, 2, 5.90, 16, 106, 0, 370, 103509, 39705, 0, 0.000, 0, 0, 0.000000, 0.000000, 0, 0, 0, 0, 0, 0, 0, 0
1776655164, 0, 1, 577, 577, 29, 7.60%, 0, 0, 2, 5.89, 16, 106, 0, 370, 103509, 39705, 0, 0.000, 0, 0, 0.000000, 0.000000, 0, 0, 0, 0, 0, 0, 0, 0
1776655169, 0, 1, 578, 578, 29, 7.60%, 0, 0, 2, 5.54, 16, 106, 0, 370, 103509, 39705, 0, 0.000, 0, 0, 0.000000, 0.000000, 0, 0, 0, 0, 0, 0, 0, 0
1776655189, 0, 1, 579, 579, 29, 7.60%, 0, 0, 2, 6.43, 16, 106, 0, 370, 103509, 39705, 0, 0.000, 0, 0, 0.000000, 0.000000, 0, 0, 0, 0, 0, 0, 0, 0
1776655226, 0, 1, 580, 580, 29, 7.60%, 0, 0, 2, 4.99, 16, 106, 0, 370, 103509, 39705, 0, 0.000, 0, 0, 0.000000, 0.000000, 0, 0, 0, 0, 0, 0, 0, 0
1776655242, 0, 1, 581, 581, 29, 7.60%, 0, 0, 2, 5.89, 16, 106, 0, 370, 103509, 39705, 0, 0.000, 0, 0, 0.000000, 0.000000, 0, 0, 0, 0, 0, 0, 0, 0
1776655257, 0, 1, 582, 582, 29, 7.60%, 0, 0, 2, 6.29, 16, 106, 0, 370, 103509, 39705, 0, 0.000, 0, 0, 0.000000, 0.000000, 0, 0, 0, 0, 0, 0, 0, 0
1776655262, 0, 1, 583, 583, 29, 7.60%, 0, 0, 2, 5.54, 16, 106, 0, 370, 103509, 39705, 0, 0.000, 0, 0, 0.000000, 0.000000, 0, 0, 0, 0, 0, 0, 0, 0
1776655267, 0, 1, 584, 584, 29, 7.60%, 0, 0, 2, 5.59, 16, 106, 0, 370, 103509, 39705, 0, 0.000, 0, 0, 0.000000, 0.000000, 0, 0, 0, 0, 0, 0, 0, 0
1776655289, 0, 1, 586, 586, 29, 7.61%, 0, 0, 2, 0.99, 16, 106, 0, 370, 103509, 39705, 0, 0.000, 0, 0, 0.000000, 0.000000, 0, 0, 0, 0, 0, 0, 0, 0
1776655294, 0, 1, 587, 587, 29, 7.61%, 0, 0, 2, 6.77, 16, 106, 0, 370, 103509, 39705, 0, 0.000, 0, 0, 0.000000, 0.000000, 0, 0, 0, 0, 0, 0, 0, 0
1776655299, 0, 1, 588, 588, 29, 7.61%, 0, 0, 2, 4.05, 16, 106, 0, 370, 103509, 39705, 0, 0.000, 0, 0, 0.000000, 0.000000, 0, 0, 0, 0, 0, 0, 0, 0
1776655310, 0, 1, 589, 589, 29, 7.61%, 0, 0, 2, 5.64, 16, 106, 0, 370, 103509, 39705, 0, 0.000, 0, 0, 0.000000, 0.000000, 0, 0, 0, 0, 0, 0, 0, 0
1776655330, 0, 1, 590, 590, 29, 7.61%, 0, 0, 2, 5.95, 16, 106, 0, 370, 103509, 39705, 0, 0.000, 0, 0, 0.000000, 0.000000, 0, 0, 0, 0, 0, 0, 0, 0
1776655341, 0, 1, 592, 592, 29, 7.61%, 0, 0, 2, 6.90, 16, 106, 0, 370, 103509, 39705, 0, 0.000, 0, 0, 0.000000, 0.000000, 0, 0, 0, 0, 0, 0, 0, 0
1776655351, 0, 1, 593, 593, 29, 7.62%, 0, 0, 2, 6.13, 16, 106, 0, 370, 103509, 39705, 0, 0.000, 0, 0, 0.000000, 0.000000, 0, 0, 0, 0, 0, 0, 0, 0
1776655362, 0, 1, 594, 594, 29, 7.62%, 0, 0, 2, 6.54, 16, 106, 0, 370, 103509, 39705, 0, 0.000, 0, 0, 0.000000, 0.000000, 0, 0, 0, 0, 0, 0, 0, 0
1776655367, 0, 1, 595, 595, 29, 7.62%, 0, 0, 2, 6.29, 16, 106, 0, 370, 103509, 39705, 0, 0.000, 0, 0, 0.000000, 0.000000, 0, 0, 0, 0, 0, 0, 0, 0
1776655372, 0, 1, 596, 596, 29, 7.62%, 0, 0, 2, 5.77, 16, 106, 0, 370, 103509, 39705, 0, 0.000, 0, 0, 0.000000, 0.000000, 0, 0, 0, 0, 0, 0, 0, 0
1776655382, 0, 1, 597, 597, 29, 7.62%, 0, 0, 2, 5.63, 16, 106, 0, 370, 103509, 39705, 0, 0.000, 0, 0, 0.000000, 0.000000, 0, 0, 0, 0, 0, 0, 0, 0
1776655393, 0, 1, 598, 598, 29, 7.62%, 0, 0, 2, 5.34, 16, 106, 0, 370, 103509, 39705, 0, 0.000, 0, 0, 0.000000, 0.000000, 0, 0, 0, 0, 0, 0, 0, 0
1776655398, 0, 1, 599, 599, 29, 7.62%, 0, 0, 2, 5.72, 16, 107, 0, 370, 103509, 39705, 0, 0.000, 0, 0, 0.000000, 0.000000, 0, 0, 0, 0, 0, 0, 0, 0
1776655403, 0, 1, 600, 600, 29, 7.62%, 0, 0, 2, 6.32, 16, 107, 0, 370, 103509, 39705, 0, 0.000, 0, 0, 0.000000, 0.000000, 0, 0, 0, 0, 0, 0, 0, 0
1776655408, 0, 1, 601, 601, 29, 7.62%, 0, 0, 2, 5.99, 16, 107, 0, 370, 103509, 39705, 0, 0.000, 0, 0, 0.000000, 0.000000, 0, 0, 0, 0, 0, 0, 0, 0
1776655419, 0, 1, 602, 602, 29, 7.63%, 0, 0, 2, 5.69, 16, 107, 0, 370, 103509, 39705, 0, 0.000, 0, 0, 0.000000, 0.000000, 0, 0, 0, 0, 0, 0, 0, 0
1776655429, 0, 1, 603, 603, 29, 7.63%, 0, 0, 2, 5.40, 16, 107, 0, 370, 103509, 39705, 0, 0.000, 0, 0, 0.000000, 0.000000, 0, 0, 0, 0, 0, 0, 0, 0
1776655434, 0, 1, 604, 604, 29, 7.63%, 0, 0, 2, 6.42, 16, 107, 0, 370, 103509, 39705, 0, 0.000, 0, 0, 0.000000, 0.000000, 0, 0, 0, 0, 0, 0, 0, 0
1776655440, 0, 1, 605, 605, 29, 7.63%, 0, 0, 2, 3.34, 16, 107, 0, 370, 103509, 39705, 0, 0.000, 0, 0, 0.000000, 0.000000, 0, 0, 0, 0, 0, 0, 0, 0
