# unix_time, cycles_done, cur_path, paths_total, pending_total, pending_favs, map_size, unique_crashes, unique_hangs, max_depth, execs_per_sec, n_nodes, n_edges, chat_times
1768732964, 0, 0, 3, 3, 2, 0.58%, 0, 0, 2, 11.97, 11, 16, 0
1768732969, 0, 0, 7, 7, 2, 0.59%, 0, 0, 2, 13.36, 12, 19, 0
1768732974, 0, 0, 11, 11, 2, 0.60%, 0, 0, 2, 13.29, 13, 21, 0
1768732979, 0, 0, 13, 13, 2, 0.60%, 0, 0, 2, 13.10, 13, 21, 0
1768732984, 0, 0, 15, 15, 2, 0.60%, 0, 0, 2, 12.34, 13, 23, 0
1768732989, 0, 0, 17, 17, 2, 0.61%, 0, 0, 2, 12.91, 13, 23, 0
1768732994, 0, 0, 18, 18, 2, 0.62%, 0, 0, 2, 12.61, 13, 23, 0
1768732999, 0, 0, 20, 20, 2, 0.62%, 0, 0, 2, 13.13, 13, 24, 0
1768733010, 0, 0, 21, 21, 2, 0.62%, 0, 0, 2, 15.13, 13, 24, 0
1768733020, 0, 0, 23, 23, 2, 0.63%, 0, 0, 2, 12.63, 13, 26, 0
1768733025, 0, 0, 24, 24, 2, 0.63%, 0, 0, 2, 14.67, 13, 26, 0
1768733035, 0, 0, 25, 25, 2, 0.63%, 0, 0, 2, 13.30, 13, 26, 0
1768733051, 0, 0, 27, 27, 2, 0.63%, 0, 0, 2, 11.07, 13, 28, 0
1768733056, 0, 0, 32, 32, 2, 0.63%, 0, 0, 2, 11.26, 13, 28, 0
1768733061, 0, 0, 35, 35, 2, 0.63%, 0, 0, 2, 11.82, 13, 32, 0
1768733066, 0, 0, 38, 38, 2, 0.63%, 0, 0, 2, 10.47, 13, 32, 0
1768733071, 0, 0, 39, 39, 2, 0.64%, 0, 0, 2, 10.50, 13, 32, 0
1768733076, 0, 0, 40, 40, 2, 0.65%, 0, 0, 2, 11.39, 13, 32, 0
1768733082, 0, 0, 41, 41, 2, 0.65%, 0, 0, 2, 10.70, 13, 32, 0
1768733087, 0, 0, 44, 44, 2, 0.65%, 0, 0, 2, 11.12, 13, 32, 0
1768733092, 0, 0, 45, 45, 2, 0.65%, 0, 0, 2, 11.27, 13, 33, 0
1768733097, 0, 0, 47, 47, 2, 0.65%, 0, 0, 2, 12.38, 13, 34, 0
1768733102, 0, 0, 48, 48, 2, 0.65%, 0, 0, 2, 12.27, 13, 34, 0
1768733107, 0, 0, 49, 49, 2, 0.65%, 0, 0, 2, 12.04, 13, 34, 0
1768733112, 0, 0, 50, 50, 2, 0.65%, 0, 0, 2, 12.08, 13, 35, 0
1768733117, 0, 0, 53, 53, 2, 0.65%, 0, 0, 2, 11.89, 13, 36, 0
1768733127, 0, 0, 55, 55, 2, 0.65%, 0, 0, 2, 12.93, 13, 37, 0
1768733133, 0, 0, 56, 56, 2, 0.65%, 0, 0, 2, 13.05, 13, 40, 0
1768733148, 0, 0, 57, 57, 2, 0.67%, 0, 0, 2, 12.61, 13, 40, 0
1768733164, 0, 0, 58, 58, 2, 0.67%, 0, 0, 2, 11.90, 13, 40, 0
1768733169, 0, 0, 59, 59, 2, 0.67%, 0, 0, 2, 11.59, 13, 40, 0
1768733174, 0, 0, 60, 60, 2, 0.67%, 0, 0, 2, 9.93, 13, 40, 0
1768733179, 0, 0, 61, 61, 2, 0.67%, 0, 0, 2, 11.66, 13, 40, 0
1768733184, 0, 0, 62, 62, 2, 0.68%, 0, 0, 2, 10.68, 13, 40, 0
1768733190, 0, 0, 63, 63, 2, 0.68%, 0, 0, 2, 11.49, 13, 40, 0
1768733195, 0, 0, 65, 65, 2, 0.68%, 0, 0, 2, 10.46, 13, 40, 0
1768733205, 0, 8, 66, 65, 0, 0.68%, 0, 0, 3, 12.40, 13, 40, 0
1768733210, 0, 8, 68, 67, 0, 0.68%, 0, 0, 3, 14.03, 13, 40, 0
1768733215, 0, 8, 69, 68, 0, 0.69%, 0, 0, 3, 12.45, 13, 40, 0
1768733220, 0, 8, 71, 70, 0, 0.69%, 0, 0, 3, 9.93, 13, 40, 0
1768733225, 0, 8, 72, 71, 0, 0.69%, 0, 0, 3, 8.14, 13, 40, 0
1768733231, 0, 8, 73, 72, 0, 0.69%, 0, 0, 3, 7.81, 13, 40, 0
1768733236, 0, 8, 74, 73, 0, 0.70%, 0, 0, 3, 8.30, 14, 42, 0
1768733241, 0, 8, 75, 74, 0, 0.70%, 0, 0, 3, 7.44, 14, 42, 0
1768733246, 0, 8, 76, 75, 0, 0.70%, 0, 0, 3, 8.09, 14, 42, 0
1768733308, 1, 0, 78, 76, 2, 0.70%, 0, 0, 3, 15.88, 14, 42, 0
1768733323, 1, 0, 82, 80, 2, 0.71%, 0, 0, 3, 12.31, 14, 47, 0
1768733328, 1, 0, 84, 82, 2, 0.71%, 0, 0, 3, 11.86, 14, 49, 0
1768733334, 1, 0, 86, 84, 2, 0.72%, 0, 0, 3, 12.25, 14, 52, 0
1768733339, 1, 0, 88, 86, 2, 0.72%, 0, 0, 3, 12.06, 14, 55, 0
1768733344, 1, 0, 90, 88, 2, 0.72%, 0, 0, 3, 12.97, 15, 57, 0
1768733349, 1, 0, 92, 90, 2, 0.72%, 0, 0, 3, 10.41, 15, 57, 0
1768733354, 1, 0, 95, 93, 2, 0.72%, 0, 0, 3, 11.38, 15, 58, 0
1768733359, 1, 0, 96, 94, 2, 0.73%, 0, 0, 3, 12.11, 15, 59, 0
1768733364, 1, 0, 98, 96, 2, 0.73%, 0, 0, 3, 9.82, 15, 61, 0
1768733369, 1, 0, 99, 97, 2, 0.73%, 0, 0, 3, 9.29, 15, 61, 0
1768733374, 1, 0, 100, 98, 2, 0.73%, 0, 0, 3, 9.30, 15, 61, 0
1768733379, 1, 0, 102, 100, 2, 0.73%, 0, 0, 3, 10.57, 15, 62, 0
1768733390, 1, 0, 103, 101, 2, 0.73%, 0, 0, 3, 9.45, 15, 62, 0
1768733400, 1, 0, 105, 103, 2, 0.73%, 0, 0, 3, 10.49, 15, 63, 0
1768733405, 1, 0, 107, 105, 2, 0.74%, 0, 0, 3, 11.91, 15, 65, 0
1768733410, 1, 0, 109, 107, 2, 0.74%, 0, 0, 3, 12.50, 15, 65, 0
1768733415, 1, 0, 111, 109, 2, 0.74%, 0, 0, 3, 12.83, 15, 65, 0
1768733425, 1, 0, 112, 110, 2, 0.74%, 0, 0, 3, 11.11, 15, 66, 0
1768733431, 1, 0, 115, 113, 2, 0.75%, 0, 0, 3, 8.22, 15, 66, 0
1768733436, 1, 0, 117, 115, 2, 0.75%, 0, 0, 3, 7.96, 15, 66, 0
1768733441, 1, 0, 119, 117, 2, 0.75%, 0, 0, 3, 8.49, 15, 67, 0
1768733446, 1, 0, 120, 118, 2, 0.75%, 0, 0, 3, 8.41, 15, 67, 0
1768733451, 1, 0, 121, 119, 2, 0.75%, 0, 0, 3, 8.35, 15, 68, 0
1768733461, 1, 0, 122, 120, 2, 0.75%, 0, 0, 3, 8.39, 16, 69, 0
1768733472, 1, 0, 124, 122, 2, 0.78%, 0, 0, 3, 8.93, 17, 72, 0
1768733477, 1, 0, 125, 123, 2, 0.79%, 0, 0, 3, 9.07, 17, 73, 0
1768733482, 1, 0, 126, 124, 2, 0.79%, 0, 0, 3, 8.66, 17, 73, 0
1768733487, 1, 0, 127, 125, 2, 0.79%, 0, 0, 3, 10.20, 17, 75, 0
1768733503, 1, 0, 128, 126, 2, 0.79%, 0, 0, 3, 8.62, 17, 75, 0
1768733508, 1, 0, 129, 127, 2, 0.79%, 0, 0, 3, 7.84, 17, 75, 0
1768733518, 1, 0, 129, 127, 1, 0.79%, 0, 0, 3, 9.49, 17, 75, 0
1768733523, 1, 0, 130, 128, 1, 0.79%, 0, 0, 3, 8.98, 17, 75, 0
1768733528, 1, 0, 132, 130, 1, 0.80%, 0, 0, 3, 9.17, 19, 78, 0
1768733534, 1, 0, 133, 131, 1, 0.80%, 0, 0, 3, 8.77, 19, 80, 0
1768733539, 1, 0, 134, 132, 1, 0.80%, 0, 0, 3, 8.82, 19, 80, 0
1768733544, 1, 0, 136, 134, 1, 0.80%, 0, 0, 3, 8.43, 19, 80, 0
1768733549, 1, 0, 138, 136, 1, 0.81%, 0, 0, 3, 8.21, 20, 83, 0
1768733564, 1, 0, 140, 138, 1, 0.81%, 0, 0, 3, 8.18, 20, 83, 0
1768733570, 1, 0, 141, 139, 1, 0.81%, 0, 0, 3, 8.52, 20, 83, 0
1768733580, 1, 0, 143, 141, 1, 0.81%, 0, 0, 3, 9.75, 21, 85, 0
1768733585, 1, 0, 144, 142, 1, 0.81%, 0, 0, 3, 8.17, 21, 85, 0
1768733596, 1, 0, 146, 144, 1, 0.82%, 0, 0, 3, 8.67, 21, 89, 0
1768733601, 1, 0, 147, 145, 1, 0.82%, 0, 0, 3, 8.69, 21, 89, 0
1768733611, 1, 0, 148, 146, 1, 0.82%, 0, 0, 3, 10.24, 21, 89, 0
1768733632, 1, 0, 150, 148, 1, 0.82%, 0, 0, 3, 9.09, 21, 89, 0
1768733642, 1, 0, 151, 149, 1, 0.82%, 0, 0, 3, 9.08, 21, 90, 0
1768733652, 1, 0, 153, 151, 1, 0.82%, 0, 0, 3, 7.16, 21, 91, 0
1768733657, 1, 0, 154, 152, 1, 0.82%, 0, 0, 3, 6.87, 21, 94, 0
1768733668, 1, 0, 156, 154, 1, 0.82%, 0, 0, 3, 7.12, 21, 96, 0
1768733673, 1, 0, 157, 155, 1, 0.82%, 0, 0, 3, 7.10, 21, 97, 0
1768733688, 1, 0, 158, 156, 1, 0.83%, 0, 0, 3, 7.36, 21, 99, 0
1768733698, 1, 0, 159, 157, 1, 0.83%, 0, 0, 3, 8.18, 21, 99, 0
1768733703, 1, 0, 160, 158, 1, 0.83%, 0, 0, 3, 7.87, 21, 99, 0
1768733713, 1, 0, 161, 159, 1, 0.83%, 0, 0, 3, 7.58, 21, 99, 0
1768733729, 1, 0, 162, 160, 1, 0.83%, 0, 0, 3, 7.40, 21, 99, 0
1768733734, 1, 0, 163, 161, 1, 0.83%, 0, 0, 3, 7.54, 21, 99, 0
1768733739, 1, 0, 165, 163, 1, 0.84%, 0, 0, 3, 7.56, 21, 102, 0
1768733754, 1, 0, 167, 165, 1, 0.84%, 0, 0, 3, 8.48, 21, 103, 0
1768733765, 1, 0, 168, 166, 1, 0.84%, 0, 0, 3, 8.88, 21, 103, 0
1768733770, 1, 0, 170, 168, 1, 0.84%, 0, 0, 3, 8.29, 21, 105, 0
1768733775, 1, 0, 171, 169, 1, 0.84%, 0, 0, 3, 8.82, 21, 105, 0
1768733780, 1, 0, 172, 170, 1, 0.84%, 0, 0, 3, 8.38, 21, 105, 0
1768733796, 1, 0, 173, 171, 1, 0.84%, 0, 0, 3, 8.01, 21, 105, 0
1768733806, 1, 0, 174, 172, 1, 0.84%, 0, 0, 3, 8.37, 21, 105, 0
1768733857, 1, 0, 175, 173, 1, 0.84%, 0, 0, 3, 9.44, 21, 106, 0
1768733862, 1, 0, 176, 174, 1, 0.84%, 0, 0, 3, 9.16, 21, 107, 0
1768733888, 1, 0, 178, 176, 1, 0.84%, 0, 0, 3, 7.67, 21, 108, 0
1768733893, 1, 0, 179, 177, 1, 0.84%, 0, 0, 3, 7.05, 21, 108, 0
1768733899, 1, 0, 180, 178, 1, 0.84%, 0, 0, 3, 6.82, 21, 108, 0
1768733919, 1, 0, 181, 179, 1, 0.84%, 0, 0, 3, 7.14, 21, 108, 0
1768733939, 1, 0, 182, 180, 1, 0.84%, 0, 0, 3, 7.17, 21, 108, 0
1768733965, 1, 0, 183, 181, 1, 0.85%, 0, 0, 3, 8.18, 22, 111, 0
1768733970, 1, 0, 184, 182, 1, 0.85%, 0, 0, 3, 8.38, 22, 111, 0
1768733976, 1, 0, 186, 184, 1, 0.85%, 0, 0, 3, 7.51, 22, 112, 0
1768734002, 1, 0, 188, 186, 1, 0.85%, 0, 0, 3, 7.62, 22, 113, 0
1768734012, 1, 0, 190, 188, 1, 0.85%, 0, 0, 3, 6.66, 22, 113, 0
1768734022, 1, 0, 191, 189, 1, 0.86%, 0, 0, 3, 6.99, 22, 113, 0
1768734027, 1, 0, 192, 190, 1, 0.86%, 0, 0, 3, 7.09, 22, 115, 0
1768734048, 1, 0, 193, 191, 1, 0.86%, 0, 0, 3, 6.77, 22, 116, 0
1768734073, 1, 0, 194, 192, 1, 0.87%, 0, 0, 3, 6.96, 22, 116, 0
1768734084, 1, 0, 195, 193, 1, 0.87%, 0, 0, 3, 6.85, 22, 116, 0
1768734094, 1, 1, 195, 193, 1, 0.87%, 0, 0, 3, 8.61, 22, 116, 0
1768734099, 1, 1, 196, 194, 1, 0.87%, 0, 0, 3, 8.58, 22, 116, 0
1768734104, 1, 1, 199, 197, 1, 0.87%, 0, 0, 3, 7.56, 22, 116, 0
1768734114, 1, 1, 200, 198, 1, 0.87%, 0, 0, 3, 7.22, 22, 116, 0
1768734130, 1, 1, 201, 199, 1, 0.87%, 0, 0, 3, 7.58, 22, 116, 0
1768734166, 1, 1, 202, 200, 1, 0.87%, 0, 0, 3, 7.68, 22, 116, 0
1768734171, 1, 1, 203, 201, 1, 0.87%, 0, 0, 3, 7.45, 22, 116, 0
1768734181, 1, 1, 205, 203, 1, 0.87%, 0, 0, 3, 7.15, 22, 117, 0
1768734186, 1, 1, 206, 204, 1, 0.87%, 0, 0, 3, 6.39, 22, 117, 0
1768734196, 1, 1, 207, 205, 1, 0.87%, 0, 0, 3, 6.35, 22, 117, 0
1768734202, 1, 1, 209, 207, 1, 0.90%, 0, 0, 3, 7.01, 22, 117, 0
1768734217, 1, 1, 210, 208, 1, 0.90%, 0, 0, 3, 6.41, 22, 117, 0
1768734269, 1, 1, 211, 209, 1, 0.90%, 0, 0, 3, 6.40, 22, 117, 0
1768734274, 1, 1, 212, 210, 1, 0.90%, 0, 0, 3, 6.31, 22, 117, 0
1768734279, 1, 1, 213, 211, 1, 0.90%, 0, 0, 3, 6.64, 22, 117, 0
1768734294, 1, 1, 214, 212, 1, 0.90%, 0, 0, 3, 7.59, 22, 117, 0
1768734309, 1, 1, 215, 213, 1, 0.91%, 0, 0, 3, 6.51, 22, 119, 0
1768734314, 1, 1, 217, 215, 1, 0.91%, 0, 0, 3, 5.71, 22, 120, 0
1768734335, 1, 1, 218, 216, 1, 0.91%, 0, 0, 3, 6.39, 22, 121, 0
1768734340, 2, 4, 219, 216, 0, 0.91%, 0, 0, 3, 10.23, 22, 121, 0
1768734346, 2, 4, 220, 217, 0, 0.92%, 0, 0, 3, 16.08, 22, 121, 0
1768734371, 2, 26, 221, 217, 0, 0.92%, 0, 0, 3, 10.63, 22, 121, 0
1768734386, 2, 26, 222, 218, 0, 0.92%, 0, 0, 3, 9.46, 22, 121, 0
1768734402, 2, 41, 222, 217, 0, 0.92%, 0, 0, 3, 14.36, 22, 121, 0
1768734422, 2, 73, 223, 217, 0, 0.92%, 0, 0, 3, 12.54, 22, 121, 0
1768734443, 2, 73, 224, 218, 0, 0.92%, 0, 0, 4, 10.87, 22, 121, 0
1768734453, 2, 120, 224, 217, 0, 0.92%, 0, 0, 4, 8.52, 22, 121, 0
1768734458, 2, 120, 225, 218, 0, 0.92%, 0, 0, 4, 6.62, 22, 121, 0
1768734464, 2, 120, 226, 219, 0, 0.92%, 0, 0, 4, 5.93, 22, 121, 0
1768734505, 2, 120, 227, 220, 0, 0.92%, 0, 0, 4, 5.76, 22, 121, 0
1768734515, 2, 121, 227, 219, 0, 0.92%, 0, 0, 4, 7.31, 22, 121, 0
1768734526, 2, 121, 228, 220, 0, 0.92%, 0, 0, 4, 6.69, 22, 121, 0
1768734561, 2, 156, 228, 219, 0, 0.92%, 0, 0, 4, 7.69, 22, 121, 0
1768734582, 2, 156, 230, 221, 0, 0.92%, 0, 0, 4, 5.32, 22, 123, 0
1768734618, 3, 130, 230, 220, 0, 0.92%, 0, 0, 4, 10.03, 22, 123, 0
1768734649, 3, 131, 230, 219, 4294967295, 0.92%, 0, 0, 4, 8.82, 22, 123, 0
1768734685, 3, 136, 230, 218, 4294967295, 0.92%, 0, 0, 4, 8.17, 22, 123, 1
1768734695, 3, 136, 231, 219, 4294967295, 0.92%, 0, 0, 4, 6.90, 22, 124, 1
1768734705, 3, 136, 233, 221, 4294967295, 0.92%, 0, 0, 4, 5.46, 22, 124, 1
1768734710, 3, 136, 234, 222, 4294967295, 0.92%, 0, 0, 4, 5.10, 22, 124, 1
1768734721, 3, 136, 235, 223, 4294967295, 0.92%, 0, 0, 4, 5.54, 22, 126, 1
1768734736, 3, 136, 236, 224, 4294967295, 0.92%, 0, 0, 4, 5.42, 22, 126, 1
1768734761, 3, 136, 237, 225, 4294967295, 0.92%, 0, 0, 4, 6.39, 22, 126, 1
1768734767, 3, 136, 238, 226, 4294967295, 0.92%, 0, 0, 4, 6.08, 22, 126, 1
1768734787, 3, 136, 239, 227, 4294967295, 0.92%, 0, 0, 4, 6.57, 22, 126, 1
1768734792, 3, 238, 239, 226, 0, 0.92%, 0, 0, 4, 7.74, 22, 126, 1
1768734802, 3, 238, 240, 227, 0, 0.92%, 0, 0, 4, 7.08, 22, 126, 1
1768734833, 4, 182, 240, 226, 0, 0.92%, 0, 0, 4, 7.22, 22, 126, 1
1768734843, 4, 182, 241, 227, 0, 0.92%, 0, 0, 4, 5.76, 22, 126, 1
1768734869, 4, 182, 242, 228, 0, 0.92%, 0, 0, 4, 5.49, 22, 128, 1
1768734889, 5, 4, 243, 228, 0, 0.92%, 0, 0, 4, 8.83, 22, 128, 1
1768734894, 5, 15, 243, 228, 0, 0.92%, 0, 0, 4, 12.33, 22, 128, 1
1768734899, 5, 15, 244, 229, 0, 0.92%, 0, 0, 4, 13.57, 22, 128, 1
1768734905, 5, 15, 245, 230, 0, 0.92%, 0, 0, 4, 10.43, 22, 128, 1
1768734910, 5, 15, 246, 231, 0, 0.92%, 0, 0, 4, 9.71, 22, 128, 1
1768734930, 6, 1, 246, 230, 4, 0.92%, 0, 0, 4, 10.52, 22, 128, 1
1768734982, 6, 1, 246, 230, 4, 0.92%, 0, 0, 4, 11.34, 22, 128, 2
1768734992, 6, 1, 247, 231, 4, 0.92%, 0, 0, 4, 8.23, 22, 128, 2
1768735002, 6, 1, 248, 232, 4, 0.92%, 0, 0, 4, 8.37, 22, 128, 2
1768735013, 6, 1, 249, 233, 4, 0.92%, 0, 0, 4, 11.21, 22, 128, 2
1768735023, 6, 1, 249, 233, 1, 0.92%, 0, 0, 4, 9.65, 22, 128, 2
1768735028, 6, 1, 250, 234, 1, 0.92%, 0, 0, 4, 8.12, 22, 128, 2
1768735049, 6, 1, 252, 236, 1, 0.92%, 0, 0, 4, 7.76, 22, 131, 2
1768735065, 6, 113, 253, 237, 0, 0.92%, 0, 0, 4, 10.22, 22, 131, 2
1768735111, 7, 90, 253, 236, 0, 0.92%, 0, 0, 4, 7.58, 22, 131, 2
1768735132, 7, 90, 254, 237, 0, 0.92%, 0, 0, 4, 8.92, 22, 131, 2
1768735152, 7, 90, 255, 238, 0, 0.92%, 0, 0, 4, 6.55, 22, 132, 2
1768735162, 7, 202, 255, 237, 3, 0.92%, 0, 0, 4, 6.80, 22, 132, 2
1768735198, 7, 202, 257, 239, 3, 0.92%, 0, 0, 4, 4.56, 22, 132, 2
1768735208, 7, 202, 258, 240, 3, 0.92%, 0, 0, 4, 5.23, 22, 132, 2
1768735213, 7, 202, 259, 241, 3, 0.92%, 0, 0, 4, 4.73, 22, 132, 2
1768735218, 7, 202, 260, 242, 3, 0.92%, 0, 0, 4, 4.48, 22, 132, 2
1768735234, 7, 202, 261, 243, 3, 0.92%, 0, 0, 4, 4.89, 22, 132, 2
1768735271, 7, 202, 262, 244, 3, 0.93%, 0, 0, 4, 5.38, 22, 132, 2
1768735276, 8, 78, 262, 243, 0, 0.93%, 0, 0, 4, 6.72, 22, 132, 2
1768735302, 9, 25, 262, 242, 0, 0.93%, 0, 0, 4, 10.81, 22, 132, 2
1768735333, 9, 32, 262, 241, 0, 0.93%, 0, 0, 4, 15.13, 22, 132, 3
1768735338, 9, 32, 263, 242, 0, 0.93%, 0, 0, 4, 13.42, 22, 132, 3
1768735343, 9, 32, 264, 243, 0, 0.93%, 0, 0, 4, 12.02, 22, 132, 3
1768735358, 9, 99, 264, 242, 0, 0.93%, 0, 0, 4, 12.35, 22, 132, 3
1768735363, 9, 99, 265, 243, 0, 0.93%, 0, 0, 4, 8.97, 22, 133, 3
1768735394, 9, 99, 266, 244, 0, 0.93%, 0, 0, 4, 8.69, 22, 133, 3
1768735399, 10, 73, 266, 243, 1, 0.93%, 0, 0, 4, 12.07, 22, 133, 3
1768735414, 10, 73, 267, 244, 1, 0.93%, 0, 0, 4, 7.95, 22, 133, 3
1768735430, 10, 122, 267, 244, 2, 0.93%, 0, 0, 4, 8.58, 22, 133, 3
1768735481, 10, 227, 267, 243, 1, 0.93%, 0, 0, 4, 7.23, 22, 133, 3
1768735518, 10, 246, 267, 242, 0, 0.93%, 0, 0, 4, 7.63, 22, 133, 4
1768735533, 10, 246, 268, 243, 0, 0.93%, 0, 0, 4, 6.04, 22, 134, 4
1768735569, 10, 246, 269, 244, 0, 0.93%, 0, 0, 4, 5.51, 22, 134, 4
1768735574, 11, 130, 269, 243, 0, 0.93%, 0, 0, 4, 8.00, 22, 134, 4
1768735600, 11, 130, 270, 244, 0, 0.93%, 0, 0, 4, 7.03, 22, 134, 4
1768735610, 11, 132, 270, 244, 0, 0.93%, 0, 0, 4, 8.50, 22, 134, 4
1768735646, 11, 238, 270, 243, 0, 0.93%, 0, 0, 4, 8.25, 22, 134, 4
1768735662, 11, 238, 271, 244, 0, 0.93%, 0, 0, 4, 6.46, 22, 134, 4
1768735698, 11, 239, 271, 244, 0, 0.93%, 0, 0, 4, 6.76, 22, 134, 4
1768735739, 11, 241, 271, 243, 0, 0.93%, 0, 0, 4, 6.95, 22, 134, 4
1768735754, 11, 241, 272, 244, 0, 0.93%, 0, 0, 4, 4.74, 22, 134, 4
1768735759, 11, 241, 273, 245, 0, 0.93%, 0, 0, 4, 4.57, 22, 134, 4
1768735764, 11, 241, 274, 246, 0, 0.93%, 0, 0, 4, 4.75, 22, 134, 4
1768735790, 11, 241, 275, 247, 0, 0.93%, 0, 0, 4, 4.44, 22, 134, 4
1768735811, 11, 241, 276, 248, 0, 0.93%, 0, 0, 4, 3.79, 22, 134, 4
1768735853, 12, 39, 276, 247, 2, 0.93%, 0, 0, 4, 7.72, 22, 134, 4
1768735858, 12, 39, 278, 249, 2, 0.93%, 0, 0, 4, 7.10, 22, 134, 4
1768735863, 12, 39, 279, 250, 2, 0.93%, 0, 0, 4, 7.32, 22, 134, 4
1768735904, 12, 68, 279, 249, 2, 0.93%, 0, 0, 4, 10.49, 22, 134, 4
1768735925, 12, 92, 279, 248, 1, 0.93%, 0, 0, 4, 10.39, 22, 134, 5
1768735951, 12, 92, 280, 249, 1, 0.93%, 0, 0, 4, 8.02, 22, 134, 5
1768735967, 12, 114, 280, 248, 0, 0.93%, 0, 0, 4, 9.98, 22, 134, 5
1768735972, 12, 114, 281, 249, 0, 0.93%, 0, 0, 4, 6.68, 22, 134, 5
1768735977, 12, 114, 282, 250, 0, 0.93%, 0, 0, 4, 6.10, 22, 134, 5
1768735998, 12, 114, 283, 251, 0, 0.93%, 0, 0, 4, 5.66, 22, 134, 5
1768736018, 12, 117, 283, 250, 3, 0.93%, 0, 0, 4, 7.97, 22, 134, 5
1768736064, 12, 117, 284, 251, 3, 0.93%, 0, 0, 4, 5.50, 22, 134, 5
1768736070, 12, 173, 284, 250, 3, 0.93%, 0, 0, 4, 6.61, 22, 134, 5
1768736075, 12, 173, 285, 251, 3, 0.93%, 0, 0, 4, 8.72, 22, 134, 5
1768736085, 12, 173, 286, 252, 3, 0.93%, 0, 0, 4, 6.66, 22, 134, 5
1768736100, 12, 173, 287, 253, 3, 0.93%, 0, 0, 4, 6.85, 22, 134, 5
1768736116, 12, 173, 288, 254, 3, 0.93%, 0, 0, 4, 5.68, 22, 134, 5
1768736121, 12, 173, 289, 255, 3, 0.93%, 0, 0, 4, 4.85, 22, 134, 5
1768736142, 13, 135, 289, 254, 0, 0.93%, 0, 0, 4, 6.29, 22, 134, 5
1768736194, 14, 123, 289, 253, 0, 0.93%, 0, 0, 4, 6.46, 22, 134, 5
1768736220, 14, 123, 291, 255, 0, 0.93%, 0, 0, 4, 5.20, 22, 134, 5
