# unix_time, cycles_done, cur_path, paths_total, pending_total, pending_favs, map_size, unique_crashes, unique_hangs, max_depth, execs_per_sec, n_nodes, n_edges, chat_times
1768727075, 0, 0, 3, 3, 2, 0.58%, 0, 0, 2, 11.04, 12, 16, 0
1768727080, 0, 0, 9, 9, 2, 0.59%, 0, 0, 2, 12.22, 13, 22, 0
1768727085, 0, 0, 11, 11, 2, 0.59%, 0, 0, 2, 12.61, 13, 22, 0
1768727090, 0, 0, 13, 13, 2, 0.59%, 0, 0, 2, 12.68, 13, 22, 0
1768727095, 0, 0, 15, 15, 2, 0.60%, 0, 0, 2, 12.30, 13, 24, 0
1768727100, 0, 0, 17, 17, 2, 0.62%, 0, 0, 2, 11.97, 13, 25, 0
1768727111, 0, 0, 18, 18, 2, 0.62%, 0, 0, 2, 11.80, 13, 25, 0
1768727116, 0, 0, 20, 20, 2, 0.63%, 0, 0, 2, 13.76, 13, 26, 0
1768727121, 0, 0, 21, 21, 2, 0.63%, 0, 0, 2, 13.12, 13, 26, 0
1768727126, 0, 0, 24, 24, 2, 0.64%, 0, 0, 2, 13.10, 13, 26, 0
1768727131, 0, 0, 25, 25, 2, 0.64%, 0, 0, 2, 12.67, 13, 26, 0
1768727136, 0, 0, 26, 26, 2, 0.65%, 0, 0, 2, 12.37, 13, 26, 0
1768727157, 0, 0, 27, 27, 2, 0.65%, 0, 0, 2, 13.44, 13, 26, 0
1768727162, 0, 0, 28, 28, 2, 0.65%, 0, 0, 2, 12.33, 13, 29, 0
1768727167, 0, 0, 30, 30, 2, 0.65%, 0, 0, 2, 12.35, 13, 29, 0
1768727172, 0, 0, 33, 33, 2, 0.65%, 0, 0, 2, 12.65, 13, 29, 0
1768727177, 0, 0, 36, 36, 2, 0.65%, 0, 0, 2, 13.46, 13, 29, 0
1768727182, 0, 0, 40, 40, 2, 0.65%, 0, 0, 2, 12.52, 13, 30, 0
1768727187, 0, 0, 41, 41, 2, 0.65%, 0, 0, 2, 11.82, 13, 30, 0
1768727203, 0, 0, 43, 43, 2, 0.66%, 0, 0, 2, 11.45, 13, 31, 0
1768727208, 0, 0, 45, 45, 2, 0.67%, 0, 0, 2, 11.29, 13, 32, 0
1768727228, 0, 0, 46, 46, 2, 0.67%, 0, 0, 2, 13.16, 13, 32, 0
1768727233, 0, 0, 48, 48, 2, 0.67%, 0, 0, 2, 11.60, 13, 32, 0
1768727244, 0, 0, 49, 49, 2, 0.68%, 0, 0, 2, 11.70, 13, 32, 0
1768727249, 0, 25, 50, 49, 0, 0.68%, 0, 0, 3, 13.63, 13, 32, 0
1768727254, 0, 25, 52, 51, 0, 0.68%, 0, 0, 3, 14.16, 13, 32, 0
1768727259, 0, 25, 53, 52, 0, 0.68%, 0, 0, 3, 12.60, 13, 32, 0
1768727264, 0, 25, 54, 53, 0, 0.68%, 0, 0, 3, 12.14, 13, 32, 0
1768727269, 0, 25, 55, 54, 0, 0.68%, 0, 0, 3, 11.88, 13, 32, 0
1768727275, 0, 25, 56, 55, 0, 0.69%, 0, 0, 3, 10.86, 13, 32, 0
1768727280, 0, 25, 59, 58, 0, 0.69%, 0, 0, 3, 9.17, 13, 32, 0
1768727295, 0, 25, 60, 59, 0, 0.69%, 0, 0, 3, 9.63, 13, 32, 0
1768727300, 0, 25, 61, 60, 0, 0.69%, 0, 0, 3, 9.69, 14, 34, 0
1768727305, 0, 25, 63, 62, 0, 0.70%, 0, 0, 3, 9.78, 15, 35, 0
1768727311, 0, 25, 64, 63, 0, 0.70%, 0, 0, 3, 9.69, 15, 35, 0
1768727316, 0, 25, 65, 64, 0, 0.70%, 0, 0, 3, 9.93, 15, 35, 0
1768727326, 0, 25, 66, 65, 0, 0.70%, 0, 0, 3, 9.53, 15, 36, 0
1768727331, 0, 25, 67, 66, 0, 0.70%, 0, 0, 3, 9.63, 15, 36, 0
1768727341, 0, 25, 68, 67, 0, 0.70%, 0, 0, 3, 10.53, 15, 36, 0
1768727346, 0, 25, 69, 68, 0, 0.70%, 0, 0, 3, 8.73, 15, 36, 0
1768727352, 0, 25, 70, 69, 0, 0.70%, 0, 0, 3, 9.80, 15, 36, 0
1768727357, 0, 25, 71, 70, 0, 0.70%, 0, 0, 3, 10.10, 15, 36, 0
1768727367, 1, 0, 72, 70, 2, 0.70%, 0, 0, 3, 16.27, 15, 36, 0
1768727372, 1, 0, 75, 73, 2, 0.71%, 0, 0, 3, 12.47, 16, 43, 0
1768727377, 1, 0, 79, 77, 2, 0.72%, 0, 0, 3, 10.39, 16, 51, 0
1768727382, 1, 0, 81, 79, 2, 0.72%, 0, 0, 3, 10.72, 16, 51, 0
1768727388, 1, 0, 85, 83, 2, 0.73%, 0, 0, 3, 10.72, 16, 56, 0
1768727393, 1, 0, 88, 86, 2, 0.73%, 0, 0, 3, 10.00, 16, 57, 0
1768727398, 1, 0, 89, 87, 2, 0.73%, 0, 0, 3, 11.05, 16, 57, 0
1768727403, 1, 0, 91, 89, 2, 0.73%, 0, 0, 3, 10.63, 16, 57, 0
1768727408, 1, 0, 93, 91, 2, 0.74%, 0, 0, 3, 10.44, 16, 58, 0
1768727413, 1, 0, 94, 92, 2, 0.74%, 0, 0, 3, 12.49, 16, 58, 0
1768727418, 1, 0, 96, 94, 2, 0.74%, 0, 0, 3, 10.01, 17, 63, 0
1768727423, 1, 0, 97, 95, 2, 0.74%, 0, 0, 3, 9.51, 17, 64, 0
1768727429, 1, 0, 99, 97, 2, 0.74%, 0, 0, 3, 8.87, 17, 65, 0
1768727439, 1, 0, 101, 99, 2, 0.77%, 0, 0, 3, 9.13, 18, 69, 0
1768727449, 1, 0, 102, 100, 2, 0.77%, 0, 0, 3, 9.38, 18, 70, 0
1768727454, 1, 0, 103, 101, 2, 0.77%, 0, 0, 3, 8.81, 18, 71, 0
1768727459, 1, 0, 105, 103, 2, 0.77%, 0, 0, 3, 8.63, 18, 74, 0
1768727470, 1, 0, 107, 105, 2, 0.77%, 0, 0, 3, 8.31, 18, 75, 0
1768727480, 1, 0, 109, 107, 2, 0.78%, 0, 0, 3, 9.35, 18, 76, 0
1768727485, 1, 0, 110, 108, 2, 0.78%, 0, 0, 3, 9.83, 18, 76, 0
1768727490, 1, 0, 111, 109, 2, 0.78%, 0, 0, 3, 9.42, 18, 76, 0
1768727495, 1, 0, 113, 111, 2, 0.79%, 0, 0, 3, 9.38, 18, 76, 0
1768727500, 1, 0, 115, 113, 2, 0.80%, 0, 0, 3, 8.53, 18, 76, 0
1768727506, 1, 0, 116, 114, 2, 0.80%, 0, 0, 3, 7.46, 18, 76, 0
1768727521, 1, 0, 116, 114, 1, 0.80%, 0, 0, 3, 11.14, 18, 76, 0
1768727526, 1, 0, 119, 117, 1, 0.80%, 0, 0, 3, 10.62, 19, 84, 0
1768727531, 1, 0, 121, 119, 1, 0.81%, 0, 0, 3, 9.31, 19, 85, 0
1768727537, 1, 0, 123, 121, 1, 0.81%, 0, 0, 3, 9.47, 19, 87, 0
1768727542, 1, 0, 125, 123, 1, 0.81%, 0, 0, 3, 8.10, 19, 88, 0
1768727547, 1, 0, 126, 124, 1, 0.81%, 0, 0, 3, 10.22, 19, 88, 0
1768727552, 1, 0, 127, 125, 1, 0.83%, 0, 0, 3, 9.56, 19, 89, 0
1768727557, 1, 0, 128, 126, 1, 0.83%, 0, 0, 3, 8.40, 19, 90, 0
1768727562, 1, 0, 130, 128, 1, 0.83%, 0, 0, 3, 9.06, 19, 93, 0
1768727573, 1, 0, 131, 129, 1, 0.83%, 0, 0, 3, 9.30, 19, 93, 0
1768727578, 1, 0, 132, 130, 1, 0.83%, 0, 0, 3, 9.32, 19, 95, 0
1768727588, 1, 0, 133, 131, 1, 0.83%, 0, 0, 3, 10.25, 19, 95, 0
1768727599, 1, 0, 135, 133, 1, 0.84%, 0, 0, 3, 8.40, 19, 97, 0
1768727604, 1, 0, 137, 135, 1, 0.84%, 0, 0, 3, 7.40, 19, 99, 0
1768727609, 1, 0, 139, 137, 1, 0.84%, 0, 0, 3, 7.51, 19, 99, 0
1768727619, 1, 0, 141, 139, 1, 0.85%, 0, 0, 3, 7.53, 19, 100, 0
1768727624, 1, 0, 142, 140, 1, 0.85%, 0, 0, 3, 6.90, 19, 100, 0
1768727634, 1, 0, 143, 141, 1, 0.85%, 0, 0, 3, 7.66, 19, 100, 0
