# unix_time, cycles_done, cur_path, paths_total, pending_total, pending_favs, map_size, unique_crashes, unique_hangs, max_depth, execs_per_sec, n_nodes, n_edges, chat_times
1768679929, 0, 0, 2, 2, 2, 0.57%, 0, 0, 1, 14.42, 10, 11, 0
1768679934, 0, 0, 11, 11, 2, 0.60%, 0, 0, 2, 15.72, 13, 22, 0
1768679940, 0, 0, 12, 12, 2, 0.60%, 0, 0, 2, 15.94, 13, 22, 0
1768679953, 0, 0, 14, 14, 2, 0.60%, 0, 0, 2, 17.42, 13, 22, 0
1768679958, 0, 0, 16, 16, 2, 0.61%, 0, 0, 2, 16.35, 13, 22, 0
1768679963, 0, 0, 17, 17, 2, 0.62%, 0, 0, 2, 16.20, 13, 22, 0
1768679972, 0, 0, 18, 18, 2, 0.62%, 0, 0, 2, 16.48, 13, 23, 0
1768679977, 0, 0, 19, 19, 2, 0.62%, 0, 0, 2, 15.90, 13, 23, 0
1768679984, 0, 0, 21, 21, 2, 0.62%, 0, 0, 2, 16.72, 13, 23, 0
1768679994, 0, 0, 22, 22, 2, 0.62%, 0, 0, 2, 15.39, 13, 23, 0
1768680005, 0, 0, 23, 23, 2, 0.64%, 0, 0, 2, 15.77, 13, 23, 0
1768680015, 0, 0, 24, 24, 2, 0.64%, 0, 0, 2, 16.78, 13, 23, 0
1768680020, 0, 0, 25, 25, 2, 0.64%, 0, 0, 2, 16.51, 13, 23, 0
1768680026, 0, 0, 26, 26, 2, 0.64%, 0, 0, 2, 16.94, 13, 24, 0
1768680039, 0, 0, 27, 27, 2, 0.64%, 0, 0, 2, 16.66, 13, 25, 0
